,bench,query,orig/rewr(med),orig(med),rewr(med),0ma,#relations,#conditions,#filters,#joins,total cost,min(table rows),max(table rows),mean(table rows),q25(table rows),median(table rows),q75(table rows),min(join rows),max(join rows),mean(join rows),q25(join rows),median(join rows),q75(join rows),depth,min(container counts),max(container counts),mean(container counts),q25(container counts),median(container counts),q75(container counts),min(branching factors),max(branching factors),mean(branching factors),median(branching factors),q25(branching factors),q75(branching factors),hypergraph,is_base,diff rewr-orig
0,STATS,001-014-full1,orig,0.03788018226623535,0.08295345306396484,0,3,7,5,2,11475.41,1,168966,56650.66666666666,493.0,985.0,84975.5,84.0,46335.0,23209.5,11646.75,23209.5,34772.25,1,1,3,1.1333333333333333,1.0,1.0,1.0,2,2,2.0,2.0,2.0,2.0,"Hypergraph(num_v=17, num_e=3)",True,0.04507327079772949
1,STATS,001-014-full2,orig,0.03778505325317383,0.08245158195495605,0,3,7,5,2,11475.41,1,168966,56650.66666666666,493.0,985.0,84975.5,84.0,46335.0,23209.5,11646.75,23209.5,34772.25,1,1,3,1.1333333333333333,1.0,1.0,1.0,2,2,2.0,2.0,2.0,2.0,"Hypergraph(num_v=17, num_e=3)",True,0.04466652870178223
2,STATS,001-014-full3,orig,0.038272857666015625,0.08548593521118164,0,3,7,5,2,11475.41,1,168966,56650.66666666666,493.0,985.0,84975.5,84.0,46335.0,23209.5,11646.75,23209.5,34772.25,1,1,3,1.1333333333333333,1.0,1.0,1.0,2,2,2.0,2.0,2.0,2.0,"Hypergraph(num_v=17, num_e=3)",True,0.047213077545166016
3,STATS,001-014-augF1-full1,orig,0.03761172294616699,0.08422040939331055,0,3,7,5,2,11412.99,1,168966,56588.333333333336,399.5,798.0,84882.0,68.0,37533.0,18800.5,9434.25,18800.5,28166.75,1,1,3,1.1333333333333333,1.0,1.0,1.0,2,2,2.0,2.0,2.0,2.0,"Hypergraph(num_v=17, num_e=3)",False,0.046608686447143555
4,STATS,001-014-augF1-full2,orig,0.03772568702697754,0.08310413360595703,0,3,7,5,2,11412.99,1,168966,56588.333333333336,399.5,798.0,84882.0,68.0,37533.0,18800.5,9434.25,18800.5,28166.75,1,1,3,1.1333333333333333,1.0,1.0,1.0,2,2,2.0,2.0,2.0,2.0,"Hypergraph(num_v=17, num_e=3)",False,0.04537844657897949
5,STATS,001-014-augF1-full3,orig,0.03736519813537598,0.0845785140991211,0,3,7,5,2,11412.99,1,168966,56588.333333333336,399.5,798.0,84882.0,68.0,37533.0,18800.5,9434.25,18800.5,28166.75,1,1,3,1.1333333333333333,1.0,1.0,1.0,2,2,2.0,2.0,2.0,2.0,"Hypergraph(num_v=17, num_e=3)",False,0.04721331596374512
6,STATS,001-014-augF2-full1,orig,0.0377960205078125,0.0827646255493164,0,3,7,5,2,11475.41,1,168966,56650.66666666666,493.0,985.0,84975.5,84.0,46443.0,23263.5,11673.75,23263.5,34853.25,1,1,3,1.1333333333333333,1.0,1.0,1.0,2,2,2.0,2.0,2.0,2.0,"Hypergraph(num_v=17, num_e=3)",False,0.044968605041503906
7,STATS,001-014-augF2-full2,orig,0.03799605369567871,0.08256840705871582,0,3,7,5,2,11475.41,1,168966,56650.66666666666,493.0,985.0,84975.5,84.0,46443.0,23263.5,11673.75,23263.5,34853.25,1,1,3,1.1333333333333333,1.0,1.0,1.0,2,2,2.0,2.0,2.0,2.0,"Hypergraph(num_v=17, num_e=3)",False,0.04457235336303711
8,STATS,001-014-augF2-full3,orig,0.03786492347717285,0.0829014778137207,0,3,7,5,2,11475.41,1,168966,56650.66666666666,493.0,985.0,84975.5,84.0,46443.0,23263.5,11673.75,23263.5,34853.25,1,1,3,1.1333333333333333,1.0,1.0,1.0,2,2,2.0,2.0,2.0,2.0,"Hypergraph(num_v=17, num_e=3)",False,0.04503655433654785
9,STATS,002-048-full1,orig,0.07042741775512695,0.3760232925415039,0,5,7,3,4,34576.81,1,192979,89375.6,285.0,80960.0,172653.0,208.0,171248682.0,42865883.5,7192.0,107322.0,42966013.5,1,1,5,1.1904761904761905,1.0,1.0,1.0,4,4,4.0,4.0,4.0,4.0,"Hypergraph(num_v=25, num_e=5)",True,0.30559587478637695
10,STATS,002-048-full2,orig,0.084716796875,0.37377333641052246,0,5,7,3,4,34576.81,1,192979,89375.6,285.0,80960.0,172653.0,208.0,171248682.0,42865883.5,7192.0,107322.0,42966013.5,1,1,5,1.1904761904761905,1.0,1.0,1.0,4,4,4.0,4.0,4.0,4.0,"Hypergraph(num_v=25, num_e=5)",True,0.28905653953552246
11,STATS,002-048-full3,orig,0.07013177871704102,0.3759915828704834,0,5,7,3,4,34576.81,1,192979,89375.6,285.0,80960.0,172653.0,208.0,171248682.0,42865883.5,7192.0,107322.0,42966013.5,1,1,5,1.1904761904761905,1.0,1.0,1.0,4,4,4.0,4.0,4.0,4.0,"Hypergraph(num_v=25, num_e=5)",True,0.3058598041534424
12,STATS,002-048-augF1-full1,orig,0.06452512741088867,0.3769662380218506,0,5,7,3,4,18819.76,285,192979,89906.8,2657.0,80960.0,172653.0,784.0,14099149.0,3529542.25,1207.0,9118.0,3537453.25,1,1,5,1.1904761904761905,1.0,1.0,1.0,4,4,4.0,4.0,4.0,4.0,"Hypergraph(num_v=25, num_e=5)",False,0.3124411106109619
13,STATS,002-048-augF1-full2,orig,0.06414937973022461,0.36661219596862793,0,5,7,3,4,18819.76,285,192979,89906.8,2657.0,80960.0,172653.0,784.0,14099149.0,3529542.25,1207.0,9118.0,3537453.25,1,1,5,1.1904761904761905,1.0,1.0,1.0,4,4,4.0,4.0,4.0,4.0,"Hypergraph(num_v=25, num_e=5)",False,0.3024628162384033
14,STATS,002-048-augF1-full3,orig,0.06393218040466309,0.36905336380004883,0,5,7,3,4,18819.76,285,192979,89906.8,2657.0,80960.0,172653.0,784.0,14099149.0,3529542.25,1207.0,9118.0,3537453.25,1,1,5,1.1904761904761905,1.0,1.0,1.0,4,4,4.0,4.0,4.0,4.0,"Hypergraph(num_v=25, num_e=5)",False,0.30512118339538574
15,STATS,002-048-augF2-full1,orig,0.061281681060791016,0.14194679260253906,0,5,7,3,4,21168.4,285,328064,90423.8,10538.0,32272.0,80960.0,8110.0,10452455.0,2636872.75,20297.5,43463.0,2660038.25,1,1,5,1.1904761904761905,1.0,1.0,1.0,4,4,4.0,4.0,4.0,4.0,"Hypergraph(num_v=25, num_e=5)",False,0.08066511154174805
16,STATS,002-048-augF2-full2,orig,0.06166696548461914,0.14248299598693848,0,5,7,3,4,21168.4,285,328064,90423.8,10538.0,32272.0,80960.0,8110.0,10452455.0,2636872.75,20297.5,43463.0,2660038.25,1,1,5,1.1904761904761905,1.0,1.0,1.0,4,4,4.0,4.0,4.0,4.0,"Hypergraph(num_v=25, num_e=5)",False,0.08081603050231934
17,STATS,002-048-augF2-full3,orig,0.06128430366516113,0.1450212001800537,0,5,7,3,4,21168.4,285,328064,90423.8,10538.0,32272.0,80960.0,8110.0,10452455.0,2636872.75,20297.5,43463.0,2660038.25,1,1,5,1.1904761904761905,1.0,1.0,1.0,4,4,4.0,4.0,4.0,4.0,"Hypergraph(num_v=25, num_e=5)",False,0.08373689651489258
18,STATS,003-067-full1,orig,0.06573486328125,0.36712169647216797,0,6,17,12,5,17232.0,1,192979,51295.833333333336,2716.25,18183.0,65197.0,44.0,4321.0,1724.8,59.0,63.0,4137.0,1,1,4,1.15625,1.0,1.0,1.0,5,5,5.0,5.0,5.0,5.0,"Hypergraph(num_v=37, num_e=6)",True,0.30138683319091797
19,STATS,003-067-full2,orig,0.06528639793395996,0.36565256118774414,0,6,17,12,5,17232.0,1,192979,51295.833333333336,2716.25,18183.0,65197.0,44.0,4321.0,1724.8,59.0,63.0,4137.0,1,1,4,1.15625,1.0,1.0,1.0,5,5,5.0,5.0,5.0,5.0,"Hypergraph(num_v=37, num_e=6)",True,0.3003661632537842
20,STATS,003-067-full3,orig,0.0639798641204834,0.34862709045410156,0,6,17,12,5,17232.0,1,192979,51295.833333333336,2716.25,18183.0,65197.0,44.0,4321.0,1724.8,59.0,63.0,4137.0,1,1,4,1.15625,1.0,1.0,1.0,5,5,5.0,5.0,5.0,5.0,"Hypergraph(num_v=37, num_e=6)",True,0.28464722633361816
21,STATS,003-067-augF1-full1,orig,0.06523394584655762,0.36519646644592285,0,6,17,12,5,17218.5,1,192979,51295.833333333336,2716.25,18183.0,65197.0,42.0,4321.0,1708.6,58.0,62.0,4060.0,1,1,4,1.15625,1.0,1.0,1.0,5,5,5.0,5.0,5.0,5.0,"Hypergraph(num_v=37, num_e=6)",False,0.29996252059936523
22,STATS,003-067-augF1-full2,orig,0.06457948684692383,0.3557932376861572,0,6,17,12,5,17218.5,1,192979,51295.833333333336,2716.25,18183.0,65197.0,42.0,4321.0,1708.6,58.0,62.0,4060.0,1,1,4,1.15625,1.0,1.0,1.0,5,5,5.0,5.0,5.0,5.0,"Hypergraph(num_v=37, num_e=6)",False,0.2912137508392334
23,STATS,003-067-augF1-full3,orig,0.06517696380615234,0.35409069061279297,0,6,17,12,5,17218.5,1,192979,51295.833333333336,2716.25,18183.0,65197.0,42.0,4321.0,1708.6,58.0,62.0,4060.0,1,1,4,1.15625,1.0,1.0,1.0,5,5,5.0,5.0,5.0,5.0,"Hypergraph(num_v=37, num_e=6)",False,0.2889137268066406
24,STATS,003-067-augF2-full1,orig,0.06506013870239258,0.3510110378265381,0,6,17,12,5,17238.4,1,192979,51295.833333333336,2716.25,18183.0,65197.0,44.0,4321.0,1732.4,59.0,63.0,4175.0,1,1,4,1.15625,1.0,1.0,1.0,5,5,5.0,5.0,5.0,5.0,"Hypergraph(num_v=37, num_e=6)",False,0.2859508991241455
25,STATS,003-067-augF2-full2,orig,0.06557631492614746,0.354053258895874,0,6,17,12,5,17238.4,1,192979,51295.833333333336,2716.25,18183.0,65197.0,44.0,4321.0,1732.4,59.0,63.0,4175.0,1,1,4,1.15625,1.0,1.0,1.0,5,5,5.0,5.0,5.0,5.0,"Hypergraph(num_v=37, num_e=6)",False,0.28847694396972656
26,STATS,003-067-augF2-full3,orig,0.06493759155273438,0.3660118579864502,0,6,17,12,5,17238.4,1,192979,51295.833333333336,2716.25,18183.0,65197.0,44.0,4321.0,1732.4,59.0,63.0,4175.0,1,1,4,1.15625,1.0,1.0,1.0,5,5,5.0,5.0,5.0,5.0,"Hypergraph(num_v=37, num_e=6)",False,0.3010742664337158
27,STATS,004-041-full1,orig,0.02356243133544922,0.07765913009643555,0,4,15,12,3,5416.47,1,80694,23278.5,568.0,6209.5,28920.0,86.0,168.0,116.66666666666669,91.0,96.0,132.0,1,1,3,1.1428571428571428,1.0,1.0,1.0,3,3,3.0,3.0,3.0,3.0,"Hypergraph(num_v=24, num_e=4)",True,0.05409669876098633
28,STATS,004-041-full2,orig,0.02433156967163086,0.08031678199768066,0,4,15,12,3,5416.47,1,80694,23278.5,568.0,6209.5,28920.0,86.0,168.0,116.66666666666669,91.0,96.0,132.0,1,1,3,1.1428571428571428,1.0,1.0,1.0,3,3,3.0,3.0,3.0,3.0,"Hypergraph(num_v=24, num_e=4)",True,0.055985212326049805
29,STATS,004-041-full3,orig,0.023485660552978516,0.07567834854125977,0,4,15,12,3,5416.47,1,80694,23278.5,568.0,6209.5,28920.0,86.0,168.0,116.66666666666669,91.0,96.0,132.0,1,1,3,1.1428571428571428,1.0,1.0,1.0,3,3,3.0,3.0,3.0,3.0,"Hypergraph(num_v=24, num_e=4)",True,0.05219268798828125
30,STATS,004-041-augF1-full1,orig,0.021997451782226562,0.07502603530883789,0,4,15,12,3,5161.3,1,80694,20588.25,568.0,829.0,20849.25,6.0,12.0,8.333333333333334,6.5,7.0,9.5,1,1,3,1.1428571428571428,1.0,1.0,1.0,3,3,3.0,3.0,3.0,3.0,"Hypergraph(num_v=24, num_e=4)",False,0.05302858352661133
31,STATS,004-041-augF1-full2,orig,0.02150893211364746,0.07077598571777344,0,4,15,12,3,5161.3,1,80694,20588.25,568.0,829.0,20849.25,6.0,12.0,8.333333333333334,6.5,7.0,9.5,1,1,3,1.1428571428571428,1.0,1.0,1.0,3,3,3.0,3.0,3.0,3.0,"Hypergraph(num_v=24, num_e=4)",False,0.04926705360412598
32,STATS,004-041-augF1-full3,orig,0.021697282791137695,0.0726010799407959,0,4,15,12,3,5161.3,1,80694,20588.25,568.0,829.0,20849.25,6.0,12.0,8.333333333333334,6.5,7.0,9.5,1,1,3,1.1428571428571428,1.0,1.0,1.0,3,3,3.0,3.0,3.0,3.0,"Hypergraph(num_v=24, num_e=4)",False,0.0509037971496582
33,STATS,004-041-augF2-full1,orig,0.024115800857543945,0.07739710807800293,0,4,15,12,3,5418.37,1,80694,23286.25,591.25,6225.0,28920.0,89.0,174.0,121.0,94.5,100.0,137.0,1,1,3,1.1428571428571428,1.0,1.0,1.0,3,3,3.0,3.0,3.0,3.0,"Hypergraph(num_v=24, num_e=4)",False,0.053281307220458984
34,STATS,004-041-augF2-full2,orig,0.024376869201660156,0.07631993293762207,0,4,15,12,3,5418.37,1,80694,23286.25,591.25,6225.0,28920.0,89.0,174.0,121.0,94.5,100.0,137.0,1,1,3,1.1428571428571428,1.0,1.0,1.0,3,3,3.0,3.0,3.0,3.0,"Hypergraph(num_v=24, num_e=4)",False,0.051943063735961914
35,STATS,004-041-augF2-full3,orig,0.024930715560913086,0.07598257064819336,0,4,15,12,3,5418.37,1,80694,23286.25,591.25,6225.0,28920.0,89.0,174.0,121.0,94.5,100.0,137.0,1,1,3,1.1428571428571428,1.0,1.0,1.0,3,3,3.0,3.0,3.0,3.0,"Hypergraph(num_v=24, num_e=4)",False,0.05105185508728027
36,STATS,005-024-full1,orig,0.023257732391357422,0.07966971397399902,0,3,5,3,2,8853.89,1,80960,27253.0,399.5,798.0,40879.0,85.0,384.0,234.5,159.75,234.5,309.25,1,1,3,1.1538461538461535,1.0,1.0,1.0,2,2,2.0,2.0,2.0,2.0,"Hypergraph(num_v=15, num_e=3)",True,0.0564119815826416
37,STATS,005-024-full2,orig,0.023270606994628906,0.07766985893249512,0,3,5,3,2,8853.89,1,80960,27253.0,399.5,798.0,40879.0,85.0,384.0,234.5,159.75,234.5,309.25,1,1,3,1.1538461538461535,1.0,1.0,1.0,2,2,2.0,2.0,2.0,2.0,"Hypergraph(num_v=15, num_e=3)",True,0.05439925193786621
38,STATS,005-024-full3,orig,0.02322077751159668,0.07676863670349121,0,3,5,3,2,8853.89,1,80960,27253.0,399.5,798.0,40879.0,85.0,384.0,234.5,159.75,234.5,309.25,1,1,3,1.1538461538461535,1.0,1.0,1.0,2,2,2.0,2.0,2.0,2.0,"Hypergraph(num_v=15, num_e=3)",True,0.05354785919189453
39,STATS,005-024-augF1-full1,orig,0.023185253143310547,0.07737231254577637,0,3,5,3,2,8843.12,1,80960,27242.666666666668,384.0,767.0,40863.5,82.0,369.0,225.5,153.75,225.5,297.25,1,1,3,1.1538461538461535,1.0,1.0,1.0,2,2,2.0,2.0,2.0,2.0,"Hypergraph(num_v=15, num_e=3)",False,0.05418705940246582
40,STATS,005-024-augF1-full2,orig,0.022479772567749023,0.07730317115783691,0,3,5,3,2,8843.12,1,80960,27242.666666666668,384.0,767.0,40863.5,82.0,369.0,225.5,153.75,225.5,297.25,1,1,3,1.1538461538461535,1.0,1.0,1.0,2,2,2.0,2.0,2.0,2.0,"Hypergraph(num_v=15, num_e=3)",False,0.05482339859008789
41,STATS,005-024-augF1-full3,orig,0.0228269100189209,0.07697200775146484,0,3,5,3,2,8843.12,1,80960,27242.666666666668,384.0,767.0,40863.5,82.0,369.0,225.5,153.75,225.5,297.25,1,1,3,1.1538461538461535,1.0,1.0,1.0,2,2,2.0,2.0,2.0,2.0,"Hypergraph(num_v=15, num_e=3)",False,0.054145097732543945
42,STATS,005-024-augF2-full1,orig,0.025438308715820312,0.07032132148742676,0,3,5,3,2,8339.16,8,80960,27255.33333333333,403.0,798.0,40879.0,1.0,16.0,8.5,4.75,8.5,12.25,1,1,3,1.1538461538461535,1.0,1.0,1.0,2,2,2.0,2.0,2.0,2.0,"Hypergraph(num_v=15, num_e=3)",False,0.044883012771606445
43,STATS,005-024-augF2-full2,orig,0.025246858596801758,0.071746826171875,0,3,5,3,2,8339.16,8,80960,27255.33333333333,403.0,798.0,40879.0,1.0,16.0,8.5,4.75,8.5,12.25,1,1,3,1.1538461538461535,1.0,1.0,1.0,2,2,2.0,2.0,2.0,2.0,"Hypergraph(num_v=15, num_e=3)",False,0.04649996757507324
44,STATS,005-024-augF2-full3,orig,0.02609562873840332,0.07081842422485352,0,3,5,3,2,8339.16,8,80960,27255.33333333333,403.0,798.0,40879.0,1.0,16.0,8.5,4.75,8.5,12.25,1,1,3,1.1538461538461535,1.0,1.0,1.0,2,2,2.0,2.0,2.0,2.0,"Hypergraph(num_v=15, num_e=3)",False,0.044722795486450195
45,STATS,006-054-full1,orig,0.0347447395324707,0.24509787559509277,0,5,10,6,4,8319.71,1,174305,53475.4,1533.0,10578.0,80960.0,165.0,1499.0,541.0,173.25,250.0,617.75,1,1,3,1.0740740740740742,1.0,1.0,1.0,4,4,4.0,4.0,4.0,4.0,"Hypergraph(num_v=29, num_e=5)",True,0.21035313606262207
46,STATS,006-054-full2,orig,0.03460049629211426,0.22229576110839844,0,5,10,6,4,8319.71,1,174305,53475.4,1533.0,10578.0,80960.0,165.0,1499.0,541.0,173.25,250.0,617.75,1,1,3,1.0740740740740742,1.0,1.0,1.0,4,4,4.0,4.0,4.0,4.0,"Hypergraph(num_v=29, num_e=5)",True,0.18769526481628418
47,STATS,006-054-full3,orig,0.034711360931396484,0.2490854263305664,0,5,10,6,4,8319.71,1,174305,53475.4,1533.0,10578.0,80960.0,165.0,1499.0,541.0,173.25,250.0,617.75,1,1,3,1.0740740740740742,1.0,1.0,1.0,4,4,4.0,4.0,4.0,4.0,"Hypergraph(num_v=29, num_e=5)",True,0.21437406539916992
48,STATS,006-054-augF1-full1,orig,0.03669619560241699,0.23046040534973145,0,5,10,6,4,8191.95,1,174305,53223.2,272.0,10578.0,80960.0,29.0,267.0,96.0,30.5,44.0,109.5,1,1,3,1.0740740740740742,1.0,1.0,1.0,4,4,4.0,4.0,4.0,4.0,"Hypergraph(num_v=29, num_e=5)",False,0.19376420974731445
49,STATS,006-054-augF1-full2,orig,0.03892397880554199,0.25902724266052246,0,5,10,6,4,8191.95,1,174305,53223.2,272.0,10578.0,80960.0,29.0,267.0,96.0,30.5,44.0,109.5,1,1,3,1.0740740740740742,1.0,1.0,1.0,4,4,4.0,4.0,4.0,4.0,"Hypergraph(num_v=29, num_e=5)",False,0.22010326385498047
50,STATS,006-054-augF1-full3,orig,0.03669619560241699,0.24560165405273438,0,5,10,6,4,8191.95,1,174305,53223.2,272.0,10578.0,80960.0,29.0,267.0,96.0,30.5,44.0,109.5,1,1,3,1.0740740740740742,1.0,1.0,1.0,4,4,4.0,4.0,4.0,4.0,"Hypergraph(num_v=29, num_e=5)",False,0.20890545845031738
51,STATS,006-054-augF2-full1,orig,0.03528165817260742,0.2511563301086426,0,5,10,6,4,8319.93,1,174305,53475.0,1531.0,10578.0,80960.0,165.0,1497.0,540.5,173.25,250.0,617.25,1,1,3,1.0740740740740742,1.0,1.0,1.0,4,4,4.0,4.0,4.0,4.0,"Hypergraph(num_v=29, num_e=5)",False,0.21587467193603516
52,STATS,006-054-augF2-full2,orig,0.03468513488769531,0.25092077255249023,0,5,10,6,4,8319.93,1,174305,53475.0,1531.0,10578.0,80960.0,165.0,1497.0,540.5,173.25,250.0,617.25,1,1,3,1.0740740740740742,1.0,1.0,1.0,4,4,4.0,4.0,4.0,4.0,"Hypergraph(num_v=29, num_e=5)",False,0.21623563766479492
53,STATS,006-054-augF2-full3,orig,0.03460240364074707,0.24358582496643066,0,5,10,6,4,8319.93,1,174305,53475.0,1531.0,10578.0,80960.0,165.0,1497.0,540.5,173.25,250.0,617.25,1,1,3,1.0740740740740742,1.0,1.0,1.0,4,4,4.0,4.0,4.0,4.0,"Hypergraph(num_v=29, num_e=5)",False,0.2089834213256836
54,STATS,007-057-full1,orig,0.04339098930358887,0.23425555229187012,0,5,11,7,4,10161.7,1,91976,34968.8,998.0,1032.0,80837.0,2.0,596.0,163.5,5.0,28.0,186.5,1,1,4,1.1666666666666667,1.0,1.0,1.0,4,4,4.0,4.0,4.0,4.0,"Hypergraph(num_v=28, num_e=5)",True,0.19086456298828125
55,STATS,007-057-full2,orig,0.04264378547668457,0.21714138984680176,0,5,11,7,4,10161.7,1,91976,34968.8,998.0,1032.0,80837.0,2.0,596.0,163.5,5.0,28.0,186.5,1,1,4,1.1666666666666667,1.0,1.0,1.0,4,4,4.0,4.0,4.0,4.0,"Hypergraph(num_v=28, num_e=5)",True,0.1744976043701172
56,STATS,007-057-full3,orig,0.04264235496520996,0.222212553024292,0,5,11,7,4,10161.7,1,91976,34968.8,998.0,1032.0,80837.0,2.0,596.0,163.5,5.0,28.0,186.5,1,1,4,1.1666666666666667,1.0,1.0,1.0,4,4,4.0,4.0,4.0,4.0,"Hypergraph(num_v=28, num_e=5)",True,0.17957019805908203
57,STATS,007-057-augF1-full1,orig,0.04147696495056152,0.21873235702514648,0,5,11,7,4,10161.7,1,91976,34968.8,998.0,1032.0,80837.0,2.0,596.0,163.5,5.0,28.0,186.5,1,1,4,1.1666666666666667,1.0,1.0,1.0,4,4,4.0,4.0,4.0,4.0,"Hypergraph(num_v=28, num_e=5)",False,0.17725539207458496
58,STATS,007-057-augF1-full2,orig,0.04260849952697754,0.21861505508422852,0,5,11,7,4,10161.7,1,91976,34968.8,998.0,1032.0,80837.0,2.0,596.0,163.5,5.0,28.0,186.5,1,1,4,1.1666666666666667,1.0,1.0,1.0,4,4,4.0,4.0,4.0,4.0,"Hypergraph(num_v=28, num_e=5)",False,0.17600655555725098
59,STATS,007-057-augF1-full3,orig,0.041509389877319336,0.22964739799499512,0,5,11,7,4,10161.7,1,91976,34968.8,998.0,1032.0,80837.0,2.0,596.0,163.5,5.0,28.0,186.5,1,1,4,1.1666666666666667,1.0,1.0,1.0,4,4,4.0,4.0,4.0,4.0,"Hypergraph(num_v=28, num_e=5)",False,0.18813800811767578
60,STATS,007-057-augF2-full1,orig,0.04253029823303223,0.22369909286499023,0,5,11,7,4,10163.44,1,91976,34973.6,1022.0,1032.0,80837.0,2.0,596.0,163.75,5.0,28.5,187.25,1,1,4,1.1666666666666667,1.0,1.0,1.0,4,4,4.0,4.0,4.0,4.0,"Hypergraph(num_v=28, num_e=5)",False,0.181168794631958
61,STATS,007-057-augF2-full2,orig,0.043306589126586914,0.24090099334716797,0,5,11,7,4,10163.44,1,91976,34973.6,1022.0,1032.0,80837.0,2.0,596.0,163.75,5.0,28.5,187.25,1,1,4,1.1666666666666667,1.0,1.0,1.0,4,4,4.0,4.0,4.0,4.0,"Hypergraph(num_v=28, num_e=5)",False,0.19759440422058105
62,STATS,007-057-augF2-full3,orig,0.04422450065612793,0.23516011238098145,0,5,11,7,4,10163.44,1,91976,34973.6,1022.0,1032.0,80837.0,2.0,596.0,163.75,5.0,28.5,187.25,1,1,4,1.1666666666666667,1.0,1.0,1.0,4,4,4.0,4.0,4.0,4.0,"Hypergraph(num_v=28, num_e=5)",False,0.19093561172485352
63,STATS,008-045-full1,orig,0.05916762351989746,0.18755888938903809,0,4,11,8,3,15439.7,946,192979,91319.25,60367.0,85676.0,116628.25,480.0,173240.0,58435.0,1032.5,1585.0,87412.5,1,1,4,1.1764705882352942,1.0,1.0,1.0,3,3,3.0,3.0,3.0,3.0,"Hypergraph(num_v=20, num_e=4)",True,0.12839126586914062
64,STATS,008-045-full2,orig,0.05933499336242676,0.1890707015991211,0,4,11,8,3,15439.7,946,192979,91319.25,60367.0,85676.0,116628.25,480.0,173240.0,58435.0,1032.5,1585.0,87412.5,1,1,4,1.1764705882352942,1.0,1.0,1.0,3,3,3.0,3.0,3.0,3.0,"Hypergraph(num_v=20, num_e=4)",True,0.12973570823669434
65,STATS,008-045-full3,orig,0.0588686466217041,0.18828845024108887,0,4,11,8,3,15439.7,946,192979,91319.25,60367.0,85676.0,116628.25,480.0,173240.0,58435.0,1032.5,1585.0,87412.5,1,1,4,1.1764705882352942,1.0,1.0,1.0,3,3,3.0,3.0,3.0,3.0,"Hypergraph(num_v=20, num_e=4)",True,0.12941980361938477
66,STATS,008-045-augF1-full1,orig,0.05683326721191406,0.17802119255065918,0,4,11,8,3,15323.68,946,192979,85905.0,52377.25,74847.5,108375.25,480.0,132091.0,44718.66666666666,1032.5,1585.0,66838.0,1,1,4,1.1764705882352942,1.0,1.0,1.0,3,3,3.0,3.0,3.0,3.0,"Hypergraph(num_v=20, num_e=4)",False,0.12118792533874512
67,STATS,008-045-augF1-full2,orig,0.05696415901184082,0.1784367561340332,0,4,11,8,3,15323.68,946,192979,85905.0,52377.25,74847.5,108375.25,480.0,132091.0,44718.66666666666,1032.5,1585.0,66838.0,1,1,4,1.1764705882352942,1.0,1.0,1.0,3,3,3.0,3.0,3.0,3.0,"Hypergraph(num_v=20, num_e=4)",False,0.12147259712219238
68,STATS,008-045-augF1-full3,orig,0.05711674690246582,0.17708516120910645,0,4,11,8,3,15323.68,946,192979,85905.0,52377.25,74847.5,108375.25,480.0,132091.0,44718.66666666666,1032.5,1585.0,66838.0,1,1,4,1.1764705882352942,1.0,1.0,1.0,3,3,3.0,3.0,3.0,3.0,"Hypergraph(num_v=20, num_e=4)",False,0.11996841430664062
69,STATS,008-045-augF2-full1,orig,0.0580296516418457,0.1822521686553955,0,4,11,8,3,15226.33,946,192979,85918.5,44164.75,74874.5,116628.25,480.0,126560.0,42732.66666666666,819.0,1158.0,63859.0,1,1,4,1.1764705882352942,1.0,1.0,1.0,3,3,3.0,3.0,3.0,3.0,"Hypergraph(num_v=20, num_e=4)",False,0.1242225170135498
70,STATS,008-045-augF2-full2,orig,0.057591915130615234,0.1799180507659912,0,4,11,8,3,15226.33,946,192979,85918.5,44164.75,74874.5,116628.25,480.0,126560.0,42732.66666666666,819.0,1158.0,63859.0,1,1,4,1.1764705882352942,1.0,1.0,1.0,3,3,3.0,3.0,3.0,3.0,"Hypergraph(num_v=20, num_e=4)",False,0.12232613563537598
71,STATS,008-045-augF2-full3,orig,0.057668209075927734,0.18072891235351562,0,4,11,8,3,15226.33,946,192979,85918.5,44164.75,74874.5,116628.25,480.0,126560.0,42732.66666666666,819.0,1158.0,63859.0,1,1,4,1.1764705882352942,1.0,1.0,1.0,3,3,3.0,3.0,3.0,3.0,"Hypergraph(num_v=20, num_e=4)",False,0.12306070327758789
72,STATS,009-033-full1,orig,0.0462801456451416,0.23682117462158203,0,4,12,9,3,17170.71,1,178345,88414.25,754.75,87655.5,175315.0,80.0,4875424.0,1626302.3333333333,1741.5,3403.0,2439413.5,1,1,4,1.1578947368421053,1.0,1.0,1.0,3,3,3.0,3.0,3.0,3.0,"Hypergraph(num_v=22, num_e=4)",True,0.19054102897644043
73,STATS,009-033-full2,orig,0.04680275917053223,0.23986124992370605,0,4,12,9,3,17170.71,1,178345,88414.25,754.75,87655.5,175315.0,80.0,4875424.0,1626302.3333333333,1741.5,3403.0,2439413.5,1,1,4,1.1578947368421053,1.0,1.0,1.0,3,3,3.0,3.0,3.0,3.0,"Hypergraph(num_v=22, num_e=4)",True,0.19305849075317383
74,STATS,009-033-full3,orig,0.04650115966796875,0.24083185195922852,0,4,12,9,3,17170.71,1,178345,88414.25,754.75,87655.5,175315.0,80.0,4875424.0,1626302.3333333333,1741.5,3403.0,2439413.5,1,1,4,1.1578947368421053,1.0,1.0,1.0,3,3,3.0,3.0,3.0,3.0,"Hypergraph(num_v=22, num_e=4)",True,0.19433069229125977
75,STATS,009-033-augF1-full1,orig,0.04677104949951172,0.2406322956085205,0,4,12,9,3,17161.57,1,178345,88414.25,754.75,87655.5,175315.0,79.0,4825782.0,1609743.0,1723.5,3368.0,2414575.0,1,1,4,1.1578947368421053,1.0,1.0,1.0,3,3,3.0,3.0,3.0,3.0,"Hypergraph(num_v=22, num_e=4)",False,0.1938612461090088
76,STATS,009-033-augF1-full2,orig,0.04559731483459473,0.23948454856872559,0,4,12,9,3,17161.57,1,178345,88414.25,754.75,87655.5,175315.0,79.0,4825782.0,1609743.0,1723.5,3368.0,2414575.0,1,1,4,1.1578947368421053,1.0,1.0,1.0,3,3,3.0,3.0,3.0,3.0,"Hypergraph(num_v=22, num_e=4)",False,0.19388723373413086
77,STATS,009-033-augF1-full3,orig,0.04577803611755371,0.23752737045288086,0,4,12,9,3,17161.57,1,178345,88414.25,754.75,87655.5,175315.0,79.0,4825782.0,1609743.0,1723.5,3368.0,2414575.0,1,1,4,1.1578947368421053,1.0,1.0,1.0,3,3,3.0,3.0,3.0,3.0,"Hypergraph(num_v=22, num_e=4)",False,0.19174933433532715
78,STATS,009-033-augF2-full1,orig,0.04551553726196289,0.2387714385986328,0,4,12,9,3,17209.28,1,178345,88414.25,754.75,87655.5,175315.0,84.0,5085562.0,1696398.3333333333,1816.5,3549.0,2544555.5,1,1,4,1.1578947368421053,1.0,1.0,1.0,3,3,3.0,3.0,3.0,3.0,"Hypergraph(num_v=22, num_e=4)",False,0.19325590133666992
79,STATS,009-033-augF2-full2,orig,0.04593396186828613,0.2399120330810547,0,4,12,9,3,17209.28,1,178345,88414.25,754.75,87655.5,175315.0,84.0,5085562.0,1696398.3333333333,1816.5,3549.0,2544555.5,1,1,4,1.1578947368421053,1.0,1.0,1.0,3,3,3.0,3.0,3.0,3.0,"Hypergraph(num_v=22, num_e=4)",False,0.19397807121276855
80,STATS,009-033-augF2-full3,orig,0.04573822021484375,0.23882651329040527,0,4,12,9,3,17209.28,1,178345,88414.25,754.75,87655.5,175315.0,84.0,5085562.0,1696398.3333333333,1816.5,3549.0,2544555.5,1,1,4,1.1578947368421053,1.0,1.0,1.0,3,3,3.0,3.0,3.0,3.0,"Hypergraph(num_v=22, num_e=4)",False,0.19308829307556152
81,STATS,010-063-full1,orig,0.04429960250854492,0.3267390727996826,0,6,17,12,5,12079.89,1,80960,28686.83333333333,246.25,5827.5,62296.25,45.0,4089.0,986.2,52.0,67.0,678.0,1,1,4,1.1666666666666667,1.0,1.0,1.0,5,5,5.0,5.0,5.0,5.0,"Hypergraph(num_v=35, num_e=6)",True,0.2824394702911377
82,STATS,010-063-full2,orig,0.04329037666320801,0.3280177116394043,0,6,17,12,5,12079.89,1,80960,28686.83333333333,246.25,5827.5,62296.25,45.0,4089.0,986.2,52.0,67.0,678.0,1,1,4,1.1666666666666667,1.0,1.0,1.0,5,5,5.0,5.0,5.0,5.0,"Hypergraph(num_v=35, num_e=6)",True,0.2847273349761963
83,STATS,010-063-full3,orig,0.04419255256652832,0.3266139030456543,0,6,17,12,5,12079.89,1,80960,28686.83333333333,246.25,5827.5,62296.25,45.0,4089.0,986.2,52.0,67.0,678.0,1,1,4,1.1666666666666667,1.0,1.0,1.0,5,5,5.0,5.0,5.0,5.0,"Hypergraph(num_v=35, num_e=6)",True,0.282421350479126
84,STATS,010-063-augF1-full1,orig,0.04467272758483887,0.31041908264160156,0,6,17,12,5,12080.15,1,80960,28686.83333333333,246.25,5827.5,62296.25,46.0,4152.0,999.2,52.0,68.0,678.0,1,1,4,1.1666666666666667,1.0,1.0,1.0,5,5,5.0,5.0,5.0,5.0,"Hypergraph(num_v=35, num_e=6)",False,0.2657463550567627
85,STATS,010-063-augF1-full2,orig,0.045734405517578125,0.3412907123565674,0,6,17,12,5,12080.15,1,80960,28686.83333333333,246.25,5827.5,62296.25,46.0,4152.0,999.2,52.0,68.0,678.0,1,1,4,1.1666666666666667,1.0,1.0,1.0,5,5,5.0,5.0,5.0,5.0,"Hypergraph(num_v=35, num_e=6)",False,0.29555630683898926
86,STATS,010-063-augF1-full3,orig,0.04464888572692871,0.3355138301849365,0,6,17,12,5,12080.15,1,80960,28686.83333333333,246.25,5827.5,62296.25,46.0,4152.0,999.2,52.0,68.0,678.0,1,1,4,1.1666666666666667,1.0,1.0,1.0,5,5,5.0,5.0,5.0,5.0,"Hypergraph(num_v=35, num_e=6)",False,0.2908649444580078
87,STATS,010-063-augF2-full1,orig,0.020962238311767578,0.06284236907958984,0,6,17,12,5,11298.39,1,80960,26908.166666666668,1.0,491.5,59873.5,1.0,32.0,14.4,1.0,19.0,19.0,1,1,4,1.1666666666666667,1.0,1.0,1.0,5,5,5.0,5.0,5.0,5.0,"Hypergraph(num_v=35, num_e=6)",False,0.041880130767822266
88,STATS,010-063-augF2-full2,orig,0.021436452865600586,0.06546688079833984,0,6,17,12,5,11298.39,1,80960,26908.166666666668,1.0,491.5,59873.5,1.0,32.0,14.4,1.0,19.0,19.0,1,1,4,1.1666666666666667,1.0,1.0,1.0,5,5,5.0,5.0,5.0,5.0,"Hypergraph(num_v=35, num_e=6)",False,0.04403042793273926
89,STATS,010-063-augF2-full3,orig,0.021030902862548828,0.06185603141784668,0,6,17,12,5,11298.39,1,80960,26908.166666666668,1.0,491.5,59873.5,1.0,32.0,14.4,1.0,19.0,19.0,1,1,4,1.1666666666666667,1.0,1.0,1.0,5,5,5.0,5.0,5.0,5.0,"Hypergraph(num_v=35, num_e=6)",False,0.04082512855529785
90,STATS,011-050-full1,orig,0.08439350128173828,0.29384875297546387,0,5,14,10,4,28061.86,2416,328064,94567.2,25007.0,36389.0,80960.0,31372.0,1067279445.0,266899761.25,70376.5,144114.0,266973498.75,1,1,5,1.1538461538461535,1.0,1.0,1.0,4,4,4.0,4.0,4.0,4.0,"Hypergraph(num_v=30, num_e=5)",True,0.20945525169372559
91,STATS,011-050-full2,orig,0.08423733711242676,0.30324816703796387,0,5,14,10,4,28061.86,2416,328064,94567.2,25007.0,36389.0,80960.0,31372.0,1067279445.0,266899761.25,70376.5,144114.0,266973498.75,1,1,5,1.1538461538461535,1.0,1.0,1.0,4,4,4.0,4.0,4.0,4.0,"Hypergraph(num_v=30, num_e=5)",True,0.2190108299255371
92,STATS,011-050-full3,orig,0.08394241333007812,0.29551076889038086,0,5,14,10,4,28061.86,2416,328064,94567.2,25007.0,36389.0,80960.0,31372.0,1067279445.0,266899761.25,70376.5,144114.0,266973498.75,1,1,5,1.1538461538461535,1.0,1.0,1.0,4,4,4.0,4.0,4.0,4.0,"Hypergraph(num_v=30, num_e=5)",True,0.21156835556030273
93,STATS,011-050-augF1-full1,orig,0.07071590423583984,0.2946615219116211,0,5,14,10,4,25374.58,2416,328064,91593.8,21522.0,25007.0,80960.0,18555.0,631234390.0,157876777.0,41623.5,127081.5,157962235.0,1,1,5,1.1538461538461535,1.0,1.0,1.0,4,4,4.0,4.0,4.0,4.0,"Hypergraph(num_v=30, num_e=5)",False,0.22394561767578125
94,STATS,011-050-augF1-full2,orig,0.07123970985412598,0.2950401306152344,0,5,14,10,4,25374.58,2416,328064,91593.8,21522.0,25007.0,80960.0,18555.0,631234390.0,157876777.0,41623.5,127081.5,157962235.0,1,1,5,1.1538461538461535,1.0,1.0,1.0,4,4,4.0,4.0,4.0,4.0,"Hypergraph(num_v=30, num_e=5)",False,0.2238004207611084
95,STATS,011-050-augF1-full3,orig,0.07074284553527832,0.2957613468170166,0,5,14,10,4,25374.58,2416,328064,91593.8,21522.0,25007.0,80960.0,18555.0,631234390.0,157876777.0,41623.5,127081.5,157962235.0,1,1,5,1.1538461538461535,1.0,1.0,1.0,4,4,4.0,4.0,4.0,4.0,"Hypergraph(num_v=30, num_e=5)",False,0.22501850128173828
96,STATS,011-050-augF2-full1,orig,0.08405661582946777,0.2954447269439697,0,5,14,10,4,28113.61,2431,328064,94570.2,25007.0,36389.0,80960.0,31372.0,1073906641.0,268556878.25,70376.5,144750.0,268631251.75,1,1,5,1.1538461538461535,1.0,1.0,1.0,4,4,4.0,4.0,4.0,4.0,"Hypergraph(num_v=30, num_e=5)",False,0.21138811111450195
97,STATS,011-050-augF2-full2,orig,0.08376836776733398,0.2955632209777832,0,5,14,10,4,28113.61,2431,328064,94570.2,25007.0,36389.0,80960.0,31372.0,1073906641.0,268556878.25,70376.5,144750.0,268631251.75,1,1,5,1.1538461538461535,1.0,1.0,1.0,4,4,4.0,4.0,4.0,4.0,"Hypergraph(num_v=30, num_e=5)",False,0.21179485321044922
98,STATS,011-050-augF2-full3,orig,0.08441829681396484,0.3030049800872803,0,5,14,10,4,28113.61,2431,328064,94570.2,25007.0,36389.0,80960.0,31372.0,1073906641.0,268556878.25,70376.5,144750.0,268631251.75,1,1,5,1.1538461538461535,1.0,1.0,1.0,4,4,4.0,4.0,4.0,4.0,"Hypergraph(num_v=30, num_e=5)",False,0.21858668327331543
99,STATS,012-019-full1,orig,0.03555560111999512,0.17296218872070312,0,3,4,2,2,4745.15,12050,91841,48358.0,26616.5,41183.0,66512.0,11832.0,12032.0,11932.0,11882.0,11932.0,11982.0,1,1,2,1.05,1.0,1.0,1.0,2,2,2.0,2.0,2.0,2.0,"Hypergraph(num_v=21, num_e=3)",True,0.137406587600708
100,STATS,012-019-full2,orig,0.03554582595825195,0.16669034957885742,0,3,4,2,2,4745.15,12050,91841,48358.0,26616.5,41183.0,66512.0,11832.0,12032.0,11932.0,11882.0,11932.0,11982.0,1,1,2,1.05,1.0,1.0,1.0,2,2,2.0,2.0,2.0,2.0,"Hypergraph(num_v=21, num_e=3)",True,0.13114452362060547
101,STATS,012-019-full3,orig,0.03551793098449707,0.1672670841217041,0,3,4,2,2,4745.15,12050,91841,48358.0,26616.5,41183.0,66512.0,11832.0,12032.0,11932.0,11882.0,11932.0,11982.0,1,1,2,1.05,1.0,1.0,1.0,2,2,2.0,2.0,2.0,2.0,"Hypergraph(num_v=21, num_e=3)",True,0.13174915313720703
102,STATS,012-019-augF1-full1,orig,0.035553932189941406,0.17427325248718262,0,3,4,2,2,4746.54,12050,91949,48394.0,26616.5,41183.0,66566.0,11846.0,12046.0,11946.0,11896.0,11946.0,11996.0,1,1,2,1.05,1.0,1.0,1.0,2,2,2.0,2.0,2.0,2.0,"Hypergraph(num_v=21, num_e=3)",False,0.1387193202972412
103,STATS,012-019-augF1-full2,orig,0.0357515811920166,0.1614065170288086,0,3,4,2,2,4746.54,12050,91949,48394.0,26616.5,41183.0,66566.0,11846.0,12046.0,11946.0,11896.0,11946.0,11996.0,1,1,2,1.05,1.0,1.0,1.0,2,2,2.0,2.0,2.0,2.0,"Hypergraph(num_v=21, num_e=3)",False,0.125654935836792
104,STATS,012-019-augF1-full3,orig,0.035375118255615234,0.17116594314575195,0,3,4,2,2,4746.54,12050,91949,48394.0,26616.5,41183.0,66566.0,11846.0,12046.0,11946.0,11896.0,11946.0,11996.0,1,1,2,1.05,1.0,1.0,1.0,2,2,2.0,2.0,2.0,2.0,"Hypergraph(num_v=21, num_e=3)",False,0.13579082489013672
105,STATS,012-019-augF2-full1,orig,0.0310823917388916,0.06783246994018555,0,3,4,2,2,3785.61,11223,91841,38371.333333333336,11636.5,12050.0,51945.5,3224.0,24612.0,13918.0,8571.0,13918.0,19265.0,1,1,2,1.05,1.0,1.0,1.0,2,2,2.0,2.0,2.0,2.0,"Hypergraph(num_v=21, num_e=3)",False,0.036750078201293945
106,STATS,012-019-augF2-full2,orig,0.03116464614868164,0.06806778907775879,0,3,4,2,2,3785.61,11223,91841,38371.333333333336,11636.5,12050.0,51945.5,3224.0,24612.0,13918.0,8571.0,13918.0,19265.0,1,1,2,1.05,1.0,1.0,1.0,2,2,2.0,2.0,2.0,2.0,"Hypergraph(num_v=21, num_e=3)",False,0.03690314292907715
107,STATS,012-019-augF2-full3,orig,0.0293881893157959,0.06834816932678223,0,3,4,2,2,3785.61,11223,91841,38371.333333333336,11636.5,12050.0,51945.5,3224.0,24612.0,13918.0,8571.0,13918.0,19265.0,1,1,2,1.05,1.0,1.0,1.0,2,2,2.0,2.0,2.0,2.0,"Hypergraph(num_v=21, num_e=3)",False,0.03895998001098633
108,STATS,013-055-full1,orig,0.038385868072509766,0.34277987480163574,0,5,7,3,4,10478.29,1,178345,51658.2,1.0,1032.0,78912.0,577.0,7538.0,2757.5,591.25,1457.5,3623.75,1,1,4,1.173913043478261,1.0,1.0,1.0,4,4,4.0,4.0,4.0,4.0,"Hypergraph(num_v=27, num_e=5)",True,0.304394006729126
109,STATS,013-055-full2,orig,0.0384364128112793,0.34395360946655273,0,5,7,3,4,10478.29,1,178345,51658.2,1.0,1032.0,78912.0,577.0,7538.0,2757.5,591.25,1457.5,3623.75,1,1,4,1.173913043478261,1.0,1.0,1.0,4,4,4.0,4.0,4.0,4.0,"Hypergraph(num_v=27, num_e=5)",True,0.30551719665527344
110,STATS,013-055-full3,orig,0.03859090805053711,0.38815999031066895,0,5,7,3,4,10478.29,1,178345,51658.2,1.0,1032.0,78912.0,577.0,7538.0,2757.5,591.25,1457.5,3623.75,1,1,4,1.173913043478261,1.0,1.0,1.0,4,4,4.0,4.0,4.0,4.0,"Hypergraph(num_v=27, num_e=5)",True,0.34956908226013184
111,STATS,013-055-augF1-full1,orig,0.16111540794372559,0.4612412452697754,0,5,7,3,4,10486.92,1,178345,51658.2,1.0,1032.0,78912.0,586.0,7657.0,2798.75,593.5,1476.0,3681.25,1,1,4,1.173913043478261,1.0,1.0,1.0,4,4,4.0,4.0,4.0,4.0,"Hypergraph(num_v=27, num_e=5)",False,0.3001258373260498
112,STATS,013-055-augF1-full2,orig,0.15791869163513184,0.48256492614746094,0,5,7,3,4,10486.92,1,178345,51658.2,1.0,1032.0,78912.0,586.0,7657.0,2798.75,593.5,1476.0,3681.25,1,1,4,1.173913043478261,1.0,1.0,1.0,4,4,4.0,4.0,4.0,4.0,"Hypergraph(num_v=27, num_e=5)",False,0.3246462345123291
113,STATS,013-055-augF1-full3,orig,0.1563279628753662,0.4600389003753662,0,5,7,3,4,10486.92,1,178345,51658.2,1.0,1032.0,78912.0,586.0,7657.0,2798.75,593.5,1476.0,3681.25,1,1,4,1.173913043478261,1.0,1.0,1.0,4,4,4.0,4.0,4.0,4.0,"Hypergraph(num_v=27, num_e=5)",False,0.3037109375
114,STATS,013-055-augF2-full1,orig,0.036130666732788086,0.3374061584472656,0,5,7,3,4,9970.62,1,178345,40535.8,1.0,1032.0,23300.0,326.0,1309.0,702.0,514.25,586.5,774.25,1,1,4,1.173913043478261,1.0,1.0,1.0,4,4,4.0,4.0,4.0,4.0,"Hypergraph(num_v=27, num_e=5)",False,0.30127549171447754
115,STATS,013-055-augF2-full2,orig,0.03604769706726074,0.30833983421325684,0,5,7,3,4,9970.62,1,178345,40535.8,1.0,1032.0,23300.0,326.0,1309.0,702.0,514.25,586.5,774.25,1,1,4,1.173913043478261,1.0,1.0,1.0,4,4,4.0,4.0,4.0,4.0,"Hypergraph(num_v=27, num_e=5)",False,0.2722921371459961
116,STATS,013-055-augF2-full3,orig,0.03604745864868164,0.326885461807251,0,5,7,3,4,9970.62,1,178345,40535.8,1.0,1032.0,23300.0,326.0,1309.0,702.0,514.25,586.5,774.25,1,1,4,1.173913043478261,1.0,1.0,1.0,4,4,4.0,4.0,4.0,4.0,"Hypergraph(num_v=27, num_e=5)",False,0.29083800315856934
117,STATS,014-134-full1,rewr,0.3936338424682617,0.34792160987854004,0,5,14,10,4,7917326.14,12191,294076,108602.4,20629.0,80960.0,135156.0,136748.0,70638193176.0,17698227452.75,361256.75,77289943.5,17775156139.5,1,1,5,1.16,1.0,1.0,1.0,4,4,4.0,4.0,4.0,4.0,"Hypergraph(num_v=29, num_e=5)",True,-0.04571223258972168
118,STATS,014-134-full2,rewr,0.3936121463775635,0.35397815704345703,0,5,14,10,4,7917326.14,12191,294076,108602.4,20629.0,80960.0,135156.0,136748.0,70638193176.0,17698227452.75,361256.75,77289943.5,17775156139.5,1,1,5,1.16,1.0,1.0,1.0,4,4,4.0,4.0,4.0,4.0,"Hypergraph(num_v=29, num_e=5)",True,-0.039633989334106445
119,STATS,014-134-full3,rewr,0.3933231830596924,0.35192012786865234,0,5,14,10,4,7917326.14,12191,294076,108602.4,20629.0,80960.0,135156.0,136748.0,70638193176.0,17698227452.75,361256.75,77289943.5,17775156139.5,1,1,5,1.16,1.0,1.0,1.0,4,4,4.0,4.0,4.0,4.0,"Hypergraph(num_v=29, num_e=5)",True,-0.04140305519104004
120,STATS,014-134-augF1-full1,rewr,0.39696598052978516,0.3562483787536621,0,5,14,10,4,7975407.99,12281,294076,108620.4,20629.0,80960.0,135156.0,136748.0,71159684990.0,17828885703.75,363671.0,77860538.5,17906382571.25,1,1,5,1.16,1.0,1.0,1.0,4,4,4.0,4.0,4.0,4.0,"Hypergraph(num_v=29, num_e=5)",False,-0.04071760177612305
121,STATS,014-134-augF1-full2,rewr,0.3981740474700928,0.3574528694152832,0,5,14,10,4,7975407.99,12281,294076,108620.4,20629.0,80960.0,135156.0,136748.0,71159684990.0,17828885703.75,363671.0,77860538.5,17906382571.25,1,1,5,1.16,1.0,1.0,1.0,4,4,4.0,4.0,4.0,4.0,"Hypergraph(num_v=29, num_e=5)",False,-0.04072117805480957
122,STATS,014-134-augF1-full3,rewr,0.3941175937652588,0.34149694442749023,0,5,14,10,4,7975407.99,12281,294076,108620.4,20629.0,80960.0,135156.0,136748.0,71159684990.0,17828885703.75,363671.0,77860538.5,17906382571.25,1,1,5,1.16,1.0,1.0,1.0,4,4,4.0,4.0,4.0,4.0,"Hypergraph(num_v=29, num_e=5)",False,-0.052620649337768555
123,STATS,014-134-augF2-full1,rewr,0.39394259452819824,0.3516225814819336,0,5,14,10,4,7912361.83,12191,294076,108599.8,20616.0,80960.0,135156.0,136662.0,70593678341.0,17687074438.0,361235.25,77241374.5,17763954577.25,1,1,5,1.16,1.0,1.0,1.0,4,4,4.0,4.0,4.0,4.0,"Hypergraph(num_v=29, num_e=5)",False,-0.04232001304626465
124,STATS,014-134-augF2-full2,rewr,0.39822959899902344,0.3543696403503418,0,5,14,10,4,7912361.83,12191,294076,108599.8,20616.0,80960.0,135156.0,136662.0,70593678341.0,17687074438.0,361235.25,77241374.5,17763954577.25,1,1,5,1.16,1.0,1.0,1.0,4,4,4.0,4.0,4.0,4.0,"Hypergraph(num_v=29, num_e=5)",False,-0.04385995864868164
125,STATS,014-134-augF2-full3,rewr,0.3990788459777832,0.35636472702026367,0,5,14,10,4,7912361.83,12191,294076,108599.8,20616.0,80960.0,135156.0,136662.0,70593678341.0,17687074438.0,361235.25,77241374.5,17763954577.25,1,1,5,1.16,1.0,1.0,1.0,4,4,4.0,4.0,4.0,4.0,"Hypergraph(num_v=29, num_e=5)",False,-0.04271411895751953
126,STATS,015-026-full1,orig,0.06423640251159668,0.26090431213378906,0,4,7,4,3,9563.08,12050,168847,78345.0,33392.75,66241.5,111193.75,11655.0,21396.0,15033.666666666666,11852.5,12050.0,16723.0,1,1,3,1.1304347826086956,1.0,1.0,1.0,3,3,3.0,3.0,3.0,3.0,"Hypergraph(num_v=26, num_e=4)",True,0.19666790962219238
127,STATS,015-026-full2,orig,0.06609010696411133,0.2615625858306885,0,4,7,4,3,9563.08,12050,168847,78345.0,33392.75,66241.5,111193.75,11655.0,21396.0,15033.666666666666,11852.5,12050.0,16723.0,1,1,3,1.1304347826086956,1.0,1.0,1.0,3,3,3.0,3.0,3.0,3.0,"Hypergraph(num_v=26, num_e=4)",True,0.19547247886657715
128,STATS,015-026-full3,orig,0.06394743919372559,0.2716641426086426,0,4,7,4,3,9563.08,12050,168847,78345.0,33392.75,66241.5,111193.75,11655.0,21396.0,15033.666666666666,11852.5,12050.0,16723.0,1,1,3,1.1304347826086956,1.0,1.0,1.0,3,3,3.0,3.0,3.0,3.0,"Hypergraph(num_v=26, num_e=4)",True,0.207716703414917
129,STATS,015-026-augF1-full1,orig,0.05995941162109375,0.22175288200378418,0,4,7,4,3,9243.58,12050,105166,62424.75,33392.75,66241.5,95273.5,11655.0,13326.0,12343.666666666666,11852.5,12050.0,12688.0,1,1,3,1.1304347826086956,1.0,1.0,1.0,3,3,3.0,3.0,3.0,3.0,"Hypergraph(num_v=26, num_e=4)",False,0.16179347038269043
130,STATS,015-026-augF1-full2,orig,0.060320138931274414,0.23949289321899414,0,4,7,4,3,9243.58,12050,105166,62424.75,33392.75,66241.5,95273.5,11655.0,13326.0,12343.666666666666,11852.5,12050.0,12688.0,1,1,3,1.1304347826086956,1.0,1.0,1.0,3,3,3.0,3.0,3.0,3.0,"Hypergraph(num_v=26, num_e=4)",False,0.17917275428771973
131,STATS,015-026-augF1-full3,orig,0.059644460678100586,0.22820162773132324,0,4,7,4,3,9243.58,12050,105166,62424.75,33392.75,66241.5,95273.5,11655.0,13326.0,12343.666666666666,11852.5,12050.0,12688.0,1,1,3,1.1304347826086956,1.0,1.0,1.0,3,3,3.0,3.0,3.0,3.0,"Hypergraph(num_v=26, num_e=4)",False,0.16855716705322266
132,STATS,015-026-augF2-full1,orig,0.05030965805053711,0.16505646705627441,0,4,7,4,3,7634.6,1965,99322,51328.25,9528.75,52013.0,93812.5,565.0,4316.0,1830.6666666666667,588.0,611.0,2463.5,1,1,3,1.1304347826086956,1.0,1.0,1.0,3,3,3.0,3.0,3.0,3.0,"Hypergraph(num_v=26, num_e=4)",False,0.1147468090057373
133,STATS,015-026-augF2-full2,orig,0.05178523063659668,0.16057705879211426,0,4,7,4,3,7634.6,1965,99322,51328.25,9528.75,52013.0,93812.5,565.0,4316.0,1830.6666666666667,588.0,611.0,2463.5,1,1,3,1.1304347826086956,1.0,1.0,1.0,3,3,3.0,3.0,3.0,3.0,"Hypergraph(num_v=26, num_e=4)",False,0.10879182815551758
134,STATS,015-026-augF2-full3,orig,0.05095505714416504,0.16611218452453613,0,4,7,4,3,7634.6,1965,99322,51328.25,9528.75,52013.0,93812.5,565.0,4316.0,1830.6666666666667,588.0,611.0,2463.5,1,1,3,1.1304347826086956,1.0,1.0,1.0,3,3,3.0,3.0,3.0,3.0,"Hypergraph(num_v=26, num_e=4)",False,0.1151571273803711
135,STATS,016-021-full1,orig,0.07705092430114746,0.33892321586608887,0,3,9,7,2,12286.93,40308,327549,151832.0,63973.5,87639.0,207594.0,33060.0,34696.0,33878.0,33469.0,33878.0,34287.0,1,1,2,1.0476190476190477,1.0,1.0,1.0,2,2,2.0,2.0,2.0,2.0,"Hypergraph(num_v=22, num_e=3)",True,0.2618722915649414
136,STATS,016-021-full2,orig,0.07717657089233398,0.3431124687194824,0,3,9,7,2,12286.93,40308,327549,151832.0,63973.5,87639.0,207594.0,33060.0,34696.0,33878.0,33469.0,33878.0,34287.0,1,1,2,1.0476190476190477,1.0,1.0,1.0,2,2,2.0,2.0,2.0,2.0,"Hypergraph(num_v=22, num_e=3)",True,0.26593589782714844
137,STATS,016-021-full3,orig,0.07662177085876465,0.3433828353881836,0,3,9,7,2,12286.93,40308,327549,151832.0,63973.5,87639.0,207594.0,33060.0,34696.0,33878.0,33469.0,33878.0,34287.0,1,1,2,1.0476190476190477,1.0,1.0,1.0,2,2,2.0,2.0,2.0,2.0,"Hypergraph(num_v=22, num_e=3)",True,0.26676106452941895
138,STATS,016-021-augF1-full1,orig,0.027899503707885742,0.20198559761047363,0,3,9,7,2,7229.02,1,192676,64384.333333333336,238.5,476.0,96576.0,229.0,241.0,235.0,232.0,235.0,238.0,1,1,2,1.0476190476190477,1.0,1.0,1.0,2,2,2.0,2.0,2.0,2.0,"Hypergraph(num_v=22, num_e=3)",False,0.1740860939025879
139,STATS,016-021-augF1-full2,orig,0.027986764907836914,0.20020055770874023,0,3,9,7,2,7229.02,1,192676,64384.333333333336,238.5,476.0,96576.0,229.0,241.0,235.0,232.0,235.0,238.0,1,1,2,1.0476190476190477,1.0,1.0,1.0,2,2,2.0,2.0,2.0,2.0,"Hypergraph(num_v=22, num_e=3)",False,0.17221379280090332
140,STATS,016-021-augF1-full3,orig,0.02796006202697754,0.20404767990112305,0,3,9,7,2,7229.02,1,192676,64384.333333333336,238.5,476.0,96576.0,229.0,241.0,235.0,232.0,235.0,238.0,1,1,2,1.0476190476190477,1.0,1.0,1.0,2,2,2.0,2.0,2.0,2.0,"Hypergraph(num_v=22, num_e=3)",False,0.1760876178741455
141,STATS,016-021-augF2-full1,orig,0.07712244987487793,0.3370246887207031,0,3,9,7,2,12292.28,40308,327549,151974.66666666666,64187.5,88067.0,207808.0,33221.0,34696.0,33958.5,33589.75,33958.5,34327.25,1,1,2,1.0476190476190477,1.0,1.0,1.0,2,2,2.0,2.0,2.0,2.0,"Hypergraph(num_v=22, num_e=3)",False,0.2599022388458252
142,STATS,016-021-augF2-full2,orig,0.07700037956237793,0.3417823314666748,0,3,9,7,2,12292.28,40308,327549,151974.66666666666,64187.5,88067.0,207808.0,33221.0,34696.0,33958.5,33589.75,33958.5,34327.25,1,1,2,1.0476190476190477,1.0,1.0,1.0,2,2,2.0,2.0,2.0,2.0,"Hypergraph(num_v=22, num_e=3)",False,0.2647819519042969
143,STATS,016-021-augF2-full3,orig,0.07759261131286621,0.34525418281555176,0,3,9,7,2,12292.28,40308,327549,151974.66666666666,64187.5,88067.0,207808.0,33221.0,34696.0,33958.5,33589.75,33958.5,34327.25,1,1,2,1.0476190476190477,1.0,1.0,1.0,2,2,2.0,2.0,2.0,2.0,"Hypergraph(num_v=22, num_e=3)",False,0.26766157150268555
144,STATS,017-040-full1,orig,0.05419468879699707,0.21030044555664062,0,4,11,8,3,7465.95,11056,87430,54830.0,32669.5,60417.0,82577.5,10007.0,19629.0,13382.0,10258.5,10510.0,15069.5,1,1,3,1.1428571428571428,1.0,1.0,1.0,3,3,3.0,3.0,3.0,3.0,"Hypergraph(num_v=24, num_e=4)",True,0.15610575675964355
145,STATS,017-040-full2,orig,0.054160356521606445,0.2115931510925293,0,4,11,8,3,7465.95,11056,87430,54830.0,32669.5,60417.0,82577.5,10007.0,19629.0,13382.0,10258.5,10510.0,15069.5,1,1,3,1.1428571428571428,1.0,1.0,1.0,3,3,3.0,3.0,3.0,3.0,"Hypergraph(num_v=24, num_e=4)",True,0.15743279457092285
146,STATS,017-040-full3,orig,0.054032325744628906,0.1943502426147461,0,4,11,8,3,7465.95,11056,87430,54830.0,32669.5,60417.0,82577.5,10007.0,19629.0,13382.0,10258.5,10510.0,15069.5,1,1,3,1.1428571428571428,1.0,1.0,1.0,3,3,3.0,3.0,3.0,3.0,"Hypergraph(num_v=24, num_e=4)",True,0.1403179168701172
147,STATS,017-040-augF1-full1,orig,0.05047178268432617,0.18974876403808594,0,4,11,8,3,7316.43,11056,80960,52563.75,32669.5,59119.5,79013.75,8969.0,17592.0,11993.666666666666,9194.5,9420.0,13506.0,1,1,3,1.1428571428571428,1.0,1.0,1.0,3,3,3.0,3.0,3.0,3.0,"Hypergraph(num_v=24, num_e=4)",False,0.13927698135375977
148,STATS,017-040-augF1-full2,orig,0.050369977951049805,0.2103099822998047,0,4,11,8,3,7316.43,11056,80960,52563.75,32669.5,59119.5,79013.75,8969.0,17592.0,11993.666666666666,9194.5,9420.0,13506.0,1,1,3,1.1428571428571428,1.0,1.0,1.0,3,3,3.0,3.0,3.0,3.0,"Hypergraph(num_v=24, num_e=4)",False,0.15994000434875488
149,STATS,017-040-augF1-full3,orig,0.050550222396850586,0.20404505729675293,0,4,11,8,3,7316.43,11056,80960,52563.75,32669.5,59119.5,79013.75,8969.0,17592.0,11993.666666666666,9194.5,9420.0,13506.0,1,1,3,1.1428571428571428,1.0,1.0,1.0,3,3,3.0,3.0,3.0,3.0,"Hypergraph(num_v=24, num_e=4)",False,0.15349483489990234
150,STATS,017-040-augF2-full1,orig,0.054368019104003906,0.1982712745666504,0,4,11,8,3,7455.4,11056,86793,54670.75,32669.5,60417.0,82418.25,9933.0,19483.0,13283.0,10183.0,10433.0,14958.0,1,1,3,1.1428571428571428,1.0,1.0,1.0,3,3,3.0,3.0,3.0,3.0,"Hypergraph(num_v=24, num_e=4)",False,0.14390325546264648
151,STATS,017-040-augF2-full2,orig,0.05458569526672363,0.19242143630981445,0,4,11,8,3,7455.4,11056,86793,54670.75,32669.5,60417.0,82418.25,9933.0,19483.0,13283.0,10183.0,10433.0,14958.0,1,1,3,1.1428571428571428,1.0,1.0,1.0,3,3,3.0,3.0,3.0,3.0,"Hypergraph(num_v=24, num_e=4)",False,0.13783574104309082
152,STATS,017-040-augF2-full3,orig,0.05395030975341797,0.17376232147216797,0,4,11,8,3,7455.4,11056,86793,54670.75,32669.5,60417.0,82418.25,9933.0,19483.0,13283.0,10183.0,10433.0,14958.0,1,1,3,1.1428571428571428,1.0,1.0,1.0,3,3,3.0,3.0,3.0,3.0,"Hypergraph(num_v=24, num_e=4)",False,0.11981201171875
153,STATS,018-065-full1,orig,0.09858155250549316,0.4010281562805176,0,6,15,10,5,18701.34,1,328064,77381.16666666667,6560.75,26472.5,69133.25,276.0,44920.0,9318.8,378.0,400.0,620.0,1,1,4,1.15625,1.0,1.0,1.0,5,5,5.0,5.0,5.0,5.0,"Hypergraph(num_v=37, num_e=6)",True,0.3024466037750244
154,STATS,018-065-full2,orig,0.09885835647583008,0.39983701705932617,0,6,15,10,5,18701.34,1,328064,77381.16666666667,6560.75,26472.5,69133.25,276.0,44920.0,9318.8,378.0,400.0,620.0,1,1,4,1.15625,1.0,1.0,1.0,5,5,5.0,5.0,5.0,5.0,"Hypergraph(num_v=37, num_e=6)",True,0.3009786605834961
155,STATS,018-065-full3,orig,0.09655594825744629,0.4084126949310303,0,6,15,10,5,18701.34,1,328064,77381.16666666667,6560.75,26472.5,69133.25,276.0,44920.0,9318.8,378.0,400.0,620.0,1,1,4,1.15625,1.0,1.0,1.0,5,5,5.0,5.0,5.0,5.0,"Hypergraph(num_v=37, num_e=6)",True,0.311856746673584
156,STATS,018-065-augF1-full1,orig,0.08977460861206055,0.3859410285949707,0,6,15,10,5,18586.31,1,328064,74377.66666666667,6560.75,26472.5,55617.5,276.0,34615.0,7222.0,291.0,308.0,620.0,1,1,4,1.15625,1.0,1.0,1.0,5,5,5.0,5.0,5.0,5.0,"Hypergraph(num_v=37, num_e=6)",False,0.29616641998291016
157,STATS,018-065-augF1-full2,orig,0.0909872055053711,0.37013816833496094,0,6,15,10,5,18586.31,1,328064,74377.66666666667,6560.75,26472.5,55617.5,276.0,34615.0,7222.0,291.0,308.0,620.0,1,1,4,1.15625,1.0,1.0,1.0,5,5,5.0,5.0,5.0,5.0,"Hypergraph(num_v=37, num_e=6)",False,0.27915096282958984
158,STATS,018-065-augF1-full3,orig,0.09064078330993652,0.38878536224365234,0,6,15,10,5,18586.31,1,328064,74377.66666666667,6560.75,26472.5,55617.5,276.0,34615.0,7222.0,291.0,308.0,620.0,1,1,4,1.15625,1.0,1.0,1.0,5,5,5.0,5.0,5.0,5.0,"Hypergraph(num_v=37, num_e=6)",False,0.2981445789337158
159,STATS,018-065-augF2-full1,orig,0.08928179740905762,0.3964369297027588,0,6,15,10,5,18561.63,1,328064,74816.0,6560.75,18777.0,65285.5,172.0,28009.0,5857.0,235.0,249.0,620.0,1,1,4,1.15625,1.0,1.0,1.0,5,5,5.0,5.0,5.0,5.0,"Hypergraph(num_v=37, num_e=6)",False,0.30715513229370117
160,STATS,018-065-augF2-full2,orig,0.08738064765930176,0.3783600330352783,0,6,15,10,5,18561.63,1,328064,74816.0,6560.75,18777.0,65285.5,172.0,28009.0,5857.0,235.0,249.0,620.0,1,1,4,1.15625,1.0,1.0,1.0,5,5,5.0,5.0,5.0,5.0,"Hypergraph(num_v=37, num_e=6)",False,0.29097938537597656
161,STATS,018-065-augF2-full3,orig,0.08813047409057617,0.39666199684143066,0,6,15,10,5,18561.63,1,328064,74816.0,6560.75,18777.0,65285.5,172.0,28009.0,5857.0,235.0,249.0,620.0,1,1,4,1.15625,1.0,1.0,1.0,5,5,5.0,5.0,5.0,5.0,"Hypergraph(num_v=37, num_e=6)",False,0.3085315227508545
162,STATS,019-130-full1,orig,0.18356537818908691,0.334796667098999,0,5,14,10,4,28578.15,11056,300189,122991.8,39916.0,91605.0,172193.0,51765.0,163898.0,117692.5,81844.5,127553.5,163401.5,1,1,4,1.148148148148148,1.0,1.0,1.0,4,4,4.0,4.0,4.0,4.0,"Hypergraph(num_v=31, num_e=5)",True,0.1512312889099121
163,STATS,019-130-full2,orig,0.19470810890197754,0.35326719284057617,0,5,14,10,4,28650.8,11056,300189,122991.8,39916.0,91605.0,172193.0,19622.0,171498.0,75901.5,20366.75,56243.0,111777.75,1,1,4,1.148148148148148,1.0,1.0,1.0,4,4,4.0,4.0,4.0,4.0,"Hypergraph(num_v=31, num_e=5)",True,0.15855908393859863
164,STATS,019-130-full3,orig,0.1800243854522705,0.32815122604370117,0,5,14,10,4,28578.15,11056,300189,122991.8,39916.0,91605.0,172193.0,51765.0,163898.0,117692.5,81844.5,127553.5,163401.5,1,1,4,1.148148148148148,1.0,1.0,1.0,4,4,4.0,4.0,4.0,4.0,"Hypergraph(num_v=31, num_e=5)",True,0.14812684059143066
165,STATS,019-130-augF1-full1,orig,0.10962319374084473,0.311004638671875,0,5,14,10,4,16951.1,1,176582,60104.8,11056.0,11595.0,101290.0,1461.0,12769.0,5651.25,1516.5,4187.5,8322.25,1,1,4,1.148148148148148,1.0,1.0,1.0,4,4,4.0,4.0,4.0,4.0,"Hypergraph(num_v=31, num_e=5)",False,0.20138144493103027
166,STATS,019-130-augF1-full2,orig,0.11013078689575195,0.3266746997833252,0,5,14,10,4,16951.1,1,176582,60104.8,11056.0,11595.0,101290.0,1461.0,12769.0,5651.25,1516.5,4187.5,8322.25,1,1,4,1.148148148148148,1.0,1.0,1.0,4,4,4.0,4.0,4.0,4.0,"Hypergraph(num_v=31, num_e=5)",False,0.21654391288757324
167,STATS,019-130-augF1-full3,orig,0.11043095588684082,0.29873037338256836,0,5,14,10,4,16951.1,1,176582,60104.8,11056.0,11595.0,101290.0,1461.0,12769.0,5651.25,1516.5,4187.5,8322.25,1,1,4,1.148148148148148,1.0,1.0,1.0,4,4,4.0,4.0,4.0,4.0,"Hypergraph(num_v=31, num_e=5)",False,0.18829941749572754
168,STATS,019-130-augF2-full1,orig,0.020507335662841797,0.039742231369018555,0,5,14,10,4,9635.32,1,176582,55575.0,1.0,1.0,101290.0,1.0,5.0,2.5,1.0,2.0,3.5,1,1,4,1.148148148148148,1.0,1.0,1.0,4,4,4.0,4.0,4.0,4.0,"Hypergraph(num_v=31, num_e=5)",False,0.019234895706176758
169,STATS,019-130-augF2-full2,orig,0.02126169204711914,0.04206371307373047,0,5,14,10,4,9635.32,1,176582,55575.0,1.0,1.0,101290.0,1.0,5.0,2.5,1.0,2.0,3.5,1,1,4,1.148148148148148,1.0,1.0,1.0,4,4,4.0,4.0,4.0,4.0,"Hypergraph(num_v=31, num_e=5)",False,0.020802021026611328
170,STATS,019-130-augF2-full3,orig,0.02134561538696289,0.03971362113952637,0,5,14,10,4,9635.32,1,176582,55575.0,1.0,1.0,101290.0,1.0,5.0,2.5,1.0,2.0,3.5,1,1,4,1.148148148148148,1.0,1.0,1.0,4,4,4.0,4.0,4.0,4.0,"Hypergraph(num_v=31, num_e=5)",False,0.018368005752563477
171,STATS,020-027-full1,orig,0.06828927993774414,0.17998909950256348,0,4,11,8,3,14539.4,1,135121,56744.5,597.25,45928.0,102075.25,83.0,11384480.0,3798119.0,4938.5,9794.0,5697137.0,1,1,4,1.125,1.0,1.0,1.0,3,3,3.0,3.0,3.0,3.0,"Hypergraph(num_v=27, num_e=4)",True,0.11169981956481934
172,STATS,020-027-full2,orig,0.0681300163269043,0.17870831489562988,0,4,11,8,3,14539.4,1,135121,56744.5,597.25,45928.0,102075.25,83.0,11384480.0,3798119.0,4938.5,9794.0,5697137.0,1,1,4,1.125,1.0,1.0,1.0,3,3,3.0,3.0,3.0,3.0,"Hypergraph(num_v=27, num_e=4)",True,0.11057829856872559
173,STATS,020-027-full3,orig,0.06833624839782715,0.17592692375183105,0,4,11,8,3,14539.4,1,135121,56744.5,597.25,45928.0,102075.25,83.0,11384480.0,3798119.0,4938.5,9794.0,5697137.0,1,1,4,1.125,1.0,1.0,1.0,3,3,3.0,3.0,3.0,3.0,"Hypergraph(num_v=27, num_e=4)",True,0.1075906753540039
174,STATS,020-027-augF1-full1,orig,0.07031774520874023,0.18769097328186035,0,4,11,8,3,14712.09,1,135121,56793.0,742.75,46025.0,102075.25,103.0,14150723.0,4721000.0,6138.5,12174.0,7081448.5,1,1,4,1.125,1.0,1.0,1.0,3,3,3.0,3.0,3.0,3.0,"Hypergraph(num_v=27, num_e=4)",False,0.11737322807312012
175,STATS,020-027-augF1-full2,orig,0.07042574882507324,0.18333053588867188,0,4,11,8,3,14712.09,1,135121,56793.0,742.75,46025.0,102075.25,103.0,14150723.0,4721000.0,6138.5,12174.0,7081448.5,1,1,4,1.125,1.0,1.0,1.0,3,3,3.0,3.0,3.0,3.0,"Hypergraph(num_v=27, num_e=4)",False,0.11290478706359863
176,STATS,020-027-augF1-full3,orig,0.07039141654968262,0.18459105491638184,0,4,11,8,3,14712.09,1,135121,56793.0,742.75,46025.0,102075.25,103.0,14150723.0,4721000.0,6138.5,12174.0,7081448.5,1,1,4,1.125,1.0,1.0,1.0,3,3,3.0,3.0,3.0,3.0,"Hypergraph(num_v=27, num_e=4)",False,0.11419963836669922
177,STATS,020-027-augF2-full1,orig,0.055344343185424805,0.14118003845214844,0,4,11,8,3,14290.91,1,135121,49516.0,597.25,31471.0,80389.75,83.0,7769601.0,2592122.6666666665,3383.5,6684.0,3888142.5,1,1,4,1.125,1.0,1.0,1.0,3,3,3.0,3.0,3.0,3.0,"Hypergraph(num_v=27, num_e=4)",False,0.08583569526672363
178,STATS,020-027-augF2-full2,orig,0.05611252784729004,0.14290118217468262,0,4,11,8,3,14290.91,1,135121,49516.0,597.25,31471.0,80389.75,83.0,7769601.0,2592122.6666666665,3383.5,6684.0,3888142.5,1,1,4,1.125,1.0,1.0,1.0,3,3,3.0,3.0,3.0,3.0,"Hypergraph(num_v=27, num_e=4)",False,0.08678865432739258
179,STATS,020-027-augF2-full3,orig,0.05483889579772949,0.14006853103637695,0,4,11,8,3,14290.91,1,135121,49516.0,597.25,31471.0,80389.75,83.0,7769601.0,2592122.6666666665,3383.5,6684.0,3888142.5,1,1,4,1.125,1.0,1.0,1.0,3,3,3.0,3.0,3.0,3.0,"Hypergraph(num_v=27, num_e=4)",False,0.08522963523864746
180,STATS,021-036-full1,orig,0.06480216979980469,0.2182450294494629,0,4,9,6,3,13455.19,1,135156,54278.25,747.25,40978.0,94509.0,105.0,3996053.0,1332210.3333333333,289.0,473.0,1998263.0,1,1,4,1.1764705882352942,1.0,1.0,1.0,3,3,3.0,3.0,3.0,3.0,"Hypergraph(num_v=20, num_e=4)",True,0.1534428596496582
181,STATS,021-036-full2,orig,0.06471991539001465,0.21814823150634766,0,4,9,6,3,13455.19,1,135156,54278.25,747.25,40978.0,94509.0,105.0,3996053.0,1332210.3333333333,289.0,473.0,1998263.0,1,1,4,1.1764705882352942,1.0,1.0,1.0,3,3,3.0,3.0,3.0,3.0,"Hypergraph(num_v=20, num_e=4)",True,0.153428316116333
182,STATS,021-036-full3,orig,0.06450676918029785,0.21586275100708008,0,4,9,6,3,13455.19,1,135156,54278.25,747.25,40978.0,94509.0,105.0,3996053.0,1332210.3333333333,289.0,473.0,1998263.0,1,1,4,1.1764705882352942,1.0,1.0,1.0,3,3,3.0,3.0,3.0,3.0,"Hypergraph(num_v=20, num_e=4)",True,0.15135598182678223
183,STATS,021-036-augF1-full1,orig,0.015645265579223633,0.16519641876220703,0,4,9,6,3,11021.53,1,80960,40116.5,1.0,39752.5,79868.0,16.0,2373.0,802.0,16.5,17.0,1195.0,1,1,4,1.1764705882352942,1.0,1.0,1.0,3,3,3.0,3.0,3.0,3.0,"Hypergraph(num_v=20, num_e=4)",False,0.1495511531829834
184,STATS,021-036-augF1-full2,orig,0.01562976837158203,0.163665771484375,0,4,9,6,3,11021.53,1,80960,40116.5,1.0,39752.5,79868.0,16.0,2373.0,802.0,16.5,17.0,1195.0,1,1,4,1.1764705882352942,1.0,1.0,1.0,3,3,3.0,3.0,3.0,3.0,"Hypergraph(num_v=20, num_e=4)",False,0.14803600311279297
185,STATS,021-036-augF1-full3,orig,0.015530586242675781,0.16359376907348633,0,4,9,6,3,11021.53,1,80960,40116.5,1.0,39752.5,79868.0,16.0,2373.0,802.0,16.5,17.0,1195.0,1,1,4,1.1764705882352942,1.0,1.0,1.0,3,3,3.0,3.0,3.0,3.0,"Hypergraph(num_v=20, num_e=4)",False,0.14806318283081055
186,STATS,021-036-augF2-full1,orig,0.06440901756286621,0.21661806106567383,0,4,9,6,3,13447.1,1,135156,54272.75,730.75,40967.0,94509.0,102.0,3908733.0,1303099.3333333333,282.5,463.0,1954598.0,1,1,4,1.1764705882352942,1.0,1.0,1.0,3,3,3.0,3.0,3.0,3.0,"Hypergraph(num_v=20, num_e=4)",False,0.15220904350280762
187,STATS,021-036-augF2-full2,orig,0.0645592212677002,0.21802496910095215,0,4,9,6,3,13447.1,1,135156,54272.75,730.75,40967.0,94509.0,102.0,3908733.0,1303099.3333333333,282.5,463.0,1954598.0,1,1,4,1.1764705882352942,1.0,1.0,1.0,3,3,3.0,3.0,3.0,3.0,"Hypergraph(num_v=20, num_e=4)",False,0.15346574783325195
188,STATS,021-036-augF2-full3,orig,0.06465029716491699,0.2167682647705078,0,4,9,6,3,13447.1,1,135156,54272.75,730.75,40967.0,94509.0,102.0,3908733.0,1303099.3333333333,282.5,463.0,1954598.0,1,1,4,1.1764705882352942,1.0,1.0,1.0,3,3,3.0,3.0,3.0,3.0,"Hypergraph(num_v=20, num_e=4)",False,0.15211796760559082
189,STATS,022-125-full1,orig,0.1020505428314209,0.3229231834411621,0,4,10,7,3,18925.77,34733,327549,121419.0,41200.25,61697.0,141915.75,29897.0,3014674.0,1034181.6666666666,43935.5,57974.0,1536324.0,1,1,4,1.1764705882352942,1.0,1.0,1.0,3,3,3.0,3.0,3.0,3.0,"Hypergraph(num_v=20, num_e=4)",True,0.2208726406097412
190,STATS,022-125-full2,orig,0.10084748268127441,0.3307464122772217,0,4,10,7,3,18925.77,34733,327549,121419.0,41200.25,61697.0,141915.75,29897.0,3014674.0,1034181.6666666666,43935.5,57974.0,1536324.0,1,1,4,1.1764705882352942,1.0,1.0,1.0,3,3,3.0,3.0,3.0,3.0,"Hypergraph(num_v=20, num_e=4)",True,0.22989892959594727
191,STATS,022-125-full3,orig,0.1012270450592041,0.3184375762939453,0,4,10,7,3,18925.77,34733,327549,121419.0,41200.25,61697.0,141915.75,29897.0,3014674.0,1034181.6666666666,43935.5,57974.0,1536324.0,1,1,4,1.1764705882352942,1.0,1.0,1.0,3,3,3.0,3.0,3.0,3.0,"Hypergraph(num_v=20, num_e=4)",True,0.2172105312347412
192,STATS,022-125-augF1-full1,orig,0.08029866218566895,0.21140289306640625,0,4,10,7,3,18164.41,24861,327549,118951.0,38732.25,61697.0,141915.75,21400.0,2157826.0,740241.3333333334,31449.0,41498.0,1099662.0,1,1,4,1.1764705882352942,1.0,1.0,1.0,3,3,3.0,3.0,3.0,3.0,"Hypergraph(num_v=20, num_e=4)",False,0.1311042308807373
193,STATS,022-125-augF1-full2,orig,0.08014702796936035,0.21277570724487305,0,4,10,7,3,18164.41,24861,327549,118951.0,38732.25,61697.0,141915.75,21400.0,2157826.0,740241.3333333334,31449.0,41498.0,1099662.0,1,1,4,1.1764705882352942,1.0,1.0,1.0,3,3,3.0,3.0,3.0,3.0,"Hypergraph(num_v=20, num_e=4)",False,0.1326286792755127
194,STATS,022-125-augF1-full3,orig,0.07968521118164062,0.21010756492614746,0,4,10,7,3,18164.41,24861,327549,118951.0,38732.25,61697.0,141915.75,21400.0,2157826.0,740241.3333333334,31449.0,41498.0,1099662.0,1,1,4,1.1764705882352942,1.0,1.0,1.0,3,3,3.0,3.0,3.0,3.0,"Hypergraph(num_v=20, num_e=4)",False,0.13042235374450684
195,STATS,022-125-augF2-full1,orig,0.05379295349121094,0.16341185569763184,0,4,10,7,3,15991.0,1,80038,39514.0,25996.0,39008.5,52526.5,3164.0,542312.0,185301.66666666663,6796.5,10429.0,276370.5,1,1,4,1.1764705882352942,1.0,1.0,1.0,3,3,3.0,3.0,3.0,3.0,"Hypergraph(num_v=20, num_e=4)",False,0.1096189022064209
196,STATS,022-125-augF2-full2,orig,0.053734540939331055,0.16210150718688965,0,4,10,7,3,15991.0,1,80038,39514.0,25996.0,39008.5,52526.5,3164.0,542312.0,185301.66666666663,6796.5,10429.0,276370.5,1,1,4,1.1764705882352942,1.0,1.0,1.0,3,3,3.0,3.0,3.0,3.0,"Hypergraph(num_v=20, num_e=4)",False,0.1083669662475586
197,STATS,022-125-augF2-full3,orig,0.05437278747558594,0.1613600254058838,0,4,10,7,3,15991.0,1,80038,39514.0,25996.0,39008.5,52526.5,3164.0,542312.0,185301.66666666663,6796.5,10429.0,276370.5,1,1,4,1.1764705882352942,1.0,1.0,1.0,3,3,3.0,3.0,3.0,3.0,"Hypergraph(num_v=20, num_e=4)",False,0.10698723793029785
198,STATS,023-018-full1,orig,0.07691669464111328,0.2658979892730713,0,3,4,2,2,11063.83,12050,300282,134468.0,51561.0,91072.0,195677.0,11932.0,38955.0,25443.5,18687.75,25443.5,32199.25,1,1,3,1.1111111111111112,1.0,1.0,1.0,2,2,2.0,2.0,2.0,2.0,"Hypergraph(num_v=20, num_e=3)",True,0.188981294631958
199,STATS,023-018-full2,orig,0.07640624046325684,0.26096200942993164,0,3,4,2,2,11063.83,12050,300282,134468.0,51561.0,91072.0,195677.0,11932.0,38955.0,25443.5,18687.75,25443.5,32199.25,1,1,3,1.1111111111111112,1.0,1.0,1.0,2,2,2.0,2.0,2.0,2.0,"Hypergraph(num_v=20, num_e=3)",True,0.1845557689666748
200,STATS,023-018-full3,orig,0.07675337791442871,0.2604806423187256,0,3,4,2,2,11063.83,12050,300282,134468.0,51561.0,91072.0,195677.0,11932.0,38955.0,25443.5,18687.75,25443.5,32199.25,1,1,3,1.1111111111111112,1.0,1.0,1.0,2,2,2.0,2.0,2.0,2.0,"Hypergraph(num_v=20, num_e=3)",True,0.18372726440429688
201,STATS,023-018-augF1-full1,orig,0.07686638832092285,0.26676368713378906,0,3,4,2,2,11068.51,12050,300282,134553.0,51688.5,91327.0,195804.5,11965.0,39063.0,25514.0,18739.5,25514.0,32288.5,1,1,3,1.1111111111111112,1.0,1.0,1.0,2,2,2.0,2.0,2.0,2.0,"Hypergraph(num_v=20, num_e=3)",False,0.1898972988128662
202,STATS,023-018-augF1-full2,orig,0.07727479934692383,0.26165080070495605,0,3,4,2,2,11068.51,12050,300282,134553.0,51688.5,91327.0,195804.5,11965.0,39063.0,25514.0,18739.5,25514.0,32288.5,1,1,3,1.1111111111111112,1.0,1.0,1.0,2,2,2.0,2.0,2.0,2.0,"Hypergraph(num_v=20, num_e=3)",False,0.18437600135803223
203,STATS,023-018-augF1-full3,orig,0.07576394081115723,0.2593526840209961,0,3,4,2,2,11068.51,12050,300282,134553.0,51688.5,91327.0,195804.5,11965.0,39063.0,25514.0,18739.5,25514.0,32288.5,1,1,3,1.1111111111111112,1.0,1.0,1.0,2,2,2.0,2.0,2.0,2.0,"Hypergraph(num_v=20, num_e=3)",False,0.18358874320983887
204,STATS,023-018-augF2-full1,orig,0.059433698654174805,0.18885326385498047,0,3,4,2,2,10221.35,12050,133365,78829.0,51561.0,91072.0,112218.5,11932.0,17301.0,14616.5,13274.25,14616.5,15958.75,1,1,3,1.1111111111111112,1.0,1.0,1.0,2,2,2.0,2.0,2.0,2.0,"Hypergraph(num_v=20, num_e=3)",False,0.12941956520080566
205,STATS,023-018-augF2-full2,orig,0.05885648727416992,0.1869800090789795,0,3,4,2,2,10221.35,12050,133365,78829.0,51561.0,91072.0,112218.5,11932.0,17301.0,14616.5,13274.25,14616.5,15958.75,1,1,3,1.1111111111111112,1.0,1.0,1.0,2,2,2.0,2.0,2.0,2.0,"Hypergraph(num_v=20, num_e=3)",False,0.12812352180480957
206,STATS,023-018-augF2-full3,orig,0.059014081954956055,0.19259023666381836,0,3,4,2,2,10221.35,12050,133365,78829.0,51561.0,91072.0,112218.5,11932.0,17301.0,14616.5,13274.25,14616.5,15958.75,1,1,3,1.1111111111111112,1.0,1.0,1.0,2,2,2.0,2.0,2.0,2.0,"Hypergraph(num_v=20, num_e=3)",False,0.1335761547088623
207,STATS,024-017-full1,orig,0.031013011932373047,0.12390995025634766,0,3,3,1,2,12249.57,1,192979,64670.66666666666,516.5,1032.0,97005.5,590.0,9563.0,5076.5,2833.25,5076.5,7319.75,1,1,2,1.0555555555555556,1.0,1.0,1.0,2,2,2.0,2.0,2.0,2.0,"Hypergraph(num_v=19, num_e=3)",True,0.09289693832397461
208,STATS,024-017-full2,orig,0.031649112701416016,0.12381768226623535,0,3,3,1,2,12249.57,1,192979,64670.66666666666,516.5,1032.0,97005.5,590.0,9563.0,5076.5,2833.25,5076.5,7319.75,1,1,2,1.0555555555555556,1.0,1.0,1.0,2,2,2.0,2.0,2.0,2.0,"Hypergraph(num_v=19, num_e=3)",True,0.09216856956481934
209,STATS,024-017-full3,orig,0.0316309928894043,0.1246790885925293,0,3,3,1,2,12249.57,1,192979,64670.66666666666,516.5,1032.0,97005.5,590.0,9563.0,5076.5,2833.25,5076.5,7319.75,1,1,2,1.0555555555555556,1.0,1.0,1.0,2,2,2.0,2.0,2.0,2.0,"Hypergraph(num_v=19, num_e=3)",True,0.093048095703125
210,STATS,024-017-augF1-full1,orig,0.0294950008392334,0.12029623985290527,0,3,3,1,2,11707.58,1,192979,64670.66666666666,516.5,1032.0,97005.5,405.0,6565.0,3485.0,1945.0,3485.0,5025.0,1,1,2,1.0555555555555556,1.0,1.0,1.0,2,2,2.0,2.0,2.0,2.0,"Hypergraph(num_v=19, num_e=3)",False,0.09080123901367188
211,STATS,024-017-augF1-full2,orig,0.030098438262939453,0.12038898468017578,0,3,3,1,2,11707.58,1,192979,64670.66666666666,516.5,1032.0,97005.5,405.0,6565.0,3485.0,1945.0,3485.0,5025.0,1,1,2,1.0555555555555556,1.0,1.0,1.0,2,2,2.0,2.0,2.0,2.0,"Hypergraph(num_v=19, num_e=3)",False,0.09029054641723633
212,STATS,024-017-augF1-full3,orig,0.02969503402709961,0.11957597732543945,0,3,3,1,2,11707.58,1,192979,64670.66666666666,516.5,1032.0,97005.5,405.0,6565.0,3485.0,1945.0,3485.0,5025.0,1,1,2,1.0555555555555556,1.0,1.0,1.0,2,2,2.0,2.0,2.0,2.0,"Hypergraph(num_v=19, num_e=3)",False,0.08988094329833984
213,STATS,025-001-full1,orig,0.03771781921386719,0.1207723617553711,0,2,2,1,1,2796.02,41275,80960,61117.5,51196.25,61117.5,71038.75,80960.0,80960.0,80960.0,80960.0,80960.0,80960.0,1,1,2,1.125,1.0,1.0,1.0,1,1,1.0,1.0,1.0,1.0,"Hypergraph(num_v=9, num_e=2)",True,0.0830545425415039
214,STATS,025-001-augF1-full1,orig,0.0189664363861084,0.05567026138305664,0,2,2,1,1,2305.1,2002,80960,41481.0,21741.5,41481.0,61220.5,3927.0,3927.0,3927.0,3927.0,3927.0,3927.0,1,1,2,1.125,1.0,1.0,1.0,1,1,1.0,1.0,1.0,1.0,"Hypergraph(num_v=9, num_e=2)",False,0.03670382499694824
215,STATS,026-066-full1,orig,0.14191675186157227,0.4595768451690674,0,6,17,12,5,20882.68,1,101433,42641.16666666666,3605.75,31713.0,80491.0,83.0,27676.0,9301.6,3376.0,3556.0,11817.0,1,1,4,1.15625,1.0,1.0,1.0,5,5,5.0,5.0,5.0,5.0,"Hypergraph(num_v=37, num_e=6)",True,0.3176600933074951
216,STATS,026-066-full2,orig,0.1428365707397461,0.4659578800201416,0,6,17,12,5,20882.68,1,101433,42641.16666666666,3605.75,31713.0,80491.0,83.0,27676.0,9301.6,3376.0,3556.0,11817.0,1,1,4,1.15625,1.0,1.0,1.0,5,5,5.0,5.0,5.0,5.0,"Hypergraph(num_v=37, num_e=6)",True,0.3231213092803955
217,STATS,026-066-full3,orig,0.14198613166809082,0.4631459712982178,0,6,17,12,5,20882.68,1,101433,42641.16666666666,3605.75,31713.0,80491.0,83.0,27676.0,9301.6,3376.0,3556.0,11817.0,1,1,4,1.15625,1.0,1.0,1.0,5,5,5.0,5.0,5.0,5.0,"Hypergraph(num_v=37, num_e=6)",True,0.32115983963012695
218,STATS,026-066-augF1-full1,orig,0.13937783241271973,0.4576585292816162,0,6,17,12,5,20810.11,1,101433,42080.833333333336,3605.75,31713.0,77969.5,83.0,27676.0,9161.8,3251.0,3423.0,11376.0,1,1,4,1.15625,1.0,1.0,1.0,5,5,5.0,5.0,5.0,5.0,"Hypergraph(num_v=37, num_e=6)",False,0.3182806968688965
219,STATS,026-066-augF1-full2,orig,0.1388869285583496,0.46372365951538086,0,6,17,12,5,20810.11,1,101433,42080.833333333336,3605.75,31713.0,77969.5,83.0,27676.0,9161.8,3251.0,3423.0,11376.0,1,1,4,1.15625,1.0,1.0,1.0,5,5,5.0,5.0,5.0,5.0,"Hypergraph(num_v=37, num_e=6)",False,0.32483673095703125
220,STATS,026-066-augF1-full3,orig,0.13990545272827148,0.456601619720459,0,6,17,12,5,20810.11,1,101433,42080.833333333336,3605.75,31713.0,77969.5,83.0,27676.0,9161.8,3251.0,3423.0,11376.0,1,1,4,1.15625,1.0,1.0,1.0,5,5,5.0,5.0,5.0,5.0,"Hypergraph(num_v=37, num_e=6)",False,0.3166961669921875
221,STATS,026-066-augF2-full1,orig,0.1580820083618164,0.4892106056213379,0,6,17,12,5,21123.22,1,101433,42672.0,3744.5,31713.0,80491.0,102.0,34162.0,10927.6,4168.0,4389.0,11817.0,1,1,4,1.15625,1.0,1.0,1.0,5,5,5.0,5.0,5.0,5.0,"Hypergraph(num_v=37, num_e=6)",False,0.3311285972595215
222,STATS,026-066-augF2-full2,orig,0.15536236763000488,0.461653470993042,0,6,17,12,5,21123.22,1,101433,42672.0,3744.5,31713.0,80491.0,102.0,34162.0,10927.6,4168.0,4389.0,11817.0,1,1,4,1.15625,1.0,1.0,1.0,5,5,5.0,5.0,5.0,5.0,"Hypergraph(num_v=37, num_e=6)",False,0.3062911033630371
223,STATS,026-066-augF2-full3,orig,0.16016387939453125,0.47919440269470215,0,6,17,12,5,21123.22,1,101433,42672.0,3744.5,31713.0,80491.0,102.0,34162.0,10927.6,4168.0,4389.0,11817.0,1,1,4,1.15625,1.0,1.0,1.0,5,5,5.0,5.0,5.0,5.0,"Hypergraph(num_v=37, num_e=6)",False,0.3190305233001709
224,STATS,027-132-full1,rewr,0.492950439453125,0.33144259452819824,0,5,15,11,4,40722.4,1659,174305,57164.8,19537.0,38638.0,51685.0,11989.0,176338199.0,44237779.5,123444.25,300465.0,44414800.25,1,1,5,1.1428571428571428,1.0,1.0,1.0,4,4,4.0,4.0,4.0,4.0,"Hypergraph(num_v=32, num_e=5)",True,-0.16150784492492676
225,STATS,027-132-full2,rewr,0.4913289546966553,0.3304753303527832,0,5,15,11,4,40722.4,1659,174305,57164.8,19537.0,38638.0,51685.0,11989.0,176338199.0,44237779.5,123444.25,300465.0,44414800.25,1,1,5,1.1428571428571428,1.0,1.0,1.0,4,4,4.0,4.0,4.0,4.0,"Hypergraph(num_v=32, num_e=5)",True,-0.16085362434387207
226,STATS,027-132-full3,rewr,0.4922947883605957,0.31706786155700684,0,5,15,11,4,40722.4,1659,174305,57164.8,19537.0,38638.0,51685.0,11989.0,176338199.0,44237779.5,123444.25,300465.0,44414800.25,1,1,5,1.1428571428571428,1.0,1.0,1.0,4,4,4.0,4.0,4.0,4.0,"Hypergraph(num_v=32, num_e=5)",True,-0.17522692680358887
227,STATS,027-132-augF1-full1,rewr,0.4945955276489258,0.3173534870147705,0,5,15,11,4,40691.98,1659,174305,57154.8,19487.0,38638.0,51685.0,11989.0,175886906.0,44124674.5,123444.25,299901.5,44301131.75,1,1,5,1.1428571428571428,1.0,1.0,1.0,4,4,4.0,4.0,4.0,4.0,"Hypergraph(num_v=32, num_e=5)",False,-0.17724204063415527
228,STATS,027-132-augF1-full2,rewr,0.49221229553222656,0.329226016998291,0,5,15,11,4,40691.98,1659,174305,57154.8,19487.0,38638.0,51685.0,11989.0,175886906.0,44124674.5,123444.25,299901.5,44301131.75,1,1,5,1.1428571428571428,1.0,1.0,1.0,4,4,4.0,4.0,4.0,4.0,"Hypergraph(num_v=32, num_e=5)",False,-0.16298627853393555
229,STATS,027-132-augF1-full3,rewr,0.49509549140930176,0.3304479122161865,0,5,15,11,4,40691.98,1659,174305,57154.8,19487.0,38638.0,51685.0,11989.0,175886906.0,44124674.5,123444.25,299901.5,44301131.75,1,1,5,1.1428571428571428,1.0,1.0,1.0,4,4,4.0,4.0,4.0,4.0,"Hypergraph(num_v=32, num_e=5)",False,-0.16464757919311523
230,STATS,027-132-augF2-full1,rewr,0.5022425651550293,0.3359031677246094,0,5,15,11,4,40830.53,1659,174305,57201.8,19722.0,38638.0,51685.0,11989.0,178007980.0,44656267.0,123444.25,302549.5,44835372.25,1,1,5,1.1428571428571428,1.0,1.0,1.0,4,4,4.0,4.0,4.0,4.0,"Hypergraph(num_v=32, num_e=5)",False,-0.16633939743041992
231,STATS,027-132-augF2-full2,rewr,0.5015161037445068,0.32964372634887695,0,5,15,11,4,40830.53,1659,174305,57201.8,19722.0,38638.0,51685.0,11989.0,178007980.0,44656267.0,123444.25,302549.5,44835372.25,1,1,5,1.1428571428571428,1.0,1.0,1.0,4,4,4.0,4.0,4.0,4.0,"Hypergraph(num_v=32, num_e=5)",False,-0.17187237739562988
232,STATS,027-132-augF2-full3,rewr,0.5001060962677002,0.3321661949157715,0,5,15,11,4,40830.53,1659,174305,57201.8,19722.0,38638.0,51685.0,11989.0,178007980.0,44656267.0,123444.25,302549.5,44835372.25,1,1,5,1.1428571428571428,1.0,1.0,1.0,4,4,4.0,4.0,4.0,4.0,"Hypergraph(num_v=32, num_e=5)",False,-0.1679399013519287
233,STATS,028-062-full1,orig,0.07482457160949707,0.42320990562438965,0,6,12,7,5,12138.55,1,192979,48471.16666666666,1209.75,8443.0,63732.5,36.0,7792.0,1907.6,36.0,128.0,1546.0,1,1,4,1.1666666666666667,1.0,1.0,1.0,5,5,5.0,5.0,5.0,5.0,"Hypergraph(num_v=35, num_e=6)",True,0.3483853340148926
234,STATS,028-062-full2,orig,0.07671761512756348,0.41394472122192383,0,6,12,7,5,12138.55,1,192979,48471.16666666666,1209.75,8443.0,63732.5,36.0,7792.0,1907.6,36.0,128.0,1546.0,1,1,4,1.1666666666666667,1.0,1.0,1.0,5,5,5.0,5.0,5.0,5.0,"Hypergraph(num_v=35, num_e=6)",True,0.33722710609436035
235,STATS,028-062-full3,orig,0.07564473152160645,0.38986897468566895,0,6,12,7,5,12138.55,1,192979,48471.16666666666,1209.75,8443.0,63732.5,36.0,7792.0,1907.6,36.0,128.0,1546.0,1,1,4,1.1666666666666667,1.0,1.0,1.0,5,5,5.0,5.0,5.0,5.0,"Hypergraph(num_v=35, num_e=6)",True,0.3142242431640625
236,STATS,028-062-augF1-full1,orig,0.022301673889160156,0.06415414810180664,0,6,12,7,5,12094.71,1,192979,48471.16666666666,1209.75,8443.0,63732.5,1.0,1546.0,338.2,1.0,2.0,141.0,1,1,4,1.1666666666666667,1.0,1.0,1.0,5,5,5.0,5.0,5.0,5.0,"Hypergraph(num_v=35, num_e=6)",False,0.041852474212646484
237,STATS,028-062-augF1-full2,orig,0.023255348205566406,0.0640404224395752,0,6,12,7,5,12094.71,1,192979,48471.16666666666,1209.75,8443.0,63732.5,1.0,1546.0,338.2,1.0,2.0,141.0,1,1,4,1.1666666666666667,1.0,1.0,1.0,5,5,5.0,5.0,5.0,5.0,"Hypergraph(num_v=35, num_e=6)",False,0.04078507423400879
238,STATS,028-062-augF1-full3,orig,0.02229166030883789,0.06318283081054688,0,6,12,7,5,12094.71,1,192979,48471.16666666666,1209.75,8443.0,63732.5,1.0,1546.0,338.2,1.0,2.0,141.0,1,1,4,1.1666666666666667,1.0,1.0,1.0,5,5,5.0,5.0,5.0,5.0,"Hypergraph(num_v=35, num_e=6)",False,0.040891170501708984
239,STATS,028-062-augF2-full1,orig,0.040969133377075195,0.3751375675201416,0,6,12,7,5,12096.62,1,192979,48471.16666666666,1209.75,8443.0,63732.5,2.0,1546.0,388.6,2.0,6.0,387.0,1,1,4,1.1666666666666667,1.0,1.0,1.0,5,5,5.0,5.0,5.0,5.0,"Hypergraph(num_v=35, num_e=6)",False,0.3341684341430664
240,STATS,028-062-augF2-full2,orig,0.04117727279663086,0.3760809898376465,0,6,12,7,5,12096.62,1,192979,48471.16666666666,1209.75,8443.0,63732.5,2.0,1546.0,388.6,2.0,6.0,387.0,1,1,4,1.1666666666666667,1.0,1.0,1.0,5,5,5.0,5.0,5.0,5.0,"Hypergraph(num_v=35, num_e=6)",False,0.3349037170410156
241,STATS,028-062-augF2-full3,orig,0.041142940521240234,0.39072251319885254,0,6,12,7,5,12096.62,1,192979,48471.16666666666,1209.75,8443.0,63732.5,2.0,1546.0,388.6,2.0,6.0,387.0,1,1,4,1.1666666666666667,1.0,1.0,1.0,5,5,5.0,5.0,5.0,5.0,"Hypergraph(num_v=35, num_e=6)",False,0.3495795726776123
242,STATS,029-023-full1,orig,0.08486437797546387,0.26143956184387207,0,3,4,2,2,10404.83,40528,328064,149850.66666666666,60744.0,80960.0,204512.0,34940.0,92861.0,63900.5,49420.25,63900.5,78380.75,1,1,3,1.1538461538461535,1.0,1.0,1.0,2,2,2.0,2.0,2.0,2.0,"Hypergraph(num_v=15, num_e=3)",True,0.1765751838684082
243,STATS,029-023-full2,orig,0.08580565452575684,0.25759458541870117,0,3,4,2,2,10404.83,40528,328064,149850.66666666666,60744.0,80960.0,204512.0,34940.0,92861.0,63900.5,49420.25,63900.5,78380.75,1,1,3,1.1538461538461535,1.0,1.0,1.0,2,2,2.0,2.0,2.0,2.0,"Hypergraph(num_v=15, num_e=3)",True,0.17178893089294434
244,STATS,029-023-full3,orig,0.08396553993225098,0.2527751922607422,0,3,4,2,2,10404.83,40528,328064,149850.66666666666,60744.0,80960.0,204512.0,34940.0,92861.0,63900.5,49420.25,63900.5,78380.75,1,1,3,1.1538461538461535,1.0,1.0,1.0,2,2,2.0,2.0,2.0,2.0,"Hypergraph(num_v=15, num_e=3)",True,0.1688096523284912
245,STATS,029-023-augF1-full1,orig,0.08491349220275879,0.2387075424194336,0,3,4,2,2,10404.83,40528,328064,149850.66666666666,60744.0,80960.0,204512.0,34940.0,92861.0,63900.5,49420.25,63900.5,78380.75,1,1,3,1.1538461538461535,1.0,1.0,1.0,2,2,2.0,2.0,2.0,2.0,"Hypergraph(num_v=15, num_e=3)",False,0.1537940502166748
246,STATS,029-023-augF1-full2,orig,0.08368825912475586,0.23894882202148438,0,3,4,2,2,10404.83,40528,328064,149850.66666666666,60744.0,80960.0,204512.0,34940.0,92861.0,63900.5,49420.25,63900.5,78380.75,1,1,3,1.1538461538461535,1.0,1.0,1.0,2,2,2.0,2.0,2.0,2.0,"Hypergraph(num_v=15, num_e=3)",False,0.15526056289672852
247,STATS,029-023-augF1-full3,orig,0.0851593017578125,0.24894142150878906,0,3,4,2,2,10404.83,40528,328064,149850.66666666666,60744.0,80960.0,204512.0,34940.0,92861.0,63900.5,49420.25,63900.5,78380.75,1,1,3,1.1538461538461535,1.0,1.0,1.0,2,2,2.0,2.0,2.0,2.0,"Hypergraph(num_v=15, num_e=3)",False,0.16378211975097656
248,STATS,029-023-augF2-full1,orig,0.20997095108032227,0.33412837982177734,0,3,4,2,2,10434.06,41255,328064,150093.0,61107.5,80960.0,204512.0,35567.0,94527.0,65047.0,50307.0,65047.0,79787.0,1,1,3,1.1538461538461535,1.0,1.0,1.0,2,2,2.0,2.0,2.0,2.0,"Hypergraph(num_v=15, num_e=3)",False,0.12415742874145508
249,STATS,029-023-augF2-full2,orig,0.20933771133422852,0.3311655521392822,0,3,4,2,2,10434.06,41255,328064,150093.0,61107.5,80960.0,204512.0,35567.0,94527.0,65047.0,50307.0,65047.0,79787.0,1,1,3,1.1538461538461535,1.0,1.0,1.0,2,2,2.0,2.0,2.0,2.0,"Hypergraph(num_v=15, num_e=3)",False,0.12182784080505371
250,STATS,029-023-augF2-full3,orig,0.21409273147583008,0.3430025577545166,0,3,4,2,2,10434.06,41255,328064,150093.0,61107.5,80960.0,204512.0,35567.0,94527.0,65047.0,50307.0,65047.0,79787.0,1,1,3,1.1538461538461535,1.0,1.0,1.0,2,2,2.0,2.0,2.0,2.0,"Hypergraph(num_v=15, num_e=3)",False,0.12890982627868652
251,STATS,030-092-full1,orig,0.1506195068359375,0.4573628902435303,0,3,6,4,2,11580.86,39273,303187,143768.33333333334,64059.0,88845.0,196016.0,274639.0,292866.0,283752.5,279195.75,283752.5,288309.25,1,1,2,1.05,1.0,1.0,1.0,2,2,2.0,2.0,2.0,2.0,"Hypergraph(num_v=21, num_e=3)",True,0.3067433834075928
252,STATS,030-092-full2,orig,0.1508045196533203,0.45507359504699707,0,3,6,4,2,11580.86,39273,303187,143768.33333333334,64059.0,88845.0,196016.0,274639.0,292866.0,283752.5,279195.75,283752.5,288309.25,1,1,2,1.05,1.0,1.0,1.0,2,2,2.0,2.0,2.0,2.0,"Hypergraph(num_v=21, num_e=3)",True,0.30426907539367676
253,STATS,030-092-full3,orig,0.14820122718811035,0.4637882709503174,0,3,6,4,2,11580.86,39273,303187,143768.33333333334,64059.0,88845.0,196016.0,274639.0,292866.0,283752.5,279195.75,283752.5,288309.25,1,1,2,1.05,1.0,1.0,1.0,2,2,2.0,2.0,2.0,2.0,"Hypergraph(num_v=21, num_e=3)",True,0.31558704376220703
254,STATS,030-092-augF1-full1,orig,0.13074874877929688,0.3937947750091553,0,3,6,4,2,11526.55,34928,303187,142320.0,61886.5,88845.0,196016.0,244254.0,292866.0,268560.0,256407.0,268560.0,280713.0,1,1,2,1.05,1.0,1.0,1.0,2,2,2.0,2.0,2.0,2.0,"Hypergraph(num_v=21, num_e=3)",False,0.2630460262298584
255,STATS,030-092-augF1-full2,orig,0.132371187210083,0.4027440547943115,0,3,6,4,2,11526.55,34928,303187,142320.0,61886.5,88845.0,196016.0,244254.0,292866.0,268560.0,256407.0,268560.0,280713.0,1,1,2,1.05,1.0,1.0,1.0,2,2,2.0,2.0,2.0,2.0,"Hypergraph(num_v=21, num_e=3)",False,0.2703728675842285
256,STATS,030-092-augF1-full3,orig,0.13509774208068848,0.39600229263305664,0,3,6,4,2,11526.55,34928,303187,142320.0,61886.5,88845.0,196016.0,244254.0,292866.0,268560.0,256407.0,268560.0,280713.0,1,1,2,1.05,1.0,1.0,1.0,2,2,2.0,2.0,2.0,2.0,"Hypergraph(num_v=21, num_e=3)",False,0.26090455055236816
257,STATS,030-092-augF2-full1,orig,0.15014958381652832,0.4719719886779785,0,3,6,4,2,11605.65,39273,303187,144159.0,64645.0,90017.0,196602.0,278261.0,296729.0,287495.0,282878.0,287495.0,292112.0,1,1,2,1.05,1.0,1.0,1.0,2,2,2.0,2.0,2.0,2.0,"Hypergraph(num_v=21, num_e=3)",False,0.3218224048614502
258,STATS,030-092-augF2-full2,orig,0.15222811698913574,0.46096372604370117,0,3,6,4,2,11605.65,39273,303187,144159.0,64645.0,90017.0,196602.0,278261.0,296729.0,287495.0,282878.0,287495.0,292112.0,1,1,2,1.05,1.0,1.0,1.0,2,2,2.0,2.0,2.0,2.0,"Hypergraph(num_v=21, num_e=3)",False,0.30873560905456543
259,STATS,030-092-augF2-full3,orig,0.14372611045837402,0.45931243896484375,0,3,6,4,2,11605.65,39273,303187,144159.0,64645.0,90017.0,196602.0,278261.0,296729.0,287495.0,282878.0,287495.0,292112.0,1,1,2,1.05,1.0,1.0,1.0,2,2,2.0,2.0,2.0,2.0,"Hypergraph(num_v=21, num_e=3)",False,0.3155863285064697
260,STATS,031-025-full1,orig,0.1472005844116211,0.40575432777404785,0,4,7,4,3,16917.51,12050,262159,134688.25,71961.5,132272.0,194998.75,12044.0,64425.0,33024.0,17323.5,22603.0,43514.0,1,1,4,1.1304347826086956,1.0,1.0,1.0,3,3,3.0,3.0,3.0,3.0,"Hypergraph(num_v=26, num_e=4)",True,0.25855374336242676
261,STATS,031-025-full2,orig,0.14542126655578613,0.4057037830352783,0,4,7,4,3,16917.51,12050,262159,134688.25,71961.5,132272.0,194998.75,12044.0,64425.0,33024.0,17323.5,22603.0,43514.0,1,1,4,1.1304347826086956,1.0,1.0,1.0,3,3,3.0,3.0,3.0,3.0,"Hypergraph(num_v=26, num_e=4)",True,0.2602825164794922
262,STATS,031-025-full3,orig,0.14752697944641113,0.41556811332702637,0,4,7,4,3,16917.51,12050,262159,134688.25,71961.5,132272.0,194998.75,12044.0,64425.0,33024.0,17323.5,22603.0,43514.0,1,1,4,1.1304347826086956,1.0,1.0,1.0,3,3,3.0,3.0,3.0,3.0,"Hypergraph(num_v=26, num_e=4)",True,0.26804113388061523
263,STATS,031-025-augF1-full1,orig,0.018445968627929688,0.13665199279785156,0,4,7,4,3,9423.04,1,101536,28398.25,4.75,6028.0,34421.5,1.0,2.0,1.6666666666666667,1.5,2.0,2.0,1,1,4,1.1304347826086956,1.0,1.0,1.0,3,3,3.0,3.0,3.0,3.0,"Hypergraph(num_v=26, num_e=4)",False,0.11820602416992188
264,STATS,031-025-augF1-full2,orig,0.019524812698364258,0.1390073299407959,0,4,7,4,3,9423.04,1,101536,28398.25,4.75,6028.0,34421.5,1.0,2.0,1.6666666666666667,1.5,2.0,2.0,1,1,4,1.1304347826086956,1.0,1.0,1.0,3,3,3.0,3.0,3.0,3.0,"Hypergraph(num_v=26, num_e=4)",False,0.11948251724243164
265,STATS,031-025-augF1-full3,orig,0.019147872924804688,0.1403493881225586,0,4,7,4,3,9423.04,1,101536,28398.25,4.75,6028.0,34421.5,1.0,2.0,1.6666666666666667,1.5,2.0,2.0,1,1,4,1.1304347826086956,1.0,1.0,1.0,3,3,3.0,3.0,3.0,3.0,"Hypergraph(num_v=26, num_e=4)",False,0.1212015151977539
266,STATS,031-025-augF2-full1,orig,0.0664212703704834,0.20545601844787598,0,4,7,4,3,13976.49,12050,101536,58314.75,23818.25,59836.5,94333.0,3632.0,12044.0,7498.0,5225.0,6818.0,9431.0,1,1,4,1.1304347826086956,1.0,1.0,1.0,3,3,3.0,3.0,3.0,3.0,"Hypergraph(num_v=26, num_e=4)",False,0.13903474807739258
267,STATS,031-025-augF2-full2,orig,0.06618523597717285,0.2075185775756836,0,4,7,4,3,13976.49,12050,101536,58314.75,23818.25,59836.5,94333.0,3632.0,12044.0,7498.0,5225.0,6818.0,9431.0,1,1,4,1.1304347826086956,1.0,1.0,1.0,3,3,3.0,3.0,3.0,3.0,"Hypergraph(num_v=26, num_e=4)",False,0.14133334159851074
268,STATS,031-025-augF2-full3,orig,0.06711125373840332,0.20698332786560059,0,4,7,4,3,13976.49,12050,101536,58314.75,23818.25,59836.5,94333.0,3632.0,12044.0,7498.0,5225.0,6818.0,9431.0,1,1,4,1.1304347826086956,1.0,1.0,1.0,3,3,3.0,3.0,3.0,3.0,"Hypergraph(num_v=26, num_e=4)",False,0.13987207412719727
269,STATS,032-086-full1,orig,0.2492687702178955,0.685589075088501,0,4,6,3,3,27883.55,40749,328064,148986.25,79169.25,113566.0,183383.0,131330.0,1035973.0,498455.6666666667,229697.0,328064.0,682018.5,1,1,3,1.125,1.0,1.0,1.0,3,3,3.0,3.0,3.0,3.0,"Hypergraph(num_v=27, num_e=4)",True,0.43632030487060547
270,STATS,032-086-full2,orig,0.25576257705688477,0.700998067855835,0,4,6,3,3,28139.55,40749,328064,148986.25,79169.25,113566.0,183383.0,131330.0,1035973.0,498455.6666666667,229697.0,328064.0,682018.5,1,1,3,1.125,1.0,1.0,1.0,3,3,3.0,3.0,3.0,3.0,"Hypergraph(num_v=27, num_e=4)",True,0.4452354907989502
271,STATS,032-086-full3,orig,0.24831366539001465,0.6742627620697021,0,4,6,3,3,27883.55,40749,328064,148986.25,79169.25,113566.0,183383.0,131330.0,1035973.0,498455.6666666667,229697.0,328064.0,682018.5,1,1,3,1.125,1.0,1.0,1.0,3,3,3.0,3.0,3.0,3.0,"Hypergraph(num_v=27, num_e=4)",True,0.4259490966796875
272,STATS,032-086-augF1-full1,orig,0.25854945182800293,0.7385337352752686,0,4,6,3,3,27914.07,40924,328064,149030.0,79213.0,113566.0,183383.0,131894.0,1040422.0,500126.6666666667,229979.0,328064.0,684243.0,1,1,3,1.125,1.0,1.0,1.0,3,3,3.0,3.0,3.0,3.0,"Hypergraph(num_v=27, num_e=4)",False,0.4799842834472656
273,STATS,032-086-augF1-full2,orig,0.2631568908691406,0.738152027130127,0,4,6,3,3,27914.07,40924,328064,149030.0,79213.0,113566.0,183383.0,131894.0,1040422.0,500126.6666666667,229979.0,328064.0,684243.0,1,1,3,1.125,1.0,1.0,1.0,3,3,3.0,3.0,3.0,3.0,"Hypergraph(num_v=27, num_e=4)",False,0.47499513626098633
274,STATS,032-086-augF1-full3,orig,0.26256895065307617,0.7423696517944336,0,4,6,3,3,28172.07,40924,328064,149030.0,79213.0,113566.0,183383.0,131894.0,1040422.0,500126.6666666667,229979.0,328064.0,684243.0,1,1,3,1.125,1.0,1.0,1.0,3,3,3.0,3.0,3.0,3.0,"Hypergraph(num_v=27, num_e=4)",False,0.4798007011413574
275,STATS,032-086-augF2-full1,orig,0.05919146537780762,0.14498496055603027,0,4,6,3,3,13329.51,1,192979,48295.75,1.0,101.5,48396.25,196.0,1546.0,1096.0,871.0,1546.0,1546.0,1,1,3,1.125,1.0,1.0,1.0,3,3,3.0,3.0,3.0,3.0,"Hypergraph(num_v=27, num_e=4)",False,0.08579349517822266
276,STATS,032-086-augF2-full2,orig,0.0595393180847168,0.14490604400634766,0,4,6,3,3,13329.51,1,192979,48295.75,1.0,101.5,48396.25,196.0,1546.0,1096.0,871.0,1546.0,1546.0,1,1,3,1.125,1.0,1.0,1.0,3,3,3.0,3.0,3.0,3.0,"Hypergraph(num_v=27, num_e=4)",False,0.08536672592163086
277,STATS,032-086-augF2-full3,orig,0.06020665168762207,0.14594817161560059,0,4,6,3,3,13329.51,1,192979,48295.75,1.0,101.5,48396.25,196.0,1546.0,1096.0,871.0,1546.0,1546.0,1,1,3,1.125,1.0,1.0,1.0,3,3,3.0,3.0,3.0,3.0,"Hypergraph(num_v=27, num_e=4)",False,0.08574151992797852
278,STATS,033-137-full1,orig,0.14416098594665527,0.3460540771484375,0,5,17,13,4,10231.24,1,174260,54066.0,5524.0,9585.0,80960.0,568.0,5147.0,1851.25,574.0,845.0,2122.25,1,1,3,1.0740740740740742,1.0,1.0,1.0,4,4,4.0,4.0,4.0,4.0,"Hypergraph(num_v=29, num_e=5)",True,0.20189309120178223
279,STATS,033-137-full2,orig,0.1400923728942871,0.32753944396972656,0,5,17,13,4,10231.24,1,174260,54066.0,5524.0,9585.0,80960.0,568.0,5147.0,1851.25,574.0,845.0,2122.25,1,1,3,1.0740740740740742,1.0,1.0,1.0,4,4,4.0,4.0,4.0,4.0,"Hypergraph(num_v=29, num_e=5)",True,0.18744707107543945
280,STATS,033-137-full3,orig,0.13657188415527344,0.3436164855957031,0,5,17,13,4,10231.24,1,174260,54066.0,5524.0,9585.0,80960.0,568.0,5147.0,1851.25,574.0,845.0,2122.25,1,1,3,1.0740740740740742,1.0,1.0,1.0,4,4,4.0,4.0,4.0,4.0,"Hypergraph(num_v=29, num_e=5)",True,0.2070446014404297
281,STATS,033-137-augF1-full1,orig,0.15414667129516602,0.3397104740142822,0,5,17,13,4,10235.43,1,174260,54081.8,5603.0,9585.0,80960.0,576.0,5219.0,1877.25,582.0,857.0,2152.25,1,1,3,1.0740740740740742,1.0,1.0,1.0,4,4,4.0,4.0,4.0,4.0,"Hypergraph(num_v=29, num_e=5)",False,0.1855638027191162
282,STATS,033-137-augF1-full2,orig,0.14990687370300293,0.343548059463501,0,5,17,13,4,10235.43,1,174260,54081.8,5603.0,9585.0,80960.0,576.0,5219.0,1877.25,582.0,857.0,2152.25,1,1,3,1.0740740740740742,1.0,1.0,1.0,4,4,4.0,4.0,4.0,4.0,"Hypergraph(num_v=29, num_e=5)",False,0.19364118576049805
283,STATS,033-137-augF1-full3,orig,0.15048694610595703,0.33947277069091797,0,5,17,13,4,10235.43,1,174260,54081.8,5603.0,9585.0,80960.0,576.0,5219.0,1877.25,582.0,857.0,2152.25,1,1,3,1.0740740740740742,1.0,1.0,1.0,4,4,4.0,4.0,4.0,4.0,"Hypergraph(num_v=29, num_e=5)",False,0.18898582458496094
284,STATS,033-137-augF2-full1,orig,0.1434481143951416,0.3552896976470947,0,5,17,13,4,10249.8,1,174260,54184.4,5524.0,10177.0,80960.0,602.0,5463.0,1964.25,608.75,896.0,2251.5,1,1,3,1.0740740740740742,1.0,1.0,1.0,4,4,4.0,4.0,4.0,4.0,"Hypergraph(num_v=29, num_e=5)",False,0.21184158325195312
285,STATS,033-137-augF2-full2,orig,0.14869928359985352,0.32076358795166016,0,5,17,13,4,10249.8,1,174260,54184.4,5524.0,10177.0,80960.0,602.0,5463.0,1964.25,608.75,896.0,2251.5,1,1,3,1.0740740740740742,1.0,1.0,1.0,4,4,4.0,4.0,4.0,4.0,"Hypergraph(num_v=29, num_e=5)",False,0.17206430435180664
286,STATS,033-137-augF2-full3,orig,0.14434099197387695,0.35370326042175293,0,5,17,13,4,10249.8,1,174260,54184.4,5524.0,10177.0,80960.0,602.0,5463.0,1964.25,608.75,896.0,2251.5,1,1,3,1.0740740740740742,1.0,1.0,1.0,4,4,4.0,4.0,4.0,4.0,"Hypergraph(num_v=29, num_e=5)",False,0.20936226844787598
287,STATS,034-016-full1,orig,0.12545251846313477,0.296337366104126,0,3,9,7,2,11012.46,39136,135156,85053.33333333333,60002.0,80868.0,108012.0,76677.0,10805592.0,5441134.5,2758905.75,5441134.5,8123363.25,1,1,3,1.1666666666666667,1.0,1.0,1.0,2,2,2.0,2.0,2.0,2.0,"Hypergraph(num_v=14, num_e=3)",True,0.1708848476409912
288,STATS,034-016-full2,orig,0.12364816665649414,0.2965970039367676,0,3,9,7,2,11012.46,39136,135156,85053.33333333333,60002.0,80868.0,108012.0,76677.0,10805592.0,5441134.5,2758905.75,5441134.5,8123363.25,1,1,3,1.1666666666666667,1.0,1.0,1.0,2,2,2.0,2.0,2.0,2.0,"Hypergraph(num_v=14, num_e=3)",True,0.17294883728027344
289,STATS,034-016-full3,orig,0.12441611289978027,0.30130481719970703,0,3,9,7,2,11012.46,39136,135156,85053.33333333333,60002.0,80868.0,108012.0,76677.0,10805592.0,5441134.5,2758905.75,5441134.5,8123363.25,1,1,3,1.1666666666666667,1.0,1.0,1.0,2,2,2.0,2.0,2.0,2.0,"Hypergraph(num_v=14, num_e=3)",True,0.17688870429992676
290,STATS,034-016-augF1-full1,orig,0.12232303619384766,0.29469752311706543,0,3,9,7,2,10851.02,39136,135156,83858.33333333333,58209.5,77283.0,106219.5,73278.0,10326564.0,5199921.0,2636599.5,5199921.0,7763242.5,1,1,3,1.1666666666666667,1.0,1.0,1.0,2,2,2.0,2.0,2.0,2.0,"Hypergraph(num_v=14, num_e=3)",False,0.17237448692321777
291,STATS,034-016-augF1-full2,orig,0.12315630912780762,0.29964303970336914,0,3,9,7,2,10851.02,39136,135156,83858.33333333333,58209.5,77283.0,106219.5,73278.0,10326564.0,5199921.0,2636599.5,5199921.0,7763242.5,1,1,3,1.1666666666666667,1.0,1.0,1.0,2,2,2.0,2.0,2.0,2.0,"Hypergraph(num_v=14, num_e=3)",False,0.17648673057556152
292,STATS,034-016-augF1-full3,orig,0.12237787246704102,0.2907748222351074,0,3,9,7,2,10851.02,39136,135156,83858.33333333333,58209.5,77283.0,106219.5,73278.0,10326564.0,5199921.0,2636599.5,5199921.0,7763242.5,1,1,3,1.1666666666666667,1.0,1.0,1.0,2,2,2.0,2.0,2.0,2.0,"Hypergraph(num_v=14, num_e=3)",False,0.1683969497680664
293,STATS,034-016-augF2-full1,orig,0.06932425498962402,0.22836565971374512,0,3,9,7,2,10518.29,34201,135156,83408.33333333333,57534.5,80868.0,108012.0,67008.0,9443021.0,4755014.5,2411011.25,4755014.5,7099017.75,1,1,3,1.1666666666666667,1.0,1.0,1.0,2,2,2.0,2.0,2.0,2.0,"Hypergraph(num_v=14, num_e=3)",False,0.1590414047241211
294,STATS,034-016-augF2-full2,orig,0.0682218074798584,0.22183442115783691,0,3,9,7,2,10518.29,34201,135156,83408.33333333333,57534.5,80868.0,108012.0,67008.0,9443021.0,4755014.5,2411011.25,4755014.5,7099017.75,1,1,3,1.1666666666666667,1.0,1.0,1.0,2,2,2.0,2.0,2.0,2.0,"Hypergraph(num_v=14, num_e=3)",False,0.15361261367797852
295,STATS,034-016-augF2-full3,orig,0.06827783584594727,0.22525525093078613,0,3,9,7,2,10518.29,34201,135156,83408.33333333333,57534.5,80868.0,108012.0,67008.0,9443021.0,4755014.5,2411011.25,4755014.5,7099017.75,1,1,3,1.1666666666666667,1.0,1.0,1.0,2,2,2.0,2.0,2.0,2.0,"Hypergraph(num_v=14, num_e=3)",False,0.15697741508483887
296,STATS,035-020-full1,orig,0.18392634391784668,0.5980005264282227,0,3,8,6,2,12417.85,41224,293916,141317.0,65017.5,88811.0,191363.5,279360.0,283802.0,281581.0,280470.5,281581.0,282691.5,1,1,2,1.05,1.0,1.0,1.0,2,2,2.0,2.0,2.0,2.0,"Hypergraph(num_v=21, num_e=3)",True,0.414074182510376
297,STATS,035-020-full2,orig,0.1819148063659668,0.5940017700195312,0,3,8,6,2,12417.85,41224,293916,141317.0,65017.5,88811.0,191363.5,279360.0,283802.0,281581.0,280470.5,281581.0,282691.5,1,1,2,1.05,1.0,1.0,1.0,2,2,2.0,2.0,2.0,2.0,"Hypergraph(num_v=21, num_e=3)",True,0.41208696365356445
298,STATS,035-020-full3,orig,0.18066787719726562,0.596095085144043,0,3,8,6,2,12417.85,41224,293916,141317.0,65017.5,88811.0,191363.5,279360.0,283802.0,281581.0,280470.5,281581.0,282691.5,1,1,2,1.05,1.0,1.0,1.0,2,2,2.0,2.0,2.0,2.0,"Hypergraph(num_v=21, num_e=3)",True,0.41542720794677734
299,STATS,035-020-augF1-full1,orig,0.1392042636871338,0.3700747489929199,0,3,8,6,2,12243.99,27315,293916,136680.66666666666,58063.0,88811.0,191363.5,185104.0,283802.0,234453.0,209778.5,234453.0,259127.5,1,1,2,1.05,1.0,1.0,1.0,2,2,2.0,2.0,2.0,2.0,"Hypergraph(num_v=21, num_e=3)",False,0.23087048530578613
300,STATS,035-020-augF1-full2,orig,0.13118600845336914,0.36728596687316895,0,3,8,6,2,12243.99,27315,293916,136680.66666666666,58063.0,88811.0,191363.5,185104.0,283802.0,234453.0,209778.5,234453.0,259127.5,1,1,2,1.05,1.0,1.0,1.0,2,2,2.0,2.0,2.0,2.0,"Hypergraph(num_v=21, num_e=3)",False,0.2360999584197998
301,STATS,035-020-augF1-full3,orig,0.13376808166503906,0.35533809661865234,0,3,8,6,2,12243.99,27315,293916,136680.66666666666,58063.0,88811.0,191363.5,185104.0,283802.0,234453.0,209778.5,234453.0,259127.5,1,1,2,1.05,1.0,1.0,1.0,2,2,2.0,2.0,2.0,2.0,"Hypergraph(num_v=21, num_e=3)",False,0.22157001495361328
302,STATS,035-020-augF2-full1,orig,0.16014909744262695,0.5625989437103271,0,3,8,6,2,12178.46,41224,293916,137497.0,59287.5,77351.0,185633.5,243312.0,247181.0,245246.5,244279.25,245246.5,246213.75,1,1,2,1.05,1.0,1.0,1.0,2,2,2.0,2.0,2.0,2.0,"Hypergraph(num_v=21, num_e=3)",False,0.4024498462677002
303,STATS,035-020-augF2-full2,orig,0.15934014320373535,0.5602385997772217,0,3,8,6,2,12178.46,41224,293916,137497.0,59287.5,77351.0,185633.5,243312.0,247181.0,245246.5,244279.25,245246.5,246213.75,1,1,2,1.05,1.0,1.0,1.0,2,2,2.0,2.0,2.0,2.0,"Hypergraph(num_v=21, num_e=3)",False,0.40089845657348633
304,STATS,035-020-augF2-full3,orig,0.1670372486114502,0.5687353610992432,0,3,8,6,2,12178.46,41224,293916,137497.0,59287.5,77351.0,185633.5,243312.0,247181.0,245246.5,244279.25,245246.5,246213.75,1,1,2,1.05,1.0,1.0,1.0,2,2,2.0,2.0,2.0,2.0,"Hypergraph(num_v=21, num_e=3)",False,0.40169811248779297
305,STATS,036-100-full1,orig,0.1994471549987793,0.6006033420562744,0,4,10,7,3,19189.43,40362,328064,146003.75,41053.5,107794.5,212744.75,75403.0,268951.0,140864.0,76820.5,78238.0,173594.5,1,1,3,1.125,1.0,1.0,1.0,3,3,3.0,3.0,3.0,3.0,"Hypergraph(num_v=27, num_e=4)",True,0.4011561870574951
306,STATS,036-100-full2,orig,0.20345187187194824,0.6133484840393066,0,4,10,7,3,19189.43,40362,328064,146003.75,41053.5,107794.5,212744.75,75403.0,268951.0,140864.0,76820.5,78238.0,173594.5,1,1,3,1.125,1.0,1.0,1.0,3,3,3.0,3.0,3.0,3.0,"Hypergraph(num_v=27, num_e=4)",True,0.4098966121673584
307,STATS,036-100-full3,orig,0.2030963897705078,0.5996437072753906,0,4,10,7,3,19189.43,40362,328064,146003.75,41053.5,107794.5,212744.75,75403.0,268951.0,140864.0,76820.5,78238.0,173594.5,1,1,3,1.125,1.0,1.0,1.0,3,3,3.0,3.0,3.0,3.0,"Hypergraph(num_v=27, num_e=4)",True,0.3965473175048828
308,STATS,036-100-augF1-full1,orig,0.1976642608642578,0.5907599925994873,0,4,10,7,3,19191.47,40382,328064,146008.75,41058.5,107794.5,212744.75,75440.0,269085.0,140921.0,76839.0,78238.0,173661.5,1,1,3,1.125,1.0,1.0,1.0,3,3,3.0,3.0,3.0,3.0,"Hypergraph(num_v=27, num_e=4)",False,0.3930957317352295
309,STATS,036-100-augF1-full2,orig,0.19801568984985352,0.5931980609893799,0,4,10,7,3,19191.47,40382,328064,146008.75,41058.5,107794.5,212744.75,75440.0,269085.0,140921.0,76839.0,78238.0,173661.5,1,1,3,1.125,1.0,1.0,1.0,3,3,3.0,3.0,3.0,3.0,"Hypergraph(num_v=27, num_e=4)",False,0.39518237113952637
310,STATS,036-100-augF1-full3,orig,0.20154452323913574,0.5947070121765137,0,4,10,7,3,19191.47,40382,328064,146008.75,41058.5,107794.5,212744.75,75440.0,269085.0,140921.0,76839.0,78238.0,173661.5,1,1,3,1.125,1.0,1.0,1.0,3,3,3.0,3.0,3.0,3.0,"Hypergraph(num_v=27, num_e=4)",False,0.39316248893737793
311,STATS,036-100-augF2-full1,orig,0.04929518699645996,0.2271885871887207,0,4,10,7,3,12866.55,1,192979,73964.0,258.25,51438.0,125143.75,384.0,2242.0,1331.3333333333333,876.0,1368.0,1805.0,1,1,3,1.125,1.0,1.0,1.0,3,3,3.0,3.0,3.0,3.0,"Hypergraph(num_v=27, num_e=4)",False,0.17789340019226074
312,STATS,036-100-augF2-full2,orig,0.05358529090881348,0.2222902774810791,0,4,10,7,3,12866.55,1,192979,73964.0,258.25,51438.0,125143.75,384.0,2242.0,1331.3333333333333,876.0,1368.0,1805.0,1,1,3,1.125,1.0,1.0,1.0,3,3,3.0,3.0,3.0,3.0,"Hypergraph(num_v=27, num_e=4)",False,0.16870498657226562
313,STATS,036-100-augF2-full3,orig,0.050736188888549805,0.22836828231811523,0,4,10,7,3,12866.55,1,192979,73964.0,258.25,51438.0,125143.75,384.0,2242.0,1331.3333333333333,876.0,1368.0,1805.0,1,1,3,1.125,1.0,1.0,1.0,3,3,3.0,3.0,3.0,3.0,"Hypergraph(num_v=27, num_e=4)",False,0.17763209342956543
314,STATS,037-013-full1,orig,0.14812684059143066,0.3185567855834961,0,3,5,3,2,13794.39,40836,328064,180496.0,106712.0,172588.0,250326.0,35206.0,11765388.0,5900297.0,2967751.5,5900297.0,8832842.5,1,1,3,1.1333333333333333,1.0,1.0,1.0,2,2,2.0,2.0,2.0,2.0,"Hypergraph(num_v=17, num_e=3)",True,0.17042994499206543
315,STATS,037-013-full2,orig,0.14714574813842773,0.31794095039367676,0,3,5,3,2,13794.39,40836,328064,180496.0,106712.0,172588.0,250326.0,35206.0,11765388.0,5900297.0,2967751.5,5900297.0,8832842.5,1,1,3,1.1333333333333333,1.0,1.0,1.0,2,2,2.0,2.0,2.0,2.0,"Hypergraph(num_v=17, num_e=3)",True,0.17079520225524902
316,STATS,037-013-full3,orig,0.14740204811096191,0.31801652908325195,0,3,5,3,2,13794.39,40836,328064,180496.0,106712.0,172588.0,250326.0,35206.0,11765388.0,5900297.0,2967751.5,5900297.0,8832842.5,1,1,3,1.1333333333333333,1.0,1.0,1.0,2,2,2.0,2.0,2.0,2.0,"Hypergraph(num_v=17, num_e=3)",True,0.17061448097229004
317,STATS,037-013-augF1-full1,orig,0.18931794166564941,0.3627798557281494,0,3,5,3,2,13802.1,40968,328064,180540.0,106778.0,172588.0,250326.0,35319.0,11803419.0,5919369.0,2977344.0,5919369.0,8861394.0,1,1,3,1.1333333333333333,1.0,1.0,1.0,2,2,2.0,2.0,2.0,2.0,"Hypergraph(num_v=17, num_e=3)",False,0.1734619140625
318,STATS,037-013-augF1-full2,orig,0.1914379596710205,0.3676159381866455,0,3,5,3,2,13802.1,40968,328064,180540.0,106778.0,172588.0,250326.0,35319.0,11803419.0,5919369.0,2977344.0,5919369.0,8861394.0,1,1,3,1.1333333333333333,1.0,1.0,1.0,2,2,2.0,2.0,2.0,2.0,"Hypergraph(num_v=17, num_e=3)",False,0.176177978515625
319,STATS,037-013-augF1-full3,orig,0.19109869003295898,0.36200690269470215,0,3,5,3,2,13802.1,40968,328064,180540.0,106778.0,172588.0,250326.0,35319.0,11803419.0,5919369.0,2977344.0,5919369.0,8861394.0,1,1,3,1.1333333333333333,1.0,1.0,1.0,2,2,2.0,2.0,2.0,2.0,"Hypergraph(num_v=17, num_e=3)",False,0.17090821266174316
320,STATS,037-013-augF2-full1,orig,0.14861750602722168,0.31852030754089355,0,3,5,3,2,13802.37,40836,328064,180715.0,107040.5,173245.0,250654.5,35206.0,11810176.0,5922691.0,2978948.5,5922691.0,8866433.5,1,1,3,1.1333333333333333,1.0,1.0,1.0,2,2,2.0,2.0,2.0,2.0,"Hypergraph(num_v=17, num_e=3)",False,0.16990280151367188
321,STATS,037-013-augF2-full2,orig,0.14363741874694824,0.32146573066711426,0,3,5,3,2,13802.37,40836,328064,180715.0,107040.5,173245.0,250654.5,35206.0,11810176.0,5922691.0,2978948.5,5922691.0,8866433.5,1,1,3,1.1333333333333333,1.0,1.0,1.0,2,2,2.0,2.0,2.0,2.0,"Hypergraph(num_v=17, num_e=3)",False,0.17782831192016602
322,STATS,037-013-augF2-full3,orig,0.1477198600769043,0.32572102546691895,0,3,5,3,2,13802.37,40836,328064,180715.0,107040.5,173245.0,250654.5,35206.0,11810176.0,5922691.0,2978948.5,5922691.0,8866433.5,1,1,3,1.1333333333333333,1.0,1.0,1.0,2,2,2.0,2.0,2.0,2.0,"Hypergraph(num_v=17, num_e=3)",False,0.17800116539001465
323,STATS,038-011-full1,orig,0.14724373817443848,0.3208901882171631,0,3,13,11,2,9569.86,17604,135156,63966.0,28371.0,39138.0,87147.0,16452.0,7528951.0,3772701.5,1894576.75,3772701.5,5650826.25,1,1,3,1.105263157894737,1.0,1.0,1.0,2,2,2.0,2.0,2.0,2.0,"Hypergraph(num_v=21, num_e=3)",True,0.1736464500427246
324,STATS,038-011-full2,orig,0.14714407920837402,0.31398868560791016,0,3,13,11,2,9569.86,17604,135156,63966.0,28371.0,39138.0,87147.0,16452.0,7528951.0,3772701.5,1894576.75,3772701.5,5650826.25,1,1,3,1.105263157894737,1.0,1.0,1.0,2,2,2.0,2.0,2.0,2.0,"Hypergraph(num_v=21, num_e=3)",True,0.16684460639953613
325,STATS,038-011-full3,orig,0.14755916595458984,0.31484055519104004,0,3,13,11,2,9569.86,17604,135156,63966.0,28371.0,39138.0,87147.0,16452.0,7528951.0,3772701.5,1894576.75,3772701.5,5650826.25,1,1,3,1.105263157894737,1.0,1.0,1.0,2,2,2.0,2.0,2.0,2.0,"Hypergraph(num_v=21, num_e=3)",True,0.1672813892364502
326,STATS,038-011-augF1-full1,orig,0.14832186698913574,0.313981294631958,0,3,13,11,2,9584.22,17928,135156,64074.0,28533.0,39138.0,87147.0,16754.0,7667521.0,3842137.5,1929445.75,3842137.5,5754829.25,1,1,3,1.105263157894737,1.0,1.0,1.0,2,2,2.0,2.0,2.0,2.0,"Hypergraph(num_v=21, num_e=3)",False,0.16565942764282227
327,STATS,038-011-augF1-full2,orig,0.14839816093444824,0.3216853141784668,0,3,13,11,2,9584.22,17928,135156,64074.0,28533.0,39138.0,87147.0,16754.0,7667521.0,3842137.5,1929445.75,3842137.5,5754829.25,1,1,3,1.105263157894737,1.0,1.0,1.0,2,2,2.0,2.0,2.0,2.0,"Hypergraph(num_v=21, num_e=3)",False,0.17328715324401855
328,STATS,038-011-augF1-full3,orig,0.14651060104370117,0.321122407913208,0,3,13,11,2,9584.22,17928,135156,64074.0,28533.0,39138.0,87147.0,16754.0,7667521.0,3842137.5,1929445.75,3842137.5,5754829.25,1,1,3,1.105263157894737,1.0,1.0,1.0,2,2,2.0,2.0,2.0,2.0,"Hypergraph(num_v=21, num_e=3)",False,0.17461180686950684
329,STATS,038-011-augF2-full1,orig,0.03018784523010254,0.07622885704040527,0,3,13,11,2,7387.1,1,135156,45061.66666666666,14.5,28.0,67592.0,26.0,11975.0,6000.5,3013.25,6000.5,8987.75,1,1,3,1.105263157894737,1.0,1.0,1.0,2,2,2.0,2.0,2.0,2.0,"Hypergraph(num_v=21, num_e=3)",False,0.046041011810302734
330,STATS,038-011-augF2-full2,orig,0.030151844024658203,0.07569742202758789,0,3,13,11,2,7387.1,1,135156,45061.66666666666,14.5,28.0,67592.0,26.0,11975.0,6000.5,3013.25,6000.5,8987.75,1,1,3,1.105263157894737,1.0,1.0,1.0,2,2,2.0,2.0,2.0,2.0,"Hypergraph(num_v=21, num_e=3)",False,0.04554557800292969
331,STATS,038-011-augF2-full3,orig,0.03014826774597168,0.07405805587768555,0,3,13,11,2,7387.1,1,135156,45061.66666666666,14.5,28.0,67592.0,26.0,11975.0,6000.5,3013.25,6000.5,8987.75,1,1,3,1.105263157894737,1.0,1.0,1.0,2,2,2.0,2.0,2.0,2.0,"Hypergraph(num_v=21, num_e=3)",False,0.04390978813171387
332,STATS,039-117-full1,orig,0.24202871322631836,0.7083621025085449,0,4,10,7,3,24727.66,40199,300277,161412.75,42002.75,152587.5,271997.5,116745.0,381141.0,206503.66666666663,119185.0,121625.0,251383.0,1,1,3,1.125,1.0,1.0,1.0,3,3,3.0,3.0,3.0,3.0,"Hypergraph(num_v=27, num_e=4)",True,0.46633338928222656
333,STATS,039-117-full2,orig,0.2408599853515625,0.6943082809448242,0,4,10,7,3,24727.66,40199,300277,161412.75,42002.75,152587.5,271997.5,116745.0,381141.0,206503.66666666663,119185.0,121625.0,251383.0,1,1,3,1.125,1.0,1.0,1.0,3,3,3.0,3.0,3.0,3.0,"Hypergraph(num_v=27, num_e=4)",True,0.4534482955932617
334,STATS,039-117-full3,orig,0.24214863777160645,0.6996338367462158,0,4,10,7,3,24727.66,40199,300277,161412.75,42002.75,152587.5,271997.5,116745.0,381141.0,206503.66666666663,119185.0,121625.0,251383.0,1,1,3,1.125,1.0,1.0,1.0,3,3,3.0,3.0,3.0,3.0,"Hypergraph(num_v=27, num_e=4)",True,0.4574851989746094
335,STATS,039-117-augF1-full1,orig,0.28096628189086914,0.7762224674224854,0,4,10,7,3,24816.53,40818,300277,161567.5,42157.5,152587.5,271997.5,118542.0,387010.0,209059.0,120083.5,121625.0,254317.5,1,1,3,1.125,1.0,1.0,1.0,3,3,3.0,3.0,3.0,3.0,"Hypergraph(num_v=27, num_e=4)",False,0.4952561855316162
336,STATS,039-117-augF1-full2,orig,0.2747516632080078,0.7656314373016357,0,4,10,7,3,24816.53,40818,300277,161567.5,42157.5,152587.5,271997.5,118542.0,387010.0,209059.0,120083.5,121625.0,254317.5,1,1,3,1.125,1.0,1.0,1.0,3,3,3.0,3.0,3.0,3.0,"Hypergraph(num_v=27, num_e=4)",False,0.49087977409362793
337,STATS,039-117-augF1-full3,orig,0.2850611209869385,0.7780592441558838,0,4,10,7,3,24816.53,40818,300277,161567.5,42157.5,152587.5,271997.5,118542.0,387010.0,209059.0,120083.5,121625.0,254317.5,1,1,3,1.125,1.0,1.0,1.0,3,3,3.0,3.0,3.0,3.0,"Hypergraph(num_v=27, num_e=4)",False,0.4929981231689453
338,STATS,039-117-augF2-full1,orig,0.2425680160522461,0.7032628059387207,0,4,10,7,3,24695.42,40199,300277,161356.75,41834.75,152475.5,271997.5,116130.0,379135.0,205416.66666666663,118557.5,120985.0,250060.0,1,1,3,1.125,1.0,1.0,1.0,3,3,3.0,3.0,3.0,3.0,"Hypergraph(num_v=27, num_e=4)",False,0.4606947898864746
339,STATS,039-117-augF2-full2,orig,0.24309778213500977,0.707796573638916,0,4,10,7,3,24695.42,40199,300277,161356.75,41834.75,152475.5,271997.5,116130.0,379135.0,205416.66666666663,118557.5,120985.0,250060.0,1,1,3,1.125,1.0,1.0,1.0,3,3,3.0,3.0,3.0,3.0,"Hypergraph(num_v=27, num_e=4)",False,0.46469879150390625
340,STATS,039-117-augF2-full3,orig,0.24245643615722656,0.7097992897033691,0,4,10,7,3,24695.42,40199,300277,161356.75,41834.75,152475.5,271997.5,116130.0,379135.0,205416.66666666663,118557.5,120985.0,250060.0,1,1,3,1.125,1.0,1.0,1.0,3,3,3.0,3.0,3.0,3.0,"Hypergraph(num_v=27, num_e=4)",False,0.4673428535461426
341,STATS,040-101-full1,orig,0.27211785316467285,0.8037524223327637,0,4,11,8,3,23287.01,41275,327549,147635.5,75690.25,110859.0,182804.25,125673.0,447551.0,233579.0,126593.0,127513.0,287532.0,1,1,3,1.125,1.0,1.0,1.0,3,3,3.0,3.0,3.0,3.0,"Hypergraph(num_v=27, num_e=4)",True,0.5316345691680908
342,STATS,040-101-full2,orig,0.2783212661743164,0.8081474304199219,0,4,11,8,3,23287.01,41275,327549,147635.5,75690.25,110859.0,182804.25,125673.0,447551.0,233579.0,126593.0,127513.0,287532.0,1,1,3,1.125,1.0,1.0,1.0,3,3,3.0,3.0,3.0,3.0,"Hypergraph(num_v=27, num_e=4)",True,0.5298261642456055
343,STATS,040-101-full3,orig,0.2775132656097412,0.8156299591064453,0,4,11,8,3,23287.01,41275,327549,147635.5,75690.25,110859.0,182804.25,125673.0,447551.0,233579.0,126593.0,127513.0,287532.0,1,1,3,1.125,1.0,1.0,1.0,3,3,3.0,3.0,3.0,3.0,"Hypergraph(num_v=27, num_e=4)",True,0.5381166934967041
344,STATS,040-101-augF1-full1,orig,0.2991814613342285,0.8453116416931152,0,4,11,8,3,23393.78,41275,327549,147947.0,76624.75,111482.0,182804.25,127469.0,453949.0,236918.0,128402.5,129336.0,291642.5,1,1,3,1.125,1.0,1.0,1.0,3,3,3.0,3.0,3.0,3.0,"Hypergraph(num_v=27, num_e=4)",False,0.5461301803588867
345,STATS,040-101-augF1-full2,orig,0.2995901107788086,0.8419263362884521,0,4,11,8,3,23393.78,41275,327549,147947.0,76624.75,111482.0,182804.25,127469.0,453949.0,236918.0,128402.5,129336.0,291642.5,1,1,3,1.125,1.0,1.0,1.0,3,3,3.0,3.0,3.0,3.0,"Hypergraph(num_v=27, num_e=4)",False,0.5423362255096436
346,STATS,040-101-augF1-full3,orig,0.29640746116638184,0.8481557369232178,0,4,11,8,3,23393.78,41275,327549,147947.0,76624.75,111482.0,182804.25,127469.0,453949.0,236918.0,128402.5,129336.0,291642.5,1,1,3,1.125,1.0,1.0,1.0,3,3,3.0,3.0,3.0,3.0,"Hypergraph(num_v=27, num_e=4)",False,0.5517482757568359
347,STATS,040-101-augF2-full1,orig,0.06763982772827148,0.24961256980895996,0,4,11,8,3,14528.05,2027,192676,78782.25,31463.0,60213.0,107532.25,1719.0,6122.0,3195.0,1731.5,1744.0,3933.0,1,1,3,1.125,1.0,1.0,1.0,3,3,3.0,3.0,3.0,3.0,"Hypergraph(num_v=27, num_e=4)",False,0.18197274208068848
348,STATS,040-101-augF2-full2,orig,0.06920957565307617,0.25597596168518066,0,4,11,8,3,14528.05,2027,192676,78782.25,31463.0,60213.0,107532.25,1719.0,6122.0,3195.0,1731.5,1744.0,3933.0,1,1,3,1.125,1.0,1.0,1.0,3,3,3.0,3.0,3.0,3.0,"Hypergraph(num_v=27, num_e=4)",False,0.1867663860321045
349,STATS,040-101-augF2-full3,orig,0.06815958023071289,0.2546055316925049,0,4,11,8,3,14528.05,2027,192676,78782.25,31463.0,60213.0,107532.25,1719.0,6122.0,3195.0,1731.5,1744.0,3933.0,1,1,3,1.125,1.0,1.0,1.0,3,3,3.0,3.0,3.0,3.0,"Hypergraph(num_v=27, num_e=4)",False,0.186445951461792
350,STATS,041-078-full1,orig,0.19582128524780273,0.5578794479370117,0,6,10,5,5,16789.88,1,178345,60439.5,200.25,40879.0,97139.0,98.0,19637.0,4700.0,99.0,323.0,3343.0,1,1,4,1.1666666666666667,1.0,1.0,1.0,5,5,5.0,5.0,5.0,5.0,"Hypergraph(num_v=35, num_e=6)",True,0.362058162689209
351,STATS,041-078-full2,orig,0.19174933433532715,0.5745506286621094,0,6,10,5,5,16789.88,1,178345,60439.5,200.25,40879.0,97139.0,98.0,19637.0,4700.0,99.0,323.0,3343.0,1,1,4,1.1666666666666667,1.0,1.0,1.0,5,5,5.0,5.0,5.0,5.0,"Hypergraph(num_v=35, num_e=6)",True,0.3828012943267822
352,STATS,041-078-full3,orig,0.1934964656829834,0.5399143695831299,0,6,10,5,5,16789.88,1,178345,60439.5,200.25,40879.0,97139.0,98.0,19637.0,4700.0,99.0,323.0,3343.0,1,1,4,1.1666666666666667,1.0,1.0,1.0,5,5,5.0,5.0,5.0,5.0,"Hypergraph(num_v=35, num_e=6)",True,0.3464179039001465
353,STATS,041-078-augF1-full1,orig,0.2834956645965576,0.6267695426940918,0,6,10,5,5,17163.17,1,178345,60476.833333333336,256.25,40991.0,97139.0,126.0,25172.0,6025.0,128.0,414.0,4285.0,1,1,4,1.1666666666666667,1.0,1.0,1.0,5,5,5.0,5.0,5.0,5.0,"Hypergraph(num_v=35, num_e=6)",False,0.3432738780975342
354,STATS,041-078-augF1-full2,orig,0.2859823703765869,0.6316566467285156,0,6,10,5,5,17163.17,1,178345,60476.833333333336,256.25,40991.0,97139.0,126.0,25172.0,6025.0,128.0,414.0,4285.0,1,1,4,1.1666666666666667,1.0,1.0,1.0,5,5,5.0,5.0,5.0,5.0,"Hypergraph(num_v=35, num_e=6)",False,0.3456742763519287
355,STATS,041-078-augF1-full3,orig,0.2891201972961426,0.6376948356628418,0,6,10,5,5,17163.17,1,178345,60476.833333333336,256.25,40991.0,97139.0,126.0,25172.0,6025.0,128.0,414.0,4285.0,1,1,4,1.1666666666666667,1.0,1.0,1.0,5,5,5.0,5.0,5.0,5.0,"Hypergraph(num_v=35, num_e=6)",False,0.3485746383666992
356,STATS,041-078-augF2-full1,orig,0.07455825805664062,0.4232509136199951,0,6,10,5,5,16760.9,1,178345,60439.5,200.25,40879.0,97139.0,71.0,14279.0,3600.0,72.0,235.0,3343.0,1,1,4,1.1666666666666667,1.0,1.0,1.0,5,5,5.0,5.0,5.0,5.0,"Hypergraph(num_v=35, num_e=6)",False,0.3486926555633545
357,STATS,041-078-augF2-full2,orig,0.0749366283416748,0.46158266067504883,0,6,10,5,5,16760.9,1,178345,60439.5,200.25,40879.0,97139.0,71.0,14279.0,3600.0,72.0,235.0,3343.0,1,1,4,1.1666666666666667,1.0,1.0,1.0,5,5,5.0,5.0,5.0,5.0,"Hypergraph(num_v=35, num_e=6)",False,0.386646032333374
358,STATS,041-078-augF2-full3,orig,0.07628822326660156,0.4335763454437256,0,6,10,5,5,16760.9,1,178345,60439.5,200.25,40879.0,97139.0,71.0,14279.0,3600.0,72.0,235.0,3343.0,1,1,4,1.1666666666666667,1.0,1.0,1.0,5,5,5.0,5.0,5.0,5.0,"Hypergraph(num_v=35, num_e=6)",False,0.357288122177124
359,STATS,042-006-full1,orig,0.1467139720916748,0.22716975212097168,0,2,6,5,1,36512.69,41837,80732,61284.5,51560.75,61284.5,71008.25,1492367.0,1492367.0,1492367.0,1492367.0,1492367.0,1492367.0,1,1,2,1.0833333333333333,1.0,1.0,1.0,1,1,1.0,1.0,1.0,1.0,"Hypergraph(num_v=13, num_e=2)",True,0.08045578002929688
360,STATS,042-006-augF1-full1,orig,0.10491347312927246,0.17526626586914062,0,2,6,5,1,29982.62,31355,80732,56043.5,43699.25,56043.5,68387.75,1118463.0,1118463.0,1118463.0,1118463.0,1118463.0,1118463.0,1,1,2,1.0833333333333333,1.0,1.0,1.0,1,1,1.0,1.0,1.0,1.0,"Hypergraph(num_v=13, num_e=2)",False,0.07035279273986816
361,STATS,042-006-augF2-full1,orig,0.14653825759887695,0.22749996185302734,0,2,6,5,1,36593.2,41837,80952,61394.5,51615.75,61394.5,71173.25,1496433.0,1496433.0,1496433.0,1496433.0,1496433.0,1496433.0,1,1,2,1.0833333333333333,1.0,1.0,1.0,1,1,1.0,1.0,1.0,1.0,"Hypergraph(num_v=13, num_e=2)",False,0.08096170425415039
362,STATS,043-076-full1,orig,0.3298320770263672,0.7550492286682129,0,6,15,10,5,28901.14,19167,262571,110996.66666666669,48589.25,86069.0,153523.25,19001.0,3318973.0,710184.6,36009.0,74142.0,102798.0,1,1,4,1.1666666666666667,1.0,1.0,1.0,5,5,5.0,5.0,5.0,5.0,"Hypergraph(num_v=35, num_e=6)",True,0.4252171516418457
363,STATS,043-076-full2,orig,0.3252894878387451,0.7485606670379639,0,6,15,10,5,28901.14,19167,262571,110996.66666666669,48589.25,86069.0,153523.25,19001.0,3318973.0,710184.6,36009.0,74142.0,102798.0,1,1,4,1.1666666666666667,1.0,1.0,1.0,5,5,5.0,5.0,5.0,5.0,"Hypergraph(num_v=35, num_e=6)",True,0.42327117919921875
364,STATS,043-076-full3,orig,0.3307459354400635,0.7547605037689209,0,6,15,10,5,28901.14,19167,262571,110996.66666666669,48589.25,86069.0,153523.25,19001.0,3318973.0,710184.6,36009.0,74142.0,102798.0,1,1,4,1.1666666666666667,1.0,1.0,1.0,5,5,5.0,5.0,5.0,5.0,"Hypergraph(num_v=35, num_e=6)",True,0.4240145683288574
365,STATS,043-076-augF1-full1,orig,0.0637812614440918,1.3369255065917969,0,6,15,10,5,18066.03,1,154454,65270.833333333336,13441.5,67297.0,97139.0,48.0,7555.0,1600.2,49.0,138.0,211.0,1,1,4,1.1666666666666667,1.0,1.0,1.0,5,5,5.0,5.0,5.0,5.0,"Hypergraph(num_v=35, num_e=6)",False,1.273144245147705
366,STATS,043-076-augF1-full2,orig,0.06413531303405762,1.3410773277282715,0,6,15,10,5,18066.03,1,154454,65270.833333333336,13441.5,67297.0,97139.0,48.0,7555.0,1600.2,49.0,138.0,211.0,1,1,4,1.1666666666666667,1.0,1.0,1.0,5,5,5.0,5.0,5.0,5.0,"Hypergraph(num_v=35, num_e=6)",False,1.2769420146942139
367,STATS,043-076-augF1-full3,orig,0.06300711631774902,1.337493658065796,0,6,15,10,5,18066.03,1,154454,65270.833333333336,13441.5,67297.0,97139.0,48.0,7555.0,1600.2,49.0,138.0,211.0,1,1,4,1.1666666666666667,1.0,1.0,1.0,5,5,5.0,5.0,5.0,5.0,"Hypergraph(num_v=35, num_e=6)",False,1.2744865417480469
368,STATS,043-076-augF2-full1,orig,0.34737205505371094,0.7857441902160645,0,6,15,10,5,28935.31,19308,262571,111020.16666666669,48589.25,86069.0,153523.25,19140.0,3343381.0,715298.2,36274.0,74142.0,103554.0,1,1,4,1.1666666666666667,1.0,1.0,1.0,5,5,5.0,5.0,5.0,5.0,"Hypergraph(num_v=35, num_e=6)",False,0.4383721351623535
369,STATS,043-076-augF2-full2,orig,0.350170373916626,0.771604061126709,0,6,15,10,5,28935.31,19308,262571,111020.16666666669,48589.25,86069.0,153523.25,19140.0,3343381.0,715298.2,36274.0,74142.0,103554.0,1,1,4,1.1666666666666667,1.0,1.0,1.0,5,5,5.0,5.0,5.0,5.0,"Hypergraph(num_v=35, num_e=6)",False,0.421433687210083
370,STATS,043-076-augF2-full3,orig,0.34926342964172363,0.7751407623291016,0,6,15,10,5,28935.31,19308,262571,111020.16666666669,48589.25,86069.0,153523.25,19140.0,3343381.0,715298.2,36274.0,74142.0,103554.0,1,1,4,1.1666666666666667,1.0,1.0,1.0,5,5,5.0,5.0,5.0,5.0,"Hypergraph(num_v=35, num_e=6)",False,0.42587733268737793
371,STATS,044-145-full1,orig,0.21207237243652344,0.6317965984344482,0,6,15,10,5,18669.51,1,191225,60944.333333333336,13510.25,30197.0,87122.75,1066.0,7145.0,2751.8,1085.0,2022.0,2441.0,1,1,5,1.15625,1.0,1.0,1.0,5,5,5.0,5.0,5.0,5.0,"Hypergraph(num_v=37, num_e=6)",True,0.4197242259979248
372,STATS,044-145-full2,orig,0.20650482177734375,0.6130943298339844,0,6,15,10,5,18669.51,1,191225,60944.333333333336,13510.25,30197.0,87122.75,1066.0,7145.0,2751.8,1085.0,2022.0,2441.0,1,1,5,1.15625,1.0,1.0,1.0,5,5,5.0,5.0,5.0,5.0,"Hypergraph(num_v=37, num_e=6)",True,0.4065895080566406
373,STATS,044-145-full3,orig,0.2083568572998047,0.6249122619628906,0,6,15,10,5,18669.51,1,191225,60944.333333333336,13510.25,30197.0,87122.75,1066.0,7145.0,2751.8,1085.0,2022.0,2441.0,1,1,5,1.15625,1.0,1.0,1.0,5,5,5.0,5.0,5.0,5.0,"Hypergraph(num_v=37, num_e=6)",True,0.41655540466308594
374,STATS,044-145-augF1-full1,orig,0.020252704620361328,0.05444598197937012,0,6,15,10,5,16652.46,1,191225,57694.66666666666,2879.25,26204.5,87122.75,1.0,2.0,1.2,1.0,1.0,1.0,1,1,5,1.15625,1.0,1.0,1.0,5,5,5.0,5.0,5.0,5.0,"Hypergraph(num_v=37, num_e=6)",False,0.03419327735900879
375,STATS,044-145-augF1-full2,orig,0.01962423324584961,0.053740739822387695,0,6,15,10,5,16652.46,1,191225,57694.66666666666,2879.25,26204.5,87122.75,1.0,2.0,1.2,1.0,1.0,1.0,1,1,5,1.15625,1.0,1.0,1.0,5,5,5.0,5.0,5.0,5.0,"Hypergraph(num_v=37, num_e=6)",False,0.034116506576538086
376,STATS,044-145-augF1-full3,orig,0.020110130310058594,0.05152630805969238,0,6,15,10,5,16652.46,1,191225,57694.66666666666,2879.25,26204.5,87122.75,1.0,2.0,1.2,1.0,1.0,1.0,1,1,5,1.15625,1.0,1.0,1.0,5,5,5.0,5.0,5.0,5.0,"Hypergraph(num_v=37, num_e=6)",False,0.03141617774963379
377,STATS,044-145-augF2-full1,orig,0.1967761516571045,0.6140656471252441,0,6,15,10,5,18557.07,1,180335,59129.333333333336,13510.25,30197.0,87122.75,1066.0,6738.0,2670.4,1085.0,2022.0,2441.0,1,1,5,1.15625,1.0,1.0,1.0,5,5,5.0,5.0,5.0,5.0,"Hypergraph(num_v=37, num_e=6)",False,0.41728949546813965
378,STATS,044-145-augF2-full2,orig,0.20514202117919922,0.6162657737731934,0,6,15,10,5,18557.07,1,180335,59129.333333333336,13510.25,30197.0,87122.75,1066.0,6738.0,2670.4,1085.0,2022.0,2441.0,1,1,5,1.15625,1.0,1.0,1.0,5,5,5.0,5.0,5.0,5.0,"Hypergraph(num_v=37, num_e=6)",False,0.41112375259399414
379,STATS,044-145-augF2-full3,orig,0.19478201866149902,0.6072640419006348,0,6,15,10,5,18557.07,1,180335,59129.333333333336,13510.25,30197.0,87122.75,1066.0,6738.0,2670.4,1085.0,2022.0,2441.0,1,1,5,1.15625,1.0,1.0,1.0,5,5,5.0,5.0,5.0,5.0,"Hypergraph(num_v=37, num_e=6)",False,0.41248202323913574
380,STATS,045-046-full1,orig,0.2071058750152588,0.6236453056335449,0,5,14,10,4,20688.13,10624,192524,98048.4,10831.0,101539.0,174724.0,1251.0,15873.0,5741.5,1348.5,2921.0,7314.0,1,1,5,1.148148148148148,1.0,1.0,1.0,4,4,4.0,4.0,4.0,4.0,"Hypergraph(num_v=31, num_e=5)",True,0.41653943061828613
381,STATS,045-046-full2,orig,0.19979405403137207,0.6135172843933105,0,5,14,10,4,20688.13,10624,192524,98048.4,10831.0,101539.0,174724.0,1251.0,15873.0,5741.5,1348.5,2921.0,7314.0,1,1,5,1.148148148148148,1.0,1.0,1.0,4,4,4.0,4.0,4.0,4.0,"Hypergraph(num_v=31, num_e=5)",True,0.4137232303619385
382,STATS,045-046-full3,orig,0.19538497924804688,0.6241590976715088,0,5,14,10,4,20688.13,10624,192524,98048.4,10831.0,101539.0,174724.0,1251.0,15873.0,5741.5,1348.5,2921.0,7314.0,1,1,5,1.148148148148148,1.0,1.0,1.0,4,4,4.0,4.0,4.0,4.0,"Hypergraph(num_v=31, num_e=5)",True,0.4287741184234619
383,STATS,045-046-augF1-full1,orig,0.1965932846069336,0.6061899662017822,0,5,14,10,4,20691.8,10624,192524,98051.6,10847.0,101539.0,174724.0,1253.0,15892.0,5748.5,1350.5,2924.5,7322.5,1,1,5,1.148148148148148,1.0,1.0,1.0,4,4,4.0,4.0,4.0,4.0,"Hypergraph(num_v=31, num_e=5)",False,0.40959668159484863
384,STATS,045-046-augF1-full2,orig,0.2045607566833496,0.6271862983703613,0,5,14,10,4,20691.8,10624,192524,98051.6,10847.0,101539.0,174724.0,1253.0,15892.0,5748.5,1350.5,2924.5,7322.5,1,1,5,1.148148148148148,1.0,1.0,1.0,4,4,4.0,4.0,4.0,4.0,"Hypergraph(num_v=31, num_e=5)",False,0.4226255416870117
385,STATS,045-046-augF1-full3,orig,0.20509862899780273,0.6164379119873047,0,5,14,10,4,20691.8,10624,192524,98051.6,10847.0,101539.0,174724.0,1253.0,15892.0,5748.5,1350.5,2924.5,7322.5,1,1,5,1.148148148148148,1.0,1.0,1.0,4,4,4.0,4.0,4.0,4.0,"Hypergraph(num_v=31, num_e=5)",False,0.41133928298950195
386,STATS,045-046-augF2-full1,orig,0.07641816139221191,0.46291399002075195,0,5,14,10,4,17359.48,1,192524,93920.0,812.0,101539.0,174724.0,105.0,2191.0,961.5,281.25,775.0,1455.25,1,1,5,1.148148148148148,1.0,1.0,1.0,4,4,4.0,4.0,4.0,4.0,"Hypergraph(num_v=31, num_e=5)",False,0.38649582862854004
387,STATS,045-046-augF2-full2,orig,0.07726287841796875,0.4668769836425781,0,5,14,10,4,17359.48,1,192524,93920.0,812.0,101539.0,174724.0,105.0,2191.0,961.5,281.25,775.0,1455.25,1,1,5,1.148148148148148,1.0,1.0,1.0,4,4,4.0,4.0,4.0,4.0,"Hypergraph(num_v=31, num_e=5)",False,0.3896141052246094
388,STATS,045-046-augF2-full3,orig,0.07558608055114746,0.4612843990325928,0,5,14,10,4,17359.48,1,192524,93920.0,812.0,101539.0,174724.0,105.0,2191.0,961.5,281.25,775.0,1455.25,1,1,5,1.148148148148148,1.0,1.0,1.0,4,4,4.0,4.0,4.0,4.0,"Hypergraph(num_v=31, num_e=5)",False,0.3856983184814453
389,STATS,046-128-full1,orig,0.20178961753845215,0.6036727428436279,0,5,14,10,4,20688.13,10624,192524,98048.4,10831.0,101539.0,174724.0,1251.0,15873.0,5741.5,1348.5,2921.0,7314.0,1,1,5,1.148148148148148,1.0,1.0,1.0,4,4,4.0,4.0,4.0,4.0,"Hypergraph(num_v=31, num_e=5)",True,0.4018831253051758
390,STATS,046-128-full2,orig,0.1941077709197998,0.6272766590118408,0,5,14,10,4,20688.13,10624,192524,98048.4,10831.0,101539.0,174724.0,1251.0,15873.0,5741.5,1348.5,2921.0,7314.0,1,1,5,1.148148148148148,1.0,1.0,1.0,4,4,4.0,4.0,4.0,4.0,"Hypergraph(num_v=31, num_e=5)",True,0.433168888092041
391,STATS,046-128-full3,orig,0.19580531120300293,0.6108167171478271,0,5,14,10,4,20688.13,10624,192524,98048.4,10831.0,101539.0,174724.0,1251.0,15873.0,5741.5,1348.5,2921.0,7314.0,1,1,5,1.148148148148148,1.0,1.0,1.0,4,4,4.0,4.0,4.0,4.0,"Hypergraph(num_v=31, num_e=5)",True,0.4150114059448242
392,STATS,046-128-augF1-full1,orig,0.2599036693572998,0.6861412525177002,0,5,14,10,4,21047.15,10624,192524,98303.0,12104.0,101539.0,174724.0,1398.0,17738.0,6416.25,1507.5,3264.5,8173.25,1,1,5,1.148148148148148,1.0,1.0,1.0,4,4,4.0,4.0,4.0,4.0,"Hypergraph(num_v=31, num_e=5)",False,0.4262375831604004
393,STATS,046-128-augF1-full2,orig,0.2607717514038086,0.6913936138153076,0,5,14,10,4,21047.15,10624,192524,98303.0,12104.0,101539.0,174724.0,1398.0,17738.0,6416.25,1507.5,3264.5,8173.25,1,1,5,1.148148148148148,1.0,1.0,1.0,4,4,4.0,4.0,4.0,4.0,"Hypergraph(num_v=31, num_e=5)",False,0.430621862411499
394,STATS,046-128-augF1-full3,orig,0.26134371757507324,0.697056770324707,0,5,14,10,4,21047.15,10624,192524,98303.0,12104.0,101539.0,174724.0,1398.0,17738.0,6416.25,1507.5,3264.5,8173.25,1,1,5,1.148148148148148,1.0,1.0,1.0,4,4,4.0,4.0,4.0,4.0,"Hypergraph(num_v=31, num_e=5)",False,0.4357130527496338
395,STATS,046-128-augF2-full1,orig,0.18921351432800293,0.5887491703033447,0,5,14,10,4,20261.41,10624,192524,93825.0,10831.0,101539.0,153607.0,1251.0,13954.0,5126.75,1348.5,2651.0,6429.25,1,1,5,1.148148148148148,1.0,1.0,1.0,4,4,4.0,4.0,4.0,4.0,"Hypergraph(num_v=31, num_e=5)",False,0.3995356559753418
396,STATS,046-128-augF2-full2,orig,0.1894078254699707,0.5884966850280762,0,5,14,10,4,20261.41,10624,192524,93825.0,10831.0,101539.0,153607.0,1251.0,13954.0,5126.75,1348.5,2651.0,6429.25,1,1,5,1.148148148148148,1.0,1.0,1.0,4,4,4.0,4.0,4.0,4.0,"Hypergraph(num_v=31, num_e=5)",False,0.39908885955810547
397,STATS,046-128-augF2-full3,orig,0.18690180778503418,0.5950572490692139,0,5,14,10,4,20261.41,10624,192524,93825.0,10831.0,101539.0,153607.0,1251.0,13954.0,5126.75,1348.5,2651.0,6429.25,1,1,5,1.148148148148148,1.0,1.0,1.0,4,4,4.0,4.0,4.0,4.0,"Hypergraph(num_v=31, num_e=5)",False,0.4081554412841797
398,STATS,047-008-full1,orig,0.1850266456604004,0.3574841022491455,0,3,7,5,2,86009.4,10346,135156,78324.66666666667,49909.0,89472.0,112314.0,10064.0,4612099.0,2311081.5,1160572.75,2311081.5,3461590.25,1,1,2,1.0526315789473684,1.0,1.0,1.0,2,2,2.0,2.0,2.0,2.0,"Hypergraph(num_v=20, num_e=3)",True,0.17245745658874512
399,STATS,047-008-full2,orig,0.18542027473449707,0.3729987144470215,0,3,7,5,2,86009.4,10346,135156,78324.66666666667,49909.0,89472.0,112314.0,10064.0,4612099.0,2311081.5,1160572.75,2311081.5,3461590.25,1,1,2,1.0526315789473684,1.0,1.0,1.0,2,2,2.0,2.0,2.0,2.0,"Hypergraph(num_v=20, num_e=3)",True,0.18757843971252441
400,STATS,047-008-full3,orig,0.18839383125305176,0.35758447647094727,0,3,7,5,2,86009.4,10346,135156,78324.66666666667,49909.0,89472.0,112314.0,10064.0,4612099.0,2311081.5,1160572.75,2311081.5,3461590.25,1,1,2,1.0526315789473684,1.0,1.0,1.0,2,2,2.0,2.0,2.0,2.0,"Hypergraph(num_v=20, num_e=3)",True,0.1691906452178955
401,STATS,047-008-augF1-full1,orig,0.004870176315307617,0.0948326587677002,0,3,7,5,2,4249.17,1,79504,26502.0,1.0,1.0,39752.5,1.0,262.0,131.5,66.25,131.5,196.75,1,1,2,1.0526315789473684,1.0,1.0,1.0,2,2,2.0,2.0,2.0,2.0,"Hypergraph(num_v=20, num_e=3)",False,0.08996248245239258
402,STATS,047-008-augF1-full2,orig,0.005011796951293945,0.09489321708679199,0,3,7,5,2,4249.17,1,79504,26502.0,1.0,1.0,39752.5,1.0,262.0,131.5,66.25,131.5,196.75,1,1,2,1.0526315789473684,1.0,1.0,1.0,2,2,2.0,2.0,2.0,2.0,"Hypergraph(num_v=20, num_e=3)",False,0.08988142013549805
403,STATS,047-008-augF1-full3,orig,0.004957675933837891,0.09528589248657227,0,3,7,5,2,4249.17,1,79504,26502.0,1.0,1.0,39752.5,1.0,262.0,131.5,66.25,131.5,196.75,1,1,2,1.0526315789473684,1.0,1.0,1.0,2,2,2.0,2.0,2.0,2.0,"Hypergraph(num_v=20, num_e=3)",False,0.09032821655273438
404,STATS,047-008-augF2-full1,orig,0.15007305145263672,0.2822914123535156,0,3,7,5,2,62912.61,10346,135156,66645.33333333333,32390.0,54434.0,94795.0,6123.0,2805962.0,1406042.5,706082.75,1406042.5,2106002.25,1,1,2,1.0526315789473684,1.0,1.0,1.0,2,2,2.0,2.0,2.0,2.0,"Hypergraph(num_v=20, num_e=3)",False,0.1322183609008789
405,STATS,047-008-augF2-full2,orig,0.15085840225219727,0.30328369140625,0,3,7,5,2,62912.61,10346,135156,66645.33333333333,32390.0,54434.0,94795.0,6123.0,2805962.0,1406042.5,706082.75,1406042.5,2106002.25,1,1,2,1.0526315789473684,1.0,1.0,1.0,2,2,2.0,2.0,2.0,2.0,"Hypergraph(num_v=20, num_e=3)",False,0.15242528915405273
406,STATS,047-008-augF2-full3,orig,0.15050482749938965,0.28810954093933105,0,3,7,5,2,62912.61,10346,135156,66645.33333333333,32390.0,54434.0,94795.0,6123.0,2805962.0,1406042.5,706082.75,1406042.5,2106002.25,1,1,2,1.0526315789473684,1.0,1.0,1.0,2,2,2.0,2.0,2.0,2.0,"Hypergraph(num_v=20, num_e=3)",False,0.1376047134399414
407,STATS,048-127-full1,orig,0.20010161399841309,0.5733089447021484,0,5,11,7,4,18811.58,10068,178345,87063.2,12945.0,79504.0,154454.0,1225.0,11525.0,4415.75,1369.0,2456.5,5503.25,1,1,5,1.148148148148148,1.0,1.0,1.0,4,4,4.0,4.0,4.0,4.0,"Hypergraph(num_v=31, num_e=5)",True,0.37320733070373535
408,STATS,048-127-full2,orig,0.20079684257507324,0.5608639717102051,0,5,11,7,4,18811.58,10068,178345,87063.2,12945.0,79504.0,154454.0,1225.0,11525.0,4415.75,1369.0,2456.5,5503.25,1,1,5,1.148148148148148,1.0,1.0,1.0,4,4,4.0,4.0,4.0,4.0,"Hypergraph(num_v=31, num_e=5)",True,0.36006712913513184
409,STATS,048-127-full3,orig,0.19530224800109863,0.5756289958953857,0,5,11,7,4,18811.58,10068,178345,87063.2,12945.0,79504.0,154454.0,1225.0,11525.0,4415.75,1369.0,2456.5,5503.25,1,1,5,1.148148148148148,1.0,1.0,1.0,4,4,4.0,4.0,4.0,4.0,"Hypergraph(num_v=31, num_e=5)",True,0.3803267478942871
410,STATS,048-127-augF1-full1,orig,0.019539594650268555,0.26726579666137695,0,5,11,7,4,14038.97,1,178345,82461.0,1.0,79504.0,154454.0,1.0,5.0,2.5,1.75,2.0,2.75,1,1,5,1.148148148148148,1.0,1.0,1.0,4,4,4.0,4.0,4.0,4.0,"Hypergraph(num_v=31, num_e=5)",False,0.2477262020111084
411,STATS,048-127-augF1-full2,orig,0.01992654800415039,0.2687351703643799,0,5,11,7,4,14038.97,1,178345,82461.0,1.0,79504.0,154454.0,1.0,5.0,2.5,1.75,2.0,2.75,1,1,5,1.148148148148148,1.0,1.0,1.0,4,4,4.0,4.0,4.0,4.0,"Hypergraph(num_v=31, num_e=5)",False,0.2488086223602295
412,STATS,048-127-augF1-full3,orig,0.01908254623413086,0.2730977535247803,0,5,11,7,4,14038.97,1,178345,82461.0,1.0,79504.0,154454.0,1.0,5.0,2.5,1.75,2.0,2.75,1,1,5,1.148148148148148,1.0,1.0,1.0,4,4,4.0,4.0,4.0,4.0,"Hypergraph(num_v=31, num_e=5)",False,0.2540152072906494
413,STATS,048-127-augF2-full1,orig,0.05145573616027832,0.2910499572753906,0,5,11,7,4,13878.46,1,178345,68584.6,55.0,10068.0,154454.0,1.0,15.0,5.75,1.75,3.5,7.5,1,1,5,1.148148148148148,1.0,1.0,1.0,4,4,4.0,4.0,4.0,4.0,"Hypergraph(num_v=31, num_e=5)",False,0.2395942211151123
414,STATS,048-127-augF2-full2,orig,0.05165600776672363,0.30475306510925293,0,5,11,7,4,13878.46,1,178345,68584.6,55.0,10068.0,154454.0,1.0,15.0,5.75,1.75,3.5,7.5,1,1,5,1.148148148148148,1.0,1.0,1.0,4,4,4.0,4.0,4.0,4.0,"Hypergraph(num_v=31, num_e=5)",False,0.2530970573425293
415,STATS,048-127-augF2-full3,orig,0.050843000411987305,0.28834080696105957,0,5,11,7,4,13878.46,1,178345,68584.6,55.0,10068.0,154454.0,1.0,15.0,5.75,1.75,3.5,7.5,1,1,5,1.148148148148148,1.0,1.0,1.0,4,4,4.0,4.0,4.0,4.0,"Hypergraph(num_v=31, num_e=5)",False,0.23749780654907227
416,STATS,049-118-full1,orig,0.39895129203796387,0.8720676898956299,0,4,11,8,3,22775.5,19409,322131,166701.5,33720.5,162633.0,295614.0,55620.0,194798.0,103644.66666666669,58068.0,60516.0,127657.0,1,1,3,1.125,1.0,1.0,1.0,3,3,3.0,3.0,3.0,3.0,"Hypergraph(num_v=27, num_e=4)",True,0.473116397857666
417,STATS,049-118-full2,orig,0.3916351795196533,0.8588075637817383,0,4,11,8,3,22775.5,19409,322131,166701.5,33720.5,162633.0,295614.0,55620.0,194798.0,103644.66666666669,58068.0,60516.0,127657.0,1,1,3,1.125,1.0,1.0,1.0,3,3,3.0,3.0,3.0,3.0,"Hypergraph(num_v=27, num_e=4)",True,0.46717238426208496
418,STATS,049-118-full3,orig,0.39171433448791504,0.858210563659668,0,4,11,8,3,22775.5,19409,322131,166701.5,33720.5,162633.0,295614.0,55620.0,194798.0,103644.66666666669,58068.0,60516.0,127657.0,1,1,3,1.125,1.0,1.0,1.0,3,3,3.0,3.0,3.0,3.0,"Hypergraph(num_v=27, num_e=4)",True,0.46649622917175293
419,STATS,049-118-augF1-full1,orig,0.41961240768432617,0.9132206439971924,0,4,11,8,3,22824.29,19720,322131,166779.25,33798.25,162633.0,295614.0,56511.0,197921.0,105306.0,58998.5,61486.0,129703.5,1,1,3,1.125,1.0,1.0,1.0,3,3,3.0,3.0,3.0,3.0,"Hypergraph(num_v=27, num_e=4)",False,0.4936082363128662
420,STATS,049-118-augF1-full2,orig,0.42190051078796387,0.9077539443969727,0,4,11,8,3,22824.29,19720,322131,166779.25,33798.25,162633.0,295614.0,56511.0,197921.0,105306.0,58998.5,61486.0,129703.5,1,1,3,1.125,1.0,1.0,1.0,3,3,3.0,3.0,3.0,3.0,"Hypergraph(num_v=27, num_e=4)",False,0.4858534336090088
421,STATS,049-118-augF1-full3,orig,0.41446447372436523,0.8850221633911133,0,4,11,8,3,22824.29,19720,322131,166779.25,33798.25,162633.0,295614.0,56511.0,197921.0,105306.0,58998.5,61486.0,129703.5,1,1,3,1.125,1.0,1.0,1.0,3,3,3.0,3.0,3.0,3.0,"Hypergraph(num_v=27, num_e=4)",False,0.47055768966674805
422,STATS,049-118-augF2-full1,orig,0.39457035064697266,0.8670449256896973,0,4,11,8,3,22796.9,19409,323871,167136.5,33720.5,162633.0,296049.0,55620.0,195851.0,103995.66666666669,58068.0,60516.0,128183.5,1,1,3,1.125,1.0,1.0,1.0,3,3,3.0,3.0,3.0,3.0,"Hypergraph(num_v=27, num_e=4)",False,0.4724745750427246
423,STATS,049-118-augF2-full2,orig,0.40837693214416504,0.8631594181060791,0,4,11,8,3,22796.9,19409,323871,167136.5,33720.5,162633.0,296049.0,55620.0,195851.0,103995.66666666669,58068.0,60516.0,128183.5,1,1,3,1.125,1.0,1.0,1.0,3,3,3.0,3.0,3.0,3.0,"Hypergraph(num_v=27, num_e=4)",False,0.45478248596191406
424,STATS,049-118-augF2-full3,orig,0.39992785453796387,0.8677196502685547,0,4,11,8,3,22796.9,19409,323871,167136.5,33720.5,162633.0,296049.0,55620.0,195851.0,103995.66666666669,58068.0,60516.0,128183.5,1,1,3,1.125,1.0,1.0,1.0,3,3,3.0,3.0,3.0,3.0,"Hypergraph(num_v=27, num_e=4)",False,0.4677917957305908
425,STATS,050-106-full1,rewr,1.0136339664459229,0.4566013813018799,0,4,12,9,3,101317.93,37611,328064,156962.5,77786.25,131087.5,210263.75,153361.0,521651538.0,175329111.66666666,2167898.5,4182436.0,262916987.0,1,1,4,1.1578947368421053,1.0,1.0,1.0,3,3,3.0,3.0,3.0,3.0,"Hypergraph(num_v=22, num_e=4)",True,-0.557032585144043
426,STATS,050-106-full2,rewr,1.0189836025238037,0.4702625274658203,0,4,12,9,3,101317.93,37611,328064,156962.5,77786.25,131087.5,210263.75,153361.0,521651538.0,175329111.66666666,2167898.5,4182436.0,262916987.0,1,1,4,1.1578947368421053,1.0,1.0,1.0,3,3,3.0,3.0,3.0,3.0,"Hypergraph(num_v=22, num_e=4)",True,-0.5487210750579834
427,STATS,050-106-full3,rewr,1.0202116966247559,0.4757215976715088,0,4,12,9,3,101317.93,37611,328064,156962.5,77786.25,131087.5,210263.75,153361.0,521651538.0,175329111.66666666,2167898.5,4182436.0,262916987.0,1,1,4,1.1578947368421053,1.0,1.0,1.0,3,3,3.0,3.0,3.0,3.0,"Hypergraph(num_v=22, num_e=4)",True,-0.5444900989532471
428,STATS,050-106-augF1-full1,rewr,0.9905283451080322,0.4713864326477051,0,4,12,9,3,86816.47,23108,328064,153336.75,74160.5,131087.5,210263.75,94224.0,320499953.0,108258871.0,2138330.0,4182436.0,162341194.5,1,1,4,1.1578947368421053,1.0,1.0,1.0,3,3,3.0,3.0,3.0,3.0,"Hypergraph(num_v=22, num_e=4)",False,-0.5191419124603271
429,STATS,050-106-augF1-full2,rewr,0.9888994693756104,0.46834659576416016,0,4,12,9,3,86816.47,23108,328064,153336.75,74160.5,131087.5,210263.75,94224.0,320499953.0,108258871.0,2138330.0,4182436.0,162341194.5,1,1,4,1.1578947368421053,1.0,1.0,1.0,3,3,3.0,3.0,3.0,3.0,"Hypergraph(num_v=22, num_e=4)",False,-0.5205528736114502
430,STATS,050-106-augF1-full3,rewr,0.9902150630950928,0.45745182037353516,0,4,12,9,3,86816.47,23108,328064,153336.75,74160.5,131087.5,210263.75,94224.0,320499953.0,108258871.0,2138330.0,4182436.0,162341194.5,1,1,4,1.1578947368421053,1.0,1.0,1.0,3,3,3.0,3.0,3.0,3.0,"Hypergraph(num_v=22, num_e=4)",False,-0.5327632427215576
431,STATS,050-106-augF2-full1,rewr,1.0238471031188965,0.47496604919433594,0,4,12,9,3,102592.61,39000,328064,157309.75,78133.5,131087.5,210263.75,159025.0,540916487.0,181752649.3333333,2170730.5,4182436.0,272549461.5,1,1,4,1.1578947368421053,1.0,1.0,1.0,3,3,3.0,3.0,3.0,3.0,"Hypergraph(num_v=22, num_e=4)",False,-0.5488810539245605
432,STATS,050-106-augF2-full2,rewr,1.0140974521636963,0.46506714820861816,0,4,12,9,3,102592.61,39000,328064,157309.75,78133.5,131087.5,210263.75,159025.0,540916487.0,181752649.3333333,2170730.5,4182436.0,272549461.5,1,1,4,1.1578947368421053,1.0,1.0,1.0,3,3,3.0,3.0,3.0,3.0,"Hypergraph(num_v=22, num_e=4)",False,-0.5490303039550781
433,STATS,050-106-augF2-full3,rewr,1.016204595565796,0.4680352210998535,0,4,12,9,3,102592.61,39000,328064,157309.75,78133.5,131087.5,210263.75,159025.0,540916487.0,181752649.3333333,2170730.5,4182436.0,272549461.5,1,1,4,1.1578947368421053,1.0,1.0,1.0,3,3,3.0,3.0,3.0,3.0,"Hypergraph(num_v=22, num_e=4)",False,-0.5481693744659424
434,STATS,051-090-full1,orig,0.2741847038269043,0.47739744186401367,0,3,8,6,2,16093.37,12080,275358,108599.66666666669,25220.5,38361.0,156859.5,238106.0,5608974.0,2923540.0,1580823.0,2923540.0,4266257.0,1,1,3,1.105263157894737,1.0,1.0,1.0,2,2,2.0,2.0,2.0,2.0,"Hypergraph(num_v=21, num_e=3)",True,0.20321273803710938
435,STATS,051-090-full2,orig,0.27376842498779297,0.4761192798614502,0,3,8,6,2,16093.37,12080,275358,108599.66666666669,25220.5,38361.0,156859.5,238106.0,5608974.0,2923540.0,1580823.0,2923540.0,4266257.0,1,1,3,1.105263157894737,1.0,1.0,1.0,2,2,2.0,2.0,2.0,2.0,"Hypergraph(num_v=21, num_e=3)",True,0.20235085487365723
436,STATS,051-090-full3,orig,0.2761375904083252,0.4769623279571533,0,3,8,6,2,16093.37,12080,275358,108599.66666666669,25220.5,38361.0,156859.5,238106.0,5608974.0,2923540.0,1580823.0,2923540.0,4266257.0,1,1,3,1.105263157894737,1.0,1.0,1.0,2,2,2.0,2.0,2.0,2.0,"Hypergraph(num_v=21, num_e=3)",True,0.20082473754882812
437,STATS,051-090-augF1-full1,orig,0.2942626476287842,0.5029821395874023,0,3,8,6,2,16171.03,13122,275358,108947.0,25741.5,38361.0,156859.5,238106.0,6092794.0,3165450.0,1701778.0,3165450.0,4629122.0,1,1,3,1.105263157894737,1.0,1.0,1.0,2,2,2.0,2.0,2.0,2.0,"Hypergraph(num_v=21, num_e=3)",False,0.20871949195861816
438,STATS,051-090-augF1-full2,orig,0.29572153091430664,0.4964284896850586,0,3,8,6,2,16171.03,13122,275358,108947.0,25741.5,38361.0,156859.5,238106.0,6092794.0,3165450.0,1701778.0,3165450.0,4629122.0,1,1,3,1.105263157894737,1.0,1.0,1.0,2,2,2.0,2.0,2.0,2.0,"Hypergraph(num_v=21, num_e=3)",False,0.20070695877075195
439,STATS,051-090-augF1-full3,orig,0.29587793350219727,0.4940462112426758,0,3,8,6,2,16171.03,13122,275358,108947.0,25741.5,38361.0,156859.5,238106.0,6092794.0,3165450.0,1701778.0,3165450.0,4629122.0,1,1,3,1.105263157894737,1.0,1.0,1.0,2,2,2.0,2.0,2.0,2.0,"Hypergraph(num_v=21, num_e=3)",False,0.19816827774047852
440,STATS,051-090-augF2-full1,orig,0.09770798683166504,0.13946866989135742,0,3,8,6,2,10281.16,2671,275358,96703.0,7375.5,12080.0,143719.0,16579.0,390542.0,203560.5,110069.75,203560.5,297051.25,1,1,3,1.105263157894737,1.0,1.0,1.0,2,2,2.0,2.0,2.0,2.0,"Hypergraph(num_v=21, num_e=3)",False,0.04176068305969238
441,STATS,051-090-augF2-full2,orig,0.09744405746459961,0.14004993438720703,0,3,8,6,2,10281.16,2671,275358,96703.0,7375.5,12080.0,143719.0,16579.0,390542.0,203560.5,110069.75,203560.5,297051.25,1,1,3,1.105263157894737,1.0,1.0,1.0,2,2,2.0,2.0,2.0,2.0,"Hypergraph(num_v=21, num_e=3)",False,0.04260587692260742
442,STATS,051-090-augF2-full3,orig,0.09752082824707031,0.13868951797485352,0,3,8,6,2,10281.16,2671,275358,96703.0,7375.5,12080.0,143719.0,16579.0,390542.0,203560.5,110069.75,203560.5,297051.25,1,1,3,1.105263157894737,1.0,1.0,1.0,2,2,2.0,2.0,2.0,2.0,"Hypergraph(num_v=21, num_e=3)",False,0.0411686897277832
443,STATS,052-029-full1,orig,0.27738428115844727,0.5411608219146729,0,4,13,10,3,14047.23,6011,327549,113242.75,31138.25,59705.5,141810.0,20198.0,713026.0,251543.66666666663,20802.5,21407.0,367216.5,1,1,3,1.1363636363636365,1.0,1.0,1.0,3,3,3.0,3.0,3.0,3.0,"Hypergraph(num_v=25, num_e=4)",True,0.2637765407562256
444,STATS,052-029-full2,orig,0.27705812454223633,0.5373361110687256,0,4,13,10,3,14047.23,6011,327549,113242.75,31138.25,59705.5,141810.0,20198.0,713026.0,251543.66666666663,20802.5,21407.0,367216.5,1,1,3,1.1363636363636365,1.0,1.0,1.0,3,3,3.0,3.0,3.0,3.0,"Hypergraph(num_v=25, num_e=4)",True,0.26027798652648926
445,STATS,052-029-full3,orig,0.28216052055358887,0.5586624145507812,0,4,13,10,3,14047.23,6011,327549,113242.75,31138.25,59705.5,141810.0,20198.0,713026.0,251543.66666666663,20802.5,21407.0,367216.5,1,1,3,1.1363636363636365,1.0,1.0,1.0,3,3,3.0,3.0,3.0,3.0,"Hypergraph(num_v=25, num_e=4)",True,0.2765018939971924
446,STATS,052-029-augF1-full1,orig,0.17063283920288086,0.4069399833679199,0,4,13,10,3,13670.43,6011,327549,102344.5,28730.75,37909.0,111522.75,20198.0,323989.0,121864.66666666669,20802.5,21407.0,172698.0,1,1,3,1.1363636363636365,1.0,1.0,1.0,3,3,3.0,3.0,3.0,3.0,"Hypergraph(num_v=25, num_e=4)",False,0.23630714416503906
447,STATS,052-029-augF1-full2,orig,0.1662142276763916,0.38961172103881836,0,4,13,10,3,13670.43,6011,327549,102344.5,28730.75,37909.0,111522.75,20198.0,323989.0,121864.66666666669,20802.5,21407.0,172698.0,1,1,3,1.1363636363636365,1.0,1.0,1.0,3,3,3.0,3.0,3.0,3.0,"Hypergraph(num_v=25, num_e=4)",False,0.22339749336242676
448,STATS,052-029-augF1-full3,orig,0.1727888584136963,0.4273819923400879,0,4,13,10,3,13670.43,6011,327549,102344.5,28730.75,37909.0,111522.75,20198.0,323989.0,121864.66666666669,20802.5,21407.0,172698.0,1,1,3,1.1363636363636365,1.0,1.0,1.0,3,3,3.0,3.0,3.0,3.0,"Hypergraph(num_v=25, num_e=4)",False,0.2545931339263916
449,STATS,052-029-augF2-full1,orig,0.2992572784423828,0.5519516468048096,0,4,13,10,3,14055.17,6073,327549,113258.25,31153.75,59705.5,141810.0,20405.0,720354.0,254128.66666666663,21016.0,21627.0,370990.5,1,1,3,1.1363636363636365,1.0,1.0,1.0,3,3,3.0,3.0,3.0,3.0,"Hypergraph(num_v=25, num_e=4)",False,0.25269436836242676
450,STATS,052-029-augF2-full2,orig,0.2933773994445801,0.5306854248046875,0,4,13,10,3,14055.17,6073,327549,113258.25,31153.75,59705.5,141810.0,20405.0,720354.0,254128.66666666663,21016.0,21627.0,370990.5,1,1,3,1.1363636363636365,1.0,1.0,1.0,3,3,3.0,3.0,3.0,3.0,"Hypergraph(num_v=25, num_e=4)",False,0.23730802536010742
451,STATS,052-029-augF2-full3,orig,0.2990584373474121,0.5495085716247559,0,4,13,10,3,14055.17,6073,327549,113258.25,31153.75,59705.5,141810.0,20405.0,720354.0,254128.66666666663,21016.0,21627.0,370990.5,1,1,3,1.1363636363636365,1.0,1.0,1.0,3,3,3.0,3.0,3.0,3.0,"Hypergraph(num_v=25, num_e=4)",False,0.25045013427734375
452,STATS,053-081-full1,orig,0.22682881355285645,0.48004794120788574,0,3,8,6,2,8322.1,5932,135156,60787.66666666666,23603.5,41275.0,88215.5,5846.0,2679172.0,1342509.0,674177.5,1342509.0,2010840.5,1,1,3,1.105263157894737,1.0,1.0,1.0,2,2,2.0,2.0,2.0,2.0,"Hypergraph(num_v=21, num_e=3)",True,0.2532191276550293
453,STATS,053-081-full2,orig,0.2263929843902588,0.47953033447265625,0,3,8,6,2,8322.1,5932,135156,60787.66666666666,23603.5,41275.0,88215.5,5846.0,2679172.0,1342509.0,674177.5,1342509.0,2010840.5,1,1,3,1.105263157894737,1.0,1.0,1.0,2,2,2.0,2.0,2.0,2.0,"Hypergraph(num_v=21, num_e=3)",True,0.25313735008239746
454,STATS,053-081-full3,orig,0.2273247241973877,0.4800755977630615,0,3,8,6,2,8322.1,5932,135156,60787.66666666666,23603.5,41275.0,88215.5,5846.0,2679172.0,1342509.0,674177.5,1342509.0,2010840.5,1,1,3,1.105263157894737,1.0,1.0,1.0,2,2,2.0,2.0,2.0,2.0,"Hypergraph(num_v=21, num_e=3)",True,0.25275087356567383
455,STATS,053-081-augF1-full1,orig,0.119964599609375,0.35634374618530273,0,3,8,6,2,8208.07,3490,135156,59973.66666666666,22382.5,41275.0,88215.5,3440.0,1576249.0,789844.5,396642.25,789844.5,1183046.75,1,1,3,1.105263157894737,1.0,1.0,1.0,2,2,2.0,2.0,2.0,2.0,"Hypergraph(num_v=21, num_e=3)",False,0.23637914657592773
456,STATS,053-081-augF1-full2,orig,0.1197824478149414,0.3565104007720947,0,3,8,6,2,8208.07,3490,135156,59973.66666666666,22382.5,41275.0,88215.5,3440.0,1576249.0,789844.5,396642.25,789844.5,1183046.75,1,1,3,1.105263157894737,1.0,1.0,1.0,2,2,2.0,2.0,2.0,2.0,"Hypergraph(num_v=21, num_e=3)",False,0.23672795295715332
457,STATS,053-081-augF1-full3,orig,0.11981344223022461,0.3617546558380127,0,3,8,6,2,8208.07,3490,135156,59973.66666666666,22382.5,41275.0,88215.5,3440.0,1576249.0,789844.5,396642.25,789844.5,1183046.75,1,1,3,1.105263157894737,1.0,1.0,1.0,2,2,2.0,2.0,2.0,2.0,"Hypergraph(num_v=21, num_e=3)",False,0.24194121360778809
458,STATS,053-081-augF2-full1,orig,0.22879958152770996,0.4838094711303711,0,3,8,6,2,8323.85,5969,135156,60800.0,23622.0,41275.0,88215.5,5883.0,2695884.0,1350883.5,678383.25,1350883.5,2023383.75,1,1,3,1.105263157894737,1.0,1.0,1.0,2,2,2.0,2.0,2.0,2.0,"Hypergraph(num_v=21, num_e=3)",False,0.25500988960266113
459,STATS,053-081-augF2-full2,orig,0.22779321670532227,0.4881572723388672,0,3,8,6,2,8323.85,5969,135156,60800.0,23622.0,41275.0,88215.5,5883.0,2695884.0,1350883.5,678383.25,1350883.5,2023383.75,1,1,3,1.105263157894737,1.0,1.0,1.0,2,2,2.0,2.0,2.0,2.0,"Hypergraph(num_v=21, num_e=3)",False,0.2603640556335449
460,STATS,053-081-augF2-full3,orig,0.23148369789123535,0.49231648445129395,0,3,8,6,2,8323.85,5969,135156,60800.0,23622.0,41275.0,88215.5,5883.0,2695884.0,1350883.5,678383.25,1350883.5,2023383.75,1,1,3,1.105263157894737,1.0,1.0,1.0,2,2,2.0,2.0,2.0,2.0,"Hypergraph(num_v=21, num_e=3)",False,0.2608327865600586
461,STATS,054-064-full1,orig,0.28007936477661133,0.7131848335266113,0,6,16,11,5,19948.04,1,325053,101561.66666666669,3716.5,57029.0,152491.5,131.0,52774.0,10728.2,143.0,145.0,448.0,1,1,4,1.15625,1.0,1.0,1.0,5,5,5.0,5.0,5.0,5.0,"Hypergraph(num_v=37, num_e=6)",True,0.43310546875
462,STATS,054-064-full2,orig,0.282484769821167,0.7133512496948242,0,6,16,11,5,19948.04,1,325053,101561.66666666669,3716.5,57029.0,152491.5,131.0,52774.0,10728.2,143.0,145.0,448.0,1,1,4,1.15625,1.0,1.0,1.0,5,5,5.0,5.0,5.0,5.0,"Hypergraph(num_v=37, num_e=6)",True,0.4308664798736572
463,STATS,054-064-full3,orig,0.28785181045532227,0.6824936866760254,0,6,16,11,5,19948.04,1,325053,101561.66666666669,3716.5,57029.0,152491.5,131.0,52774.0,10728.2,143.0,145.0,448.0,1,1,4,1.15625,1.0,1.0,1.0,5,5,5.0,5.0,5.0,5.0,"Hypergraph(num_v=37, num_e=6)",True,0.3946418762207031
464,STATS,054-064-augF1-full1,orig,0.2849278450012207,0.7111949920654297,0,6,16,11,5,19951.96,1,325053,101565.66666666669,3734.5,57029.0,152491.5,134.0,54002.0,10977.8,146.0,149.0,458.0,1,1,4,1.15625,1.0,1.0,1.0,5,5,5.0,5.0,5.0,5.0,"Hypergraph(num_v=37, num_e=6)",False,0.426267147064209
465,STATS,054-064-augF1-full2,orig,0.2863130569458008,0.683152437210083,0,6,16,11,5,19951.96,1,325053,101565.66666666669,3734.5,57029.0,152491.5,134.0,54002.0,10977.8,146.0,149.0,458.0,1,1,4,1.15625,1.0,1.0,1.0,5,5,5.0,5.0,5.0,5.0,"Hypergraph(num_v=37, num_e=6)",False,0.3968393802642822
466,STATS,054-064-augF1-full3,orig,0.2851889133453369,0.7059164047241211,0,6,16,11,5,19951.96,1,325053,101565.66666666669,3734.5,57029.0,152491.5,134.0,54002.0,10977.8,146.0,149.0,458.0,1,1,4,1.15625,1.0,1.0,1.0,5,5,5.0,5.0,5.0,5.0,"Hypergraph(num_v=37, num_e=6)",False,0.4207274913787842
467,STATS,054-064-augF2-full1,orig,0.10142993927001953,0.5027222633361816,0,6,16,11,5,18793.85,1,191208,59495.16666666666,3716.5,31251.0,89354.0,72.0,9276.0,1949.8,131.0,134.0,136.0,1,1,4,1.15625,1.0,1.0,1.0,5,5,5.0,5.0,5.0,5.0,"Hypergraph(num_v=37, num_e=6)",False,0.4012923240661621
468,STATS,054-064-augF2-full2,orig,0.10207271575927734,0.49493980407714844,0,6,16,11,5,18793.85,1,191208,59495.16666666666,3716.5,31251.0,89354.0,72.0,9276.0,1949.8,131.0,134.0,136.0,1,1,4,1.15625,1.0,1.0,1.0,5,5,5.0,5.0,5.0,5.0,"Hypergraph(num_v=37, num_e=6)",False,0.3928670883178711
469,STATS,054-064-augF2-full3,orig,0.10149145126342773,0.4979090690612793,0,6,16,11,5,18793.85,1,191208,59495.16666666666,3716.5,31251.0,89354.0,72.0,9276.0,1949.8,131.0,134.0,136.0,1,1,4,1.15625,1.0,1.0,1.0,5,5,5.0,5.0,5.0,5.0,"Hypergraph(num_v=37, num_e=6)",False,0.39641761779785156
470,STATS,055-009-full1,orig,0.34400248527526855,0.7849524021148682,0,3,4,2,2,25355.35,91946,303187,189812.66666666663,133125.5,174305.0,238746.0,174248.0,574386.0,374317.0,274282.5,374317.0,474351.5,1,1,3,1.1111111111111112,1.0,1.0,1.0,2,2,2.0,2.0,2.0,2.0,"Hypergraph(num_v=20, num_e=3)",True,0.4409499168395996
471,STATS,055-009-full2,orig,0.341113805770874,0.7764170169830322,0,3,4,2,2,25355.35,91946,303187,189812.66666666663,133125.5,174305.0,238746.0,174248.0,574386.0,374317.0,274282.5,374317.0,474351.5,1,1,3,1.1111111111111112,1.0,1.0,1.0,2,2,2.0,2.0,2.0,2.0,"Hypergraph(num_v=20, num_e=3)",True,0.4353032112121582
472,STATS,055-009-full3,orig,0.3395116329193115,0.7849643230438232,0,3,4,2,2,25355.35,91946,303187,189812.66666666663,133125.5,174305.0,238746.0,174248.0,574386.0,374317.0,274282.5,374317.0,474351.5,1,1,3,1.1111111111111112,1.0,1.0,1.0,2,2,2.0,2.0,2.0,2.0,"Hypergraph(num_v=20, num_e=3)",True,0.4454526901245117
473,STATS,055-009-augF1-full1,orig,0.07334041595458984,0.2851994037628174,0,3,4,2,2,11768.05,1810,178345,94229.0,52171.0,102532.0,140438.5,2018.0,6651.0,4334.5,3176.25,4334.5,5492.75,1,1,3,1.1111111111111112,1.0,1.0,1.0,2,2,2.0,2.0,2.0,2.0,"Hypergraph(num_v=20, num_e=3)",False,0.21185898780822754
474,STATS,055-009-augF1-full2,orig,0.07566523551940918,0.28980112075805664,0,3,4,2,2,11768.05,1810,178345,94229.0,52171.0,102532.0,140438.5,2018.0,6651.0,4334.5,3176.25,4334.5,5492.75,1,1,3,1.1111111111111112,1.0,1.0,1.0,2,2,2.0,2.0,2.0,2.0,"Hypergraph(num_v=20, num_e=3)",False,0.21413588523864746
475,STATS,055-009-augF1-full3,orig,0.07444214820861816,0.2866840362548828,0,3,4,2,2,11768.05,1810,178345,94229.0,52171.0,102532.0,140438.5,2018.0,6651.0,4334.5,3176.25,4334.5,5492.75,1,1,3,1.1111111111111112,1.0,1.0,1.0,2,2,2.0,2.0,2.0,2.0,"Hypergraph(num_v=20, num_e=3)",False,0.21224188804626465
476,STATS,055-009-augF2-full1,orig,0.3476548194885254,0.7908930778503418,0,3,4,2,2,25358.32,91976,303187,189822.66666666663,133140.5,174305.0,238746.0,174305.0,574574.0,374439.5,274372.25,374439.5,474506.75,1,1,3,1.1111111111111112,1.0,1.0,1.0,2,2,2.0,2.0,2.0,2.0,"Hypergraph(num_v=20, num_e=3)",False,0.4432382583618164
477,STATS,055-009-augF2-full2,orig,0.34764719009399414,0.798159122467041,0,3,4,2,2,25358.32,91976,303187,189822.66666666663,133140.5,174305.0,238746.0,174305.0,574574.0,374439.5,274372.25,374439.5,474506.75,1,1,3,1.1111111111111112,1.0,1.0,1.0,2,2,2.0,2.0,2.0,2.0,"Hypergraph(num_v=20, num_e=3)",False,0.4505119323730469
478,STATS,055-009-augF2-full3,orig,0.34589314460754395,0.790388822555542,0,3,4,2,2,25358.32,91976,303187,189822.66666666663,133140.5,174305.0,238746.0,174305.0,574574.0,374439.5,274372.25,374439.5,474506.75,1,1,3,1.1111111111111112,1.0,1.0,1.0,2,2,2.0,2.0,2.0,2.0,"Hypergraph(num_v=20, num_e=3)",False,0.44449567794799805
479,STATS,056-007-full1,orig,0.2410292625427246,0.3936767578125,0,3,5,3,2,126131.4,12050,174305,92275.0,51260.0,90470.0,132387.5,11853.0,7004952.0,3508402.5,1760127.75,3508402.5,5256677.25,1,1,2,1.0526315789473684,1.0,1.0,1.0,2,2,2.0,2.0,2.0,2.0,"Hypergraph(num_v=20, num_e=3)",True,0.1526474952697754
480,STATS,056-007-full2,orig,0.23760390281677246,0.40427684783935547,0,3,5,3,2,126131.4,12050,174305,92275.0,51260.0,90470.0,132387.5,11853.0,7004952.0,3508402.5,1760127.75,3508402.5,5256677.25,1,1,2,1.0526315789473684,1.0,1.0,1.0,2,2,2.0,2.0,2.0,2.0,"Hypergraph(num_v=20, num_e=3)",True,0.166672945022583
481,STATS,056-007-full3,orig,0.24895238876342773,0.42061781883239746,0,3,5,3,2,126131.4,12050,174305,92275.0,51260.0,90470.0,132387.5,11853.0,7004952.0,3508402.5,1760127.75,3508402.5,5256677.25,1,1,2,1.0526315789473684,1.0,1.0,1.0,2,2,2.0,2.0,2.0,2.0,"Hypergraph(num_v=20, num_e=3)",True,0.17166543006896973
482,STATS,056-007-augF1-full1,orig,0.2417125701904297,0.3910224437713623,0,3,5,3,2,126510.57,12050,174305,92436.33333333331,51502.0,90954.0,132629.5,11916.0,7042427.0,3527171.5,1769543.75,3527171.5,5284799.25,1,1,2,1.0526315789473684,1.0,1.0,1.0,2,2,2.0,2.0,2.0,2.0,"Hypergraph(num_v=20, num_e=3)",False,0.14930987358093262
483,STATS,056-007-augF1-full2,orig,0.24674057960510254,0.4172959327697754,0,3,5,3,2,126510.57,12050,174305,92436.33333333331,51502.0,90954.0,132629.5,11916.0,7042427.0,3527171.5,1769543.75,3527171.5,5284799.25,1,1,2,1.0526315789473684,1.0,1.0,1.0,2,2,2.0,2.0,2.0,2.0,"Hypergraph(num_v=20, num_e=3)",False,0.17055535316467285
484,STATS,056-007-augF1-full3,orig,0.2363429069519043,0.3931386470794678,0,3,5,3,2,126510.57,12050,174305,92436.33333333331,51502.0,90954.0,132629.5,11916.0,7042427.0,3527171.5,1769543.75,3527171.5,5284799.25,1,1,2,1.0526315789473684,1.0,1.0,1.0,2,2,2.0,2.0,2.0,2.0,"Hypergraph(num_v=20, num_e=3)",False,0.15679574012756348
485,STATS,056-007-augF2-full1,orig,0.18738508224487305,0.2981138229370117,0,3,5,3,2,110408.49,12050,174305,86529.66666666667,42642.0,73234.0,123769.5,9595.0,5670395.0,2839995.0,1424795.0,2839995.0,4255195.0,1,1,2,1.0526315789473684,1.0,1.0,1.0,2,2,2.0,2.0,2.0,2.0,"Hypergraph(num_v=20, num_e=3)",False,0.11072874069213867
486,STATS,056-007-augF2-full2,orig,0.18846821784973145,0.3092918395996094,0,3,5,3,2,110408.49,12050,174305,86529.66666666667,42642.0,73234.0,123769.5,9595.0,5670395.0,2839995.0,1424795.0,2839995.0,4255195.0,1,1,2,1.0526315789473684,1.0,1.0,1.0,2,2,2.0,2.0,2.0,2.0,"Hypergraph(num_v=20, num_e=3)",False,0.12082362174987793
487,STATS,056-007-augF2-full3,orig,0.1868152618408203,0.2870316505432129,0,3,5,3,2,110408.49,12050,174305,86529.66666666667,42642.0,73234.0,123769.5,9595.0,5670395.0,2839995.0,1424795.0,2839995.0,4255195.0,1,1,2,1.0526315789473684,1.0,1.0,1.0,2,2,2.0,2.0,2.0,2.0,"Hypergraph(num_v=20, num_e=3)",False,0.10021638870239258
488,STATS,057-087-full1,orig,0.2725059986114502,0.48129892349243164,0,3,7,5,2,12122.34,40952,172281,98064.33333333331,60956.0,80960.0,126620.5,80326.0,14429227.0,7254776.5,3667551.25,7254776.5,10842001.75,1,1,3,1.1666666666666667,1.0,1.0,1.0,2,2,2.0,2.0,2.0,2.0,"Hypergraph(num_v=14, num_e=3)",True,0.20879292488098145
489,STATS,057-087-full2,orig,0.27146220207214355,0.49379897117614746,0,3,7,5,2,12122.34,40952,172281,98064.33333333331,60956.0,80960.0,126620.5,80326.0,14429227.0,7254776.5,3667551.25,7254776.5,10842001.75,1,1,3,1.1666666666666667,1.0,1.0,1.0,2,2,2.0,2.0,2.0,2.0,"Hypergraph(num_v=14, num_e=3)",True,0.2223367691040039
490,STATS,057-087-full3,orig,0.2770218849182129,0.4881410598754883,0,3,7,5,2,12122.34,40952,172281,98064.33333333331,60956.0,80960.0,126620.5,80326.0,14429227.0,7254776.5,3667551.25,7254776.5,10842001.75,1,1,3,1.1666666666666667,1.0,1.0,1.0,2,2,2.0,2.0,2.0,2.0,"Hypergraph(num_v=14, num_e=3)",True,0.2111191749572754
491,STATS,057-087-augF1-full1,orig,2.39213490486145,2.4158124923706055,0,3,7,5,2,12159.63,41269,172281,98170.0,61114.5,80960.0,126620.5,80948.0,14540921.0,7310934.5,3695941.25,7310934.5,10925927.75,1,1,3,1.1666666666666667,1.0,1.0,1.0,2,2,2.0,2.0,2.0,2.0,"Hypergraph(num_v=14, num_e=3)",False,0.023677587509155273
492,STATS,057-087-augF1-full2,rewr,2.4366700649261475,2.433490753173828,0,3,7,5,2,12159.63,41269,172281,98170.0,61114.5,80960.0,126620.5,80948.0,14540921.0,7310934.5,3695941.25,7310934.5,10925927.75,1,1,3,1.1666666666666667,1.0,1.0,1.0,2,2,2.0,2.0,2.0,2.0,"Hypergraph(num_v=14, num_e=3)",False,-0.003179311752319336
493,STATS,057-087-augF1-full3,rewr,2.443277597427368,2.425400972366333,0,3,7,5,2,12159.63,41269,172281,98170.0,61114.5,80960.0,126620.5,80948.0,14540921.0,7310934.5,3695941.25,7310934.5,10925927.75,1,1,3,1.1666666666666667,1.0,1.0,1.0,2,2,2.0,2.0,2.0,2.0,"Hypergraph(num_v=14, num_e=3)",False,-0.017876625061035156
494,STATS,057-087-augF2-full1,orig,0.1188361644744873,0.264340877532959,0,3,7,5,2,9627.6,40952,80960,63636.66666666666,54975.0,68998.0,74979.0,80326.0,5778860.0,2929593.0,1504959.5,2929593.0,4354226.5,1,1,3,1.1666666666666667,1.0,1.0,1.0,2,2,2.0,2.0,2.0,2.0,"Hypergraph(num_v=14, num_e=3)",False,0.14550471305847168
495,STATS,057-087-augF2-full2,orig,0.11793017387390137,0.2659790515899658,0,3,7,5,2,9627.6,40952,80960,63636.66666666666,54975.0,68998.0,74979.0,80326.0,5778860.0,2929593.0,1504959.5,2929593.0,4354226.5,1,1,3,1.1666666666666667,1.0,1.0,1.0,2,2,2.0,2.0,2.0,2.0,"Hypergraph(num_v=14, num_e=3)",False,0.14804887771606445
496,STATS,057-087-augF2-full3,orig,0.1180877685546875,0.27131032943725586,0,3,7,5,2,9627.6,40952,80960,63636.66666666666,54975.0,68998.0,74979.0,80326.0,5778860.0,2929593.0,1504959.5,2929593.0,4354226.5,1,1,3,1.1666666666666667,1.0,1.0,1.0,2,2,2.0,2.0,2.0,2.0,"Hypergraph(num_v=14, num_e=3)",False,0.15322256088256836
497,STATS,058-010-full1,orig,0.26520586013793945,0.4866325855255127,0,3,10,8,2,9288.16,5685,171555,72838.33333333333,23480.0,41275.0,106415.0,5603.0,3254693.0,1630148.0,817875.5,1630148.0,2442420.5,1,1,3,1.105263157894737,1.0,1.0,1.0,2,2,2.0,2.0,2.0,2.0,"Hypergraph(num_v=21, num_e=3)",True,0.22142672538757324
498,STATS,058-010-full2,orig,0.26757121086120605,0.47950243949890137,0,3,10,8,2,9288.16,5685,171555,72838.33333333333,23480.0,41275.0,106415.0,5603.0,3254693.0,1630148.0,817875.5,1630148.0,2442420.5,1,1,3,1.105263157894737,1.0,1.0,1.0,2,2,2.0,2.0,2.0,2.0,"Hypergraph(num_v=21, num_e=3)",True,0.2119312286376953
499,STATS,058-010-full3,orig,0.26412081718444824,0.4748666286468506,0,3,10,8,2,9288.16,5685,171555,72838.33333333333,23480.0,41275.0,106415.0,5603.0,3254693.0,1630148.0,817875.5,1630148.0,2442420.5,1,1,3,1.105263157894737,1.0,1.0,1.0,2,2,2.0,2.0,2.0,2.0,"Hypergraph(num_v=21, num_e=3)",True,0.21074581146240234
500,STATS,058-010-augF1-full1,orig,0.26519107818603516,0.48067593574523926,0,3,10,8,2,9288.78,5696,171555,72842.0,23485.5,41275.0,106415.0,5614.0,3260991.0,1633302.5,819458.25,1633302.5,2447146.75,1,1,3,1.105263157894737,1.0,1.0,1.0,2,2,2.0,2.0,2.0,2.0,"Hypergraph(num_v=21, num_e=3)",False,0.2154848575592041
501,STATS,058-010-augF1-full2,orig,0.2647271156311035,0.48274660110473633,0,3,10,8,2,9288.78,5696,171555,72842.0,23485.5,41275.0,106415.0,5614.0,3260991.0,1633302.5,819458.25,1633302.5,2447146.75,1,1,3,1.105263157894737,1.0,1.0,1.0,2,2,2.0,2.0,2.0,2.0,"Hypergraph(num_v=21, num_e=3)",False,0.2180194854736328
502,STATS,058-010-augF1-full3,orig,0.26496338844299316,0.47597384452819824,0,3,10,8,2,9288.78,5696,171555,72842.0,23485.5,41275.0,106415.0,5614.0,3260991.0,1633302.5,819458.25,1633302.5,2447146.75,1,1,3,1.105263157894737,1.0,1.0,1.0,2,2,2.0,2.0,2.0,2.0,"Hypergraph(num_v=21, num_e=3)",False,0.21101045608520508
503,STATS,058-010-augF2-full1,orig,0.008900165557861328,0.01926732063293457,0,3,10,8,2,7767.11,1,171555,57187.0,3.0,5.0,85780.0,5.0,2862.0,1433.5,719.25,1433.5,2147.75,1,1,3,1.105263157894737,1.0,1.0,1.0,2,2,2.0,2.0,2.0,2.0,"Hypergraph(num_v=21, num_e=3)",False,0.010367155075073242
504,STATS,058-010-augF2-full2,orig,0.008918285369873047,0.019408464431762695,0,3,10,8,2,7767.11,1,171555,57187.0,3.0,5.0,85780.0,5.0,2862.0,1433.5,719.25,1433.5,2147.75,1,1,3,1.105263157894737,1.0,1.0,1.0,2,2,2.0,2.0,2.0,2.0,"Hypergraph(num_v=21, num_e=3)",False,0.010490179061889648
505,STATS,058-010-augF2-full3,orig,0.008837699890136719,0.018789052963256836,0,3,10,8,2,7767.11,1,171555,57187.0,3.0,5.0,85780.0,5.0,2862.0,1433.5,719.25,1433.5,2147.75,1,1,3,1.105263157894737,1.0,1.0,1.0,2,2,2.0,2.0,2.0,2.0,"Hypergraph(num_v=21, num_e=3)",False,0.009951353073120117
506,STATS,059-061-full1,orig,0.3330399990081787,0.6448891162872314,0,6,17,12,5,16037.04,1,154090,59948.66666666666,11172.0,46831.0,96197.75,1353.0,258068.0,53325.4,1472.0,1490.0,4244.0,1,1,4,1.1666666666666667,1.0,1.0,1.0,5,5,5.0,5.0,5.0,5.0,"Hypergraph(num_v=35, num_e=6)",True,0.31184911727905273
507,STATS,059-061-full2,orig,0.3368210792541504,0.6561238765716553,0,6,17,12,5,16037.04,1,154090,59948.66666666666,11172.0,46831.0,96197.75,1353.0,258068.0,53325.4,1472.0,1490.0,4244.0,1,1,4,1.1666666666666667,1.0,1.0,1.0,5,5,5.0,5.0,5.0,5.0,"Hypergraph(num_v=35, num_e=6)",True,0.3193027973175049
508,STATS,059-061-full3,orig,0.3368875980377197,0.6693336963653564,0,6,17,12,5,16037.04,1,154090,59948.66666666666,11172.0,46831.0,96197.75,1353.0,258068.0,53325.4,1472.0,1490.0,4244.0,1,1,4,1.1666666666666667,1.0,1.0,1.0,5,5,5.0,5.0,5.0,5.0,"Hypergraph(num_v=35, num_e=6)",True,0.3324460983276367
509,STATS,059-061-augF1-full1,orig,0.2068486213684082,0.5286283493041992,0,6,17,12,5,15420.8,1,154090,54477.833333333336,11172.0,40577.0,77833.0,1007.0,174457.0,36180.2,1096.0,1472.0,2869.0,1,1,4,1.1666666666666667,1.0,1.0,1.0,5,5,5.0,5.0,5.0,5.0,"Hypergraph(num_v=35, num_e=6)",False,0.321779727935791
510,STATS,059-061-augF1-full2,orig,0.20383477210998535,0.5518045425415039,0,6,17,12,5,15420.8,1,154090,54477.833333333336,11172.0,40577.0,77833.0,1007.0,174457.0,36180.2,1096.0,1472.0,2869.0,1,1,4,1.1666666666666667,1.0,1.0,1.0,5,5,5.0,5.0,5.0,5.0,"Hypergraph(num_v=35, num_e=6)",False,0.34796977043151855
511,STATS,059-061-augF1-full3,orig,0.20586609840393066,0.5428571701049805,0,6,17,12,5,15420.8,1,154090,54477.833333333336,11172.0,40577.0,77833.0,1007.0,174457.0,36180.2,1096.0,1472.0,2869.0,1,1,4,1.1666666666666667,1.0,1.0,1.0,5,5,5.0,5.0,5.0,5.0,"Hypergraph(num_v=35, num_e=6)",False,0.3369910717010498
512,STATS,059-061-augF2-full1,orig,0.02655315399169922,0.08967351913452148,0,6,17,12,5,11275.03,1,101277,32151.166666666668,2.25,5334.0,63385.5,1.0,33.0,9.6,1.0,5.0,8.0,1,1,4,1.1666666666666667,1.0,1.0,1.0,5,5,5.0,5.0,5.0,5.0,"Hypergraph(num_v=35, num_e=6)",False,0.06312036514282227
513,STATS,059-061-augF2-full2,orig,0.026635408401489258,0.09092855453491211,0,6,17,12,5,11275.03,1,101277,32151.166666666668,2.25,5334.0,63385.5,1.0,33.0,9.6,1.0,5.0,8.0,1,1,4,1.1666666666666667,1.0,1.0,1.0,5,5,5.0,5.0,5.0,5.0,"Hypergraph(num_v=35, num_e=6)",False,0.06429314613342285
514,STATS,059-061-augF2-full3,orig,0.026471853256225586,0.08934926986694336,0,6,17,12,5,11275.03,1,101277,32151.166666666668,2.25,5334.0,63385.5,1.0,33.0,9.6,1.0,5.0,8.0,1,1,4,1.1666666666666667,1.0,1.0,1.0,5,5,5.0,5.0,5.0,5.0,"Hypergraph(num_v=35, num_e=6)",False,0.06287741661071777
515,STATS,060-042-full1,orig,0.48950886726379395,1.0531017780303955,0,4,7,4,3,24937.53,41275,328064,178639.25,41842.0,172609.0,309406.25,136550.0,487053.0,254051.0,137550.0,138550.0,312801.5,1,1,3,1.125,1.0,1.0,1.0,3,3,3.0,3.0,3.0,3.0,"Hypergraph(num_v=27, num_e=4)",True,0.5635929107666016
516,STATS,060-042-full2,orig,0.48455333709716797,1.0604045391082764,0,4,7,4,3,28835.53,41275,328064,178639.25,41842.0,172609.0,309406.25,136550.0,487053.0,254051.0,137550.0,138550.0,312801.5,1,1,3,1.125,1.0,1.0,1.0,3,3,3.0,3.0,3.0,3.0,"Hypergraph(num_v=27, num_e=4)",True,0.5758512020111084
517,STATS,060-042-full3,orig,0.4878354072570801,1.0531048774719238,0,4,7,4,3,24937.53,41275,328064,178639.25,41842.0,172609.0,309406.25,136550.0,487053.0,254051.0,137550.0,138550.0,312801.5,1,1,3,1.125,1.0,1.0,1.0,3,3,3.0,3.0,3.0,3.0,"Hypergraph(num_v=27, num_e=4)",True,0.5652694702148438
518,STATS,060-042-augF1-full1,orig,0.06601333618164062,0.2655313014984131,0,4,7,4,3,14418.84,1,192979,92933.5,307.0,89377.0,182003.5,858.0,4739.0,2808.333333333333,1843.0,2828.0,3783.5,1,1,3,1.125,1.0,1.0,1.0,3,3,3.0,3.0,3.0,3.0,"Hypergraph(num_v=27, num_e=4)",False,0.19951796531677246
519,STATS,060-042-augF1-full2,orig,0.06392145156860352,0.2675509452819824,0,4,7,4,3,14418.84,1,192979,92933.5,307.0,89377.0,182003.5,858.0,4739.0,2808.333333333333,1843.0,2828.0,3783.5,1,1,3,1.125,1.0,1.0,1.0,3,3,3.0,3.0,3.0,3.0,"Hypergraph(num_v=27, num_e=4)",False,0.2036294937133789
520,STATS,060-042-augF1-full3,orig,0.06568670272827148,0.26754212379455566,0,4,7,4,3,14418.84,1,192979,92933.5,307.0,89377.0,182003.5,858.0,4739.0,2808.333333333333,1843.0,2828.0,3783.5,1,1,3,1.125,1.0,1.0,1.0,3,3,3.0,3.0,3.0,3.0,"Hypergraph(num_v=27, num_e=4)",False,0.20185542106628418
521,STATS,060-042-augF2-full1,orig,0.5001120567321777,1.0795204639434814,0,4,7,4,3,25015.68,41275,328064,178749.25,42172.0,172829.0,309406.25,137979.0,492151.0,256710.0,138989.5,140000.0,316075.5,1,1,3,1.125,1.0,1.0,1.0,3,3,3.0,3.0,3.0,3.0,"Hypergraph(num_v=27, num_e=4)",False,0.5794084072113037
522,STATS,060-042-augF2-full2,orig,0.47942352294921875,1.075385332107544,0,4,7,4,3,28927.68,41275,328064,178749.25,42172.0,172829.0,309406.25,137979.0,492151.0,256710.0,138989.5,140000.0,316075.5,1,1,3,1.125,1.0,1.0,1.0,3,3,3.0,3.0,3.0,3.0,"Hypergraph(num_v=27, num_e=4)",False,0.5959618091583252
523,STATS,060-042-augF2-full3,orig,0.5000724792480469,1.0824637413024902,0,4,7,4,3,25015.68,41275,328064,178749.25,42172.0,172829.0,309406.25,137979.0,492151.0,256710.0,138989.5,140000.0,316075.5,1,1,3,1.125,1.0,1.0,1.0,3,3,3.0,3.0,3.0,3.0,"Hypergraph(num_v=27, num_e=4)",False,0.5823912620544434
524,STATS,061-053-full1,orig,0.44704461097717285,0.5633909702301025,0,5,7,3,4,10352.38,12050,173247,70027.2,41275.0,42604.0,80960.0,5501.0,49604.0,17869.25,5561.75,8186.0,20493.5,1,1,3,1.0740740740740742,1.0,1.0,1.0,4,4,4.0,4.0,4.0,4.0,"Hypergraph(num_v=29, num_e=5)",True,0.11634635925292969
525,STATS,061-053-full2,orig,0.45382261276245117,0.55710768699646,0,5,7,3,4,10352.38,12050,173247,70027.2,41275.0,42604.0,80960.0,5501.0,49604.0,17869.25,5561.75,8186.0,20493.5,1,1,3,1.0740740740740742,1.0,1.0,1.0,4,4,4.0,4.0,4.0,4.0,"Hypergraph(num_v=29, num_e=5)",True,0.10328507423400879
526,STATS,061-053-full3,orig,0.4184458255767822,0.5431320667266846,0,5,7,3,4,10352.38,12050,173247,70027.2,41275.0,42604.0,80960.0,5501.0,49604.0,17869.25,5561.75,8186.0,20493.5,1,1,3,1.0740740740740742,1.0,1.0,1.0,4,4,4.0,4.0,4.0,4.0,"Hypergraph(num_v=29, num_e=5)",True,0.12468624114990234
527,STATS,061-053-augF1-full1,orig,0.14761567115783691,0.29372215270996094,0,5,7,3,4,9260.29,1,80960,29937.2,12050.0,14071.0,42604.0,2054.0,6849.0,4142.25,2076.5,3833.0,5898.75,1,1,3,1.0740740740740742,1.0,1.0,1.0,4,4,4.0,4.0,4.0,4.0,"Hypergraph(num_v=29, num_e=5)",False,0.14610648155212402
528,STATS,061-053-augF1-full2,orig,0.15117549896240234,0.3215336799621582,0,5,7,3,4,9260.29,1,80960,29937.2,12050.0,14071.0,42604.0,2054.0,6849.0,4142.25,2076.5,3833.0,5898.75,1,1,3,1.0740740740740742,1.0,1.0,1.0,4,4,4.0,4.0,4.0,4.0,"Hypergraph(num_v=29, num_e=5)",False,0.17035818099975586
529,STATS,061-053-augF1-full3,orig,0.14986586570739746,0.31188297271728516,0,5,7,3,4,9260.29,1,80960,29937.2,12050.0,14071.0,42604.0,2054.0,6849.0,4142.25,2076.5,3833.0,5898.75,1,1,3,1.0740740740740742,1.0,1.0,1.0,4,4,4.0,4.0,4.0,4.0,"Hypergraph(num_v=29, num_e=5)",False,0.1620171070098877
530,STATS,061-053-augF2-full1,orig,0.45438551902770996,0.5555932521820068,0,5,7,3,4,9593.93,12050,173247,65329.2,17785.0,42604.0,80960.0,2371.0,21374.0,11622.25,4081.0,11372.0,18913.25,1,1,3,1.0740740740740742,1.0,1.0,1.0,4,4,4.0,4.0,4.0,4.0,"Hypergraph(num_v=29, num_e=5)",False,0.10120773315429688
531,STATS,061-053-augF2-full2,orig,0.41446995735168457,0.5340261459350586,0,5,7,3,4,9593.93,12050,173247,65329.2,17785.0,42604.0,80960.0,2371.0,21374.0,11622.25,4081.0,11372.0,18913.25,1,1,3,1.0740740740740742,1.0,1.0,1.0,4,4,4.0,4.0,4.0,4.0,"Hypergraph(num_v=29, num_e=5)",False,0.11955618858337402
532,STATS,061-053-augF2-full3,orig,0.4504704475402832,0.5629589557647705,0,5,7,3,4,9593.93,12050,173247,65329.2,17785.0,42604.0,80960.0,2371.0,21374.0,11622.25,4081.0,11372.0,18913.25,1,1,3,1.0740740740740742,1.0,1.0,1.0,4,4,4.0,4.0,4.0,4.0,"Hypergraph(num_v=29, num_e=5)",False,0.1124885082244873
533,STATS,062-129-full1,orig,0.45011377334594727,0.9366500377655029,0,5,10,6,4,20841.43,12050,303187,118194.0,19202.0,102077.0,154454.0,2516.0,44663.0,14485.25,2723.0,5381.0,17143.25,1,1,5,1.148148148148148,1.0,1.0,1.0,4,4,4.0,4.0,4.0,4.0,"Hypergraph(num_v=31, num_e=5)",True,0.48653626441955566
534,STATS,062-129-full2,orig,0.43953728675842285,0.9316496849060059,0,5,10,6,4,20841.43,12050,303187,118194.0,19202.0,102077.0,154454.0,2516.0,44663.0,14485.25,2723.0,5381.0,17143.25,1,1,5,1.148148148148148,1.0,1.0,1.0,4,4,4.0,4.0,4.0,4.0,"Hypergraph(num_v=31, num_e=5)",True,0.492112398147583
535,STATS,062-129-full3,orig,0.45250368118286133,0.9203436374664307,0,5,10,6,4,20841.43,12050,303187,118194.0,19202.0,102077.0,154454.0,2516.0,44663.0,14485.25,2723.0,5381.0,17143.25,1,1,5,1.148148148148148,1.0,1.0,1.0,4,4,4.0,4.0,4.0,4.0,"Hypergraph(num_v=31, num_e=5)",True,0.46783995628356934
536,STATS,062-129-augF1-full1,orig,0.44015073776245117,0.9129023551940918,0,5,10,6,4,20852.29,12050,303187,118283.0,19202.0,102522.0,154454.0,2516.0,44860.0,14546.25,2732.0,5404.5,17218.75,1,1,5,1.148148148148148,1.0,1.0,1.0,4,4,4.0,4.0,4.0,4.0,"Hypergraph(num_v=31, num_e=5)",False,0.4727516174316406
537,STATS,062-129-augF1-full2,orig,0.44858551025390625,0.9309048652648926,0,5,10,6,4,20852.29,12050,303187,118283.0,19202.0,102522.0,154454.0,2516.0,44860.0,14546.25,2732.0,5404.5,17218.75,1,1,5,1.148148148148148,1.0,1.0,1.0,4,4,4.0,4.0,4.0,4.0,"Hypergraph(num_v=31, num_e=5)",False,0.48231935501098633
538,STATS,062-129-augF1-full3,orig,0.45221519470214844,0.9304451942443848,0,5,10,6,4,20852.29,12050,303187,118283.0,19202.0,102522.0,154454.0,2516.0,44860.0,14546.25,2732.0,5404.5,17218.75,1,1,5,1.148148148148148,1.0,1.0,1.0,4,4,4.0,4.0,4.0,4.0,"Hypergraph(num_v=31, num_e=5)",False,0.47822999954223633
539,STATS,062-129-augF2-full1,orig,0.06343245506286621,0.14318060874938965,0,5,10,6,4,16708.4,56,178345,89396.4,12050.0,102077.0,154454.0,14.0,109.0,56.75,23.75,52.0,85.0,1,1,5,1.148148148148148,1.0,1.0,1.0,4,4,4.0,4.0,4.0,4.0,"Hypergraph(num_v=31, num_e=5)",False,0.07974815368652344
540,STATS,062-129-augF2-full2,orig,0.0647420883178711,0.14253020286560059,0,5,10,6,4,16708.4,56,178345,89396.4,12050.0,102077.0,154454.0,14.0,109.0,56.75,23.75,52.0,85.0,1,1,5,1.148148148148148,1.0,1.0,1.0,4,4,4.0,4.0,4.0,4.0,"Hypergraph(num_v=31, num_e=5)",False,0.07778811454772949
541,STATS,062-129-augF2-full3,orig,0.06633543968200684,0.14372897148132324,0,5,10,6,4,16708.4,56,178345,89396.4,12050.0,102077.0,154454.0,14.0,109.0,56.75,23.75,52.0,85.0,1,1,5,1.148148148148148,1.0,1.0,1.0,4,4,4.0,4.0,4.0,4.0,"Hypergraph(num_v=31, num_e=5)",False,0.0773935317993164
542,STATS,063-109-full1,orig,0.5443053245544434,0.7738559246063232,0,5,9,5,4,49972.18,10630,325049,173199.6,91976.0,135156.0,303187.0,50269.0,1431314.0,496784.25,147946.0,252777.0,601615.25,1,1,5,1.148148148148148,1.0,1.0,1.0,4,4,4.0,4.0,4.0,4.0,"Hypergraph(num_v=31, num_e=5)",True,0.22955060005187988
543,STATS,063-109-full2,orig,0.541884183883667,0.7680623531341553,0,5,9,5,4,49972.18,10630,325049,173199.6,91976.0,135156.0,303187.0,50269.0,1431314.0,496784.25,147946.0,252777.0,601615.25,1,1,5,1.148148148148148,1.0,1.0,1.0,4,4,4.0,4.0,4.0,4.0,"Hypergraph(num_v=31, num_e=5)",True,0.22617816925048828
544,STATS,063-109-full3,orig,0.5405449867248535,0.777496337890625,0,5,9,5,4,49972.18,10630,325049,173199.6,91976.0,135156.0,303187.0,50269.0,1431314.0,496784.25,147946.0,252777.0,601615.25,1,1,5,1.148148148148148,1.0,1.0,1.0,4,4,4.0,4.0,4.0,4.0,"Hypergraph(num_v=31, num_e=5)",True,0.23695135116577148
545,STATS,063-109-augF1-full1,orig,0.5014054775238037,0.7471284866333008,0,5,9,5,4,47714.45,10630,303187,163645.2,91976.0,135156.0,277277.0,50269.0,1220956.0,432251.75,147946.0,228891.0,513196.75,1,1,5,1.148148148148148,1.0,1.0,1.0,4,4,4.0,4.0,4.0,4.0,"Hypergraph(num_v=31, num_e=5)",False,0.24572300910949707
546,STATS,063-109-augF1-full2,orig,0.5000476837158203,0.751389741897583,0,5,9,5,4,47714.45,10630,303187,163645.2,91976.0,135156.0,277277.0,50269.0,1220956.0,432251.75,147946.0,228891.0,513196.75,1,1,5,1.148148148148148,1.0,1.0,1.0,4,4,4.0,4.0,4.0,4.0,"Hypergraph(num_v=31, num_e=5)",False,0.2513420581817627
547,STATS,063-109-augF1-full3,orig,0.502474308013916,0.7389183044433594,0,5,9,5,4,47714.45,10630,303187,163645.2,91976.0,135156.0,277277.0,50269.0,1220956.0,432251.75,147946.0,228891.0,513196.75,1,1,5,1.148148148148148,1.0,1.0,1.0,4,4,4.0,4.0,4.0,4.0,"Hypergraph(num_v=31, num_e=5)",False,0.23644399642944336
548,STATS,063-109-augF2-full1,orig,0.0583951473236084,0.42446136474609375,0,5,9,5,4,14509.07,1,191205,76037.8,8.0,10630.0,178345.0,2.0,89.0,26.0,2.0,6.5,30.5,1,1,5,1.148148148148148,1.0,1.0,1.0,4,4,4.0,4.0,4.0,4.0,"Hypergraph(num_v=31, num_e=5)",False,0.36606621742248535
549,STATS,063-109-augF2-full2,orig,0.05818438529968262,0.42432379722595215,0,5,9,5,4,14509.07,1,191205,76037.8,8.0,10630.0,178345.0,2.0,89.0,26.0,2.0,6.5,30.5,1,1,5,1.148148148148148,1.0,1.0,1.0,4,4,4.0,4.0,4.0,4.0,"Hypergraph(num_v=31, num_e=5)",False,0.36613941192626953
550,STATS,063-109-augF2-full3,orig,0.058588504791259766,0.4150049686431885,0,5,9,5,4,14509.07,1,191205,76037.8,8.0,10630.0,178345.0,2.0,89.0,26.0,2.0,6.5,30.5,1,1,5,1.148148148148148,1.0,1.0,1.0,4,4,4.0,4.0,4.0,4.0,"Hypergraph(num_v=31, num_e=5)",False,0.3564164638519287
551,STATS,064-116-full1,orig,0.3821394443511963,0.552074670791626,0,4,9,6,3,85410.76,8221,296237,106606.75,32812.0,60984.5,134779.25,8039.0,587663631.0,196124072.0,354292.5,700546.0,294182088.5,1,1,4,1.1875,1.0,1.0,1.0,3,3,3.0,3.0,3.0,3.0,"Hypergraph(num_v=19, num_e=4)",True,0.1699352264404297
552,STATS,064-116-full2,orig,0.3817930221557617,0.5465736389160156,0,4,9,6,3,85410.76,8221,296237,106606.75,32812.0,60984.5,134779.25,8039.0,587663631.0,196124072.0,354292.5,700546.0,294182088.5,1,1,4,1.1875,1.0,1.0,1.0,3,3,3.0,3.0,3.0,3.0,"Hypergraph(num_v=19, num_e=4)",True,0.1647806167602539
553,STATS,064-116-full3,orig,0.3849794864654541,0.5481173992156982,0,4,9,6,3,85410.76,8221,296237,106606.75,32812.0,60984.5,134779.25,8039.0,587663631.0,196124072.0,354292.5,700546.0,294182088.5,1,1,4,1.1875,1.0,1.0,1.0,3,3,3.0,3.0,3.0,3.0,"Hypergraph(num_v=19, num_e=4)",True,0.16313791275024414
554,STATS,064-116-augF1-full1,rewr,2.97100830078125,2.878549337387085,0,4,9,6,3,85720.8,8221,296237,106657.0,32962.75,61085.0,134779.25,8079.0,590543984.0,197085347.66666663,356029.5,703980.0,295623982.0,1,1,4,1.1875,1.0,1.0,1.0,3,3,3.0,3.0,3.0,3.0,"Hypergraph(num_v=19, num_e=4)",False,-0.09245896339416504
555,STATS,064-116-augF1-full2,rewr,2.9504926204681396,2.8766276836395264,0,4,9,6,3,85720.8,8221,296237,106657.0,32962.75,61085.0,134779.25,8079.0,590543984.0,197085347.66666663,356029.5,703980.0,295623982.0,1,1,4,1.1875,1.0,1.0,1.0,3,3,3.0,3.0,3.0,3.0,"Hypergraph(num_v=19, num_e=4)",False,-0.07386493682861328
556,STATS,064-116-augF1-full3,rewr,2.953369140625,2.846621513366699,0,4,9,6,3,85720.8,8221,296237,106657.0,32962.75,61085.0,134779.25,8079.0,590543984.0,197085347.66666663,356029.5,703980.0,295623982.0,1,1,4,1.1875,1.0,1.0,1.0,3,3,3.0,3.0,3.0,3.0,"Hypergraph(num_v=19, num_e=4)",False,-0.10674762725830078
557,STATS,064-116-augF2-full1,rewr,0.3242955207824707,0.31774115562438965,0,4,9,6,3,50802.73,8221,121202,62848.0,32812.0,60984.5,91020.5,112040.0,240435897.0,80417675.66666667,408565.0,705090.0,120570493.5,1,1,4,1.1875,1.0,1.0,1.0,3,3,3.0,3.0,3.0,3.0,"Hypergraph(num_v=19, num_e=4)",False,-0.006554365158081055
558,STATS,064-116-augF2-full2,rewr,0.32418155670166016,0.3107120990753174,0,4,9,6,3,50802.73,8221,121202,62848.0,32812.0,60984.5,91020.5,112040.0,240435897.0,80417675.66666667,408565.0,705090.0,120570493.5,1,1,4,1.1875,1.0,1.0,1.0,3,3,3.0,3.0,3.0,3.0,"Hypergraph(num_v=19, num_e=4)",False,-0.013469457626342773
559,STATS,064-116-augF2-full3,rewr,0.3256962299346924,0.31738853454589844,0,4,9,6,3,50802.73,8221,121202,62848.0,32812.0,60984.5,91020.5,112040.0,240435897.0,80417675.66666667,408565.0,705090.0,120570493.5,1,1,4,1.1875,1.0,1.0,1.0,3,3,3.0,3.0,3.0,3.0,"Hypergraph(num_v=19, num_e=4)",False,-0.008307695388793945
560,STATS,065-012-full1,orig,0.38393139839172363,0.582045316696167,0,3,7,5,2,29328.05,38411,303187,171967.66666666666,106358.0,174305.0,238746.0,159653.0,234057914.0,117108783.5,58634218.25,117108783.5,175583348.75,1,1,3,1.1428571428571428,1.0,1.0,1.0,2,2,2.0,2.0,2.0,2.0,"Hypergraph(num_v=16, num_e=3)",True,0.19811391830444336
561,STATS,065-012-full2,orig,0.3847014904022217,0.5773389339447021,0,3,7,5,2,29328.05,38411,303187,171967.66666666666,106358.0,174305.0,238746.0,159653.0,234057914.0,117108783.5,58634218.25,117108783.5,175583348.75,1,1,3,1.1428571428571428,1.0,1.0,1.0,2,2,2.0,2.0,2.0,2.0,"Hypergraph(num_v=16, num_e=3)",True,0.19263744354248047
562,STATS,065-012-full3,orig,0.3834116458892822,0.5808568000793457,0,3,7,5,2,29328.05,38411,303187,171967.66666666666,106358.0,174305.0,238746.0,159653.0,234057914.0,117108783.5,58634218.25,117108783.5,175583348.75,1,1,3,1.1428571428571428,1.0,1.0,1.0,2,2,2.0,2.0,2.0,2.0,"Hypergraph(num_v=16, num_e=3)",True,0.19744515419006348
563,STATS,065-012-augF1-full1,orig,0.056618452072143555,0.17385053634643555,0,3,7,5,2,17564.5,15039,303187,164177.0,94672.0,174305.0,238746.0,62509.0,91640336.0,45851422.5,22956965.75,45851422.5,68745879.25,1,1,3,1.1428571428571428,1.0,1.0,1.0,2,2,2.0,2.0,2.0,2.0,"Hypergraph(num_v=16, num_e=3)",False,0.11723208427429199
564,STATS,065-012-augF1-full2,orig,0.05656123161315918,0.17305707931518555,0,3,7,5,2,17564.5,15039,303187,164177.0,94672.0,174305.0,238746.0,62509.0,91640336.0,45851422.5,22956965.75,45851422.5,68745879.25,1,1,3,1.1428571428571428,1.0,1.0,1.0,2,2,2.0,2.0,2.0,2.0,"Hypergraph(num_v=16, num_e=3)",False,0.11649584770202637
565,STATS,065-012-augF1-full3,orig,0.05649685859680176,0.17427420616149902,0,3,7,5,2,17564.5,15039,303187,164177.0,94672.0,174305.0,238746.0,62509.0,91640336.0,45851422.5,22956965.75,45851422.5,68745879.25,1,1,3,1.1428571428571428,1.0,1.0,1.0,2,2,2.0,2.0,2.0,2.0,"Hypergraph(num_v=16, num_e=3)",False,0.11777734756469727
566,STATS,065-012-augF2-full1,orig,0.3939673900604248,0.6015932559967041,0,3,7,5,2,29767.19,39562,303187,172351.33333333334,106933.5,174305.0,238746.0,164437.0,241071547.0,120617992.0,60391214.5,120617992.0,180844769.5,1,1,3,1.1428571428571428,1.0,1.0,1.0,2,2,2.0,2.0,2.0,2.0,"Hypergraph(num_v=16, num_e=3)",False,0.2076258659362793
567,STATS,065-012-augF2-full2,orig,0.3945040702819824,0.590325117111206,0,3,7,5,2,29767.19,39562,303187,172351.33333333334,106933.5,174305.0,238746.0,164437.0,241071547.0,120617992.0,60391214.5,120617992.0,180844769.5,1,1,3,1.1428571428571428,1.0,1.0,1.0,2,2,2.0,2.0,2.0,2.0,"Hypergraph(num_v=16, num_e=3)",False,0.19582104682922363
568,STATS,065-012-augF2-full3,orig,0.39201998710632324,0.5917582511901855,0,3,7,5,2,29767.19,39562,303187,172351.33333333334,106933.5,174305.0,238746.0,164437.0,241071547.0,120617992.0,60391214.5,120617992.0,180844769.5,1,1,3,1.1428571428571428,1.0,1.0,1.0,2,2,2.0,2.0,2.0,2.0,"Hypergraph(num_v=16, num_e=3)",False,0.1997382640838623
569,STATS,066-094-full1,orig,0.3715355396270752,0.5139968395233154,0,3,4,2,2,12468.9,39684,328064,153241.33333333334,65830.0,91976.0,210020.0,87154.0,264298.0,175726.0,131440.0,175726.0,220012.0,1,1,3,1.1,1.0,1.0,1.0,2,2,2.0,2.0,2.0,2.0,"Hypergraph(num_v=22, num_e=3)",True,0.14246129989624023
570,STATS,066-094-full2,orig,0.3728790283203125,0.513920783996582,0,3,4,2,2,12468.9,39684,328064,153241.33333333334,65830.0,91976.0,210020.0,87154.0,264298.0,175726.0,131440.0,175726.0,220012.0,1,1,3,1.1,1.0,1.0,1.0,2,2,2.0,2.0,2.0,2.0,"Hypergraph(num_v=22, num_e=3)",True,0.14104175567626953
571,STATS,066-094-full3,orig,0.3724033832550049,0.5122411251068115,0,3,4,2,2,12468.9,39684,328064,153241.33333333334,65830.0,91976.0,210020.0,87154.0,264298.0,175726.0,131440.0,175726.0,220012.0,1,1,3,1.1,1.0,1.0,1.0,2,2,2.0,2.0,2.0,2.0,"Hypergraph(num_v=22, num_e=3)",True,0.13983774185180664
572,STATS,066-094-augF1-full1,orig,0.012629508972167969,0.019136428833007812,0,3,4,2,2,7808.67,1,192979,64327.0,1.0,1.0,96490.0,2.0,16.0,9.0,5.5,9.0,12.5,1,1,3,1.1,1.0,1.0,1.0,2,2,2.0,2.0,2.0,2.0,"Hypergraph(num_v=22, num_e=3)",False,0.006506919860839844
573,STATS,066-094-augF1-full2,orig,0.012215614318847656,0.017550230026245117,0,3,4,2,2,7808.67,1,192979,64327.0,1.0,1.0,96490.0,2.0,16.0,9.0,5.5,9.0,12.5,1,1,3,1.1,1.0,1.0,1.0,2,2,2.0,2.0,2.0,2.0,"Hypergraph(num_v=22, num_e=3)",False,0.005334615707397461
574,STATS,066-094-augF1-full3,orig,0.012463569641113281,0.017600536346435547,0,3,4,2,2,7808.67,1,192979,64327.0,1.0,1.0,96490.0,2.0,16.0,9.0,5.5,9.0,12.5,1,1,3,1.1,1.0,1.0,1.0,2,2,2.0,2.0,2.0,2.0,"Hypergraph(num_v=22, num_e=3)",False,0.005136966705322266
575,STATS,066-094-augF2-full1,orig,0.007455587387084961,0.10160541534423828,0,3,4,2,2,8751.53,4,192979,94986.33333333331,45990.0,91976.0,142477.5,2.0,27.0,14.5,8.25,14.5,20.75,1,1,3,1.1,1.0,1.0,1.0,2,2,2.0,2.0,2.0,2.0,"Hypergraph(num_v=22, num_e=3)",False,0.09414982795715332
576,STATS,066-094-augF2-full2,orig,0.007163286209106445,0.10176420211791992,0,3,4,2,2,8751.53,4,192979,94986.33333333331,45990.0,91976.0,142477.5,2.0,27.0,14.5,8.25,14.5,20.75,1,1,3,1.1,1.0,1.0,1.0,2,2,2.0,2.0,2.0,2.0,"Hypergraph(num_v=22, num_e=3)",False,0.09460091590881348
577,STATS,066-094-augF2-full3,orig,0.007206439971923828,0.10117292404174805,0,3,4,2,2,8751.53,4,192979,94986.33333333331,45990.0,91976.0,142477.5,2.0,27.0,14.5,8.25,14.5,20.75,1,1,3,1.1,1.0,1.0,1.0,2,2,2.0,2.0,2.0,2.0,"Hypergraph(num_v=22, num_e=3)",False,0.09396648406982422
578,STATS,067-110-full1,orig,0.571115255355835,0.7957746982574463,0,5,7,3,4,49443.83,11293,328064,173935.2,91976.0,135156.0,303187.0,53404.0,1534665.0,526973.25,157171.0,259912.0,629714.25,1,1,5,1.148148148148148,1.0,1.0,1.0,4,4,4.0,4.0,4.0,4.0,"Hypergraph(num_v=31, num_e=5)",True,0.22465944290161133
579,STATS,067-110-full2,orig,0.5627727508544922,0.7890143394470215,0,5,7,3,4,49443.83,11293,328064,173935.2,91976.0,135156.0,303187.0,53404.0,1534665.0,526973.25,157171.0,259912.0,629714.25,1,1,5,1.148148148148148,1.0,1.0,1.0,4,4,4.0,4.0,4.0,4.0,"Hypergraph(num_v=31, num_e=5)",True,0.2262415885925293
580,STATS,067-110-full3,orig,0.5640857219696045,0.7865760326385498,0,5,7,3,4,49443.83,11293,328064,173935.2,91976.0,135156.0,303187.0,53404.0,1534665.0,526973.25,157171.0,259912.0,629714.25,1,1,5,1.148148148148148,1.0,1.0,1.0,4,4,4.0,4.0,4.0,4.0,"Hypergraph(num_v=31, num_e=5)",True,0.2224903106689453
581,STATS,067-110-augF1-full1,orig,0.04935121536254883,0.3794670104980469,0,5,7,3,4,13661.0,1,192979,76534.6,55.0,11293.0,178345.0,16.0,621.0,182.75,16.0,47.0,213.75,1,1,5,1.148148148148148,1.0,1.0,1.0,4,4,4.0,4.0,4.0,4.0,"Hypergraph(num_v=31, num_e=5)",False,0.33011579513549805
582,STATS,067-110-augF1-full2,orig,0.048819780349731445,0.3808586597442627,0,5,7,3,4,13661.0,1,192979,76534.6,55.0,11293.0,178345.0,16.0,621.0,182.75,16.0,47.0,213.75,1,1,5,1.148148148148148,1.0,1.0,1.0,4,4,4.0,4.0,4.0,4.0,"Hypergraph(num_v=31, num_e=5)",False,0.33203887939453125
583,STATS,067-110-augF1-full3,orig,0.0490117073059082,0.3809547424316406,0,5,7,3,4,13661.0,1,192979,76534.6,55.0,11293.0,178345.0,16.0,621.0,182.75,16.0,47.0,213.75,1,1,5,1.148148148148148,1.0,1.0,1.0,4,4,4.0,4.0,4.0,4.0,"Hypergraph(num_v=31, num_e=5)",False,0.3319430351257324
584,STATS,067-110-augF2-full1,orig,0.11337947845458984,0.4188978672027588,0,5,7,3,4,24611.55,460,192979,109052.6,38323.0,135156.0,178345.0,192.0,62520.0,18779.0,1671.75,6202.0,23309.25,1,1,5,1.148148148148148,1.0,1.0,1.0,4,4,4.0,4.0,4.0,4.0,"Hypergraph(num_v=31, num_e=5)",False,0.30551838874816895
585,STATS,067-110-augF2-full2,orig,0.11599063873291016,0.4121828079223633,0,5,7,3,4,24611.55,460,192979,109052.6,38323.0,135156.0,178345.0,192.0,62520.0,18779.0,1671.75,6202.0,23309.25,1,1,5,1.148148148148148,1.0,1.0,1.0,4,4,4.0,4.0,4.0,4.0,"Hypergraph(num_v=31, num_e=5)",False,0.2961921691894531
586,STATS,067-110-augF2-full3,orig,0.11381673812866211,0.4199035167694092,0,5,7,3,4,24611.55,460,192979,109052.6,38323.0,135156.0,178345.0,192.0,62520.0,18779.0,1671.75,6202.0,23309.25,1,1,5,1.148148148148148,1.0,1.0,1.0,4,4,4.0,4.0,4.0,4.0,"Hypergraph(num_v=31, num_e=5)",False,0.30608677864074707
587,STATS,068-121-full1,orig,0.4265618324279785,0.6078774929046631,0,4,17,14,3,26145.75,5869,84973,52760.0,31321.0,60099.0,81538.0,76243.0,1699583.0,661433.3333333334,142358.5,208474.0,954028.5,1,1,4,1.1428571428571428,1.0,1.0,1.0,3,3,3.0,3.0,3.0,3.0,"Hypergraph(num_v=24, num_e=4)",True,0.18131566047668457
588,STATS,068-121-full2,orig,0.42661404609680176,0.6058230400085449,0,4,17,14,3,26145.75,5869,84973,52760.0,31321.0,60099.0,81538.0,76243.0,1699583.0,661433.3333333334,142358.5,208474.0,954028.5,1,1,4,1.1428571428571428,1.0,1.0,1.0,3,3,3.0,3.0,3.0,3.0,"Hypergraph(num_v=24, num_e=4)",True,0.17920899391174316
589,STATS,068-121-full3,orig,0.42885303497314453,0.6144075393676758,0,4,17,14,3,26145.75,5869,84973,52760.0,31321.0,60099.0,81538.0,76243.0,1699583.0,661433.3333333334,142358.5,208474.0,954028.5,1,1,4,1.1428571428571428,1.0,1.0,1.0,3,3,3.0,3.0,3.0,3.0,"Hypergraph(num_v=24, num_e=4)",True,0.18555450439453125
590,STATS,068-121-augF1-full1,orig,0.42473387718200684,0.5900416374206543,0,4,17,14,3,25787.66,5661,84973,52708.0,31269.0,60099.0,81538.0,76243.0,1639349.0,638892.3333333334,138664.0,201085.0,920217.0,1,1,4,1.1428571428571428,1.0,1.0,1.0,3,3,3.0,3.0,3.0,3.0,"Hypergraph(num_v=24, num_e=4)",False,0.16530776023864746
591,STATS,068-121-augF1-full2,orig,0.42378735542297363,0.6015923023223877,0,4,17,14,3,25787.66,5661,84973,52708.0,31269.0,60099.0,81538.0,76243.0,1639349.0,638892.3333333334,138664.0,201085.0,920217.0,1,1,4,1.1428571428571428,1.0,1.0,1.0,3,3,3.0,3.0,3.0,3.0,"Hypergraph(num_v=24, num_e=4)",False,0.17780494689941406
592,STATS,068-121-augF1-full3,orig,0.42325758934020996,0.6026630401611328,0,4,17,14,3,25787.66,5661,84973,52708.0,31269.0,60099.0,81538.0,76243.0,1639349.0,638892.3333333334,138664.0,201085.0,920217.0,1,1,4,1.1428571428571428,1.0,1.0,1.0,3,3,3.0,3.0,3.0,3.0,"Hypergraph(num_v=24, num_e=4)",False,0.17940545082092285
593,STATS,068-121-augF2-full1,orig,0.9333400726318359,1.084099531173706,0,4,17,14,3,26178.5,5869,84973,52821.5,31505.5,60222.0,81538.0,76714.0,1710087.0,665091.6666666666,142594.0,208474.0,959280.5,1,1,4,1.1428571428571428,1.0,1.0,1.0,3,3,3.0,3.0,3.0,3.0,"Hypergraph(num_v=24, num_e=4)",False,0.15075945854187012
594,STATS,068-121-augF2-full2,orig,0.9302995204925537,1.0654587745666504,0,4,17,14,3,26178.5,5869,84973,52821.5,31505.5,60222.0,81538.0,76714.0,1710087.0,665091.6666666666,142594.0,208474.0,959280.5,1,1,4,1.1428571428571428,1.0,1.0,1.0,3,3,3.0,3.0,3.0,3.0,"Hypergraph(num_v=24, num_e=4)",False,0.13515925407409668
595,STATS,068-121-augF2-full3,orig,0.9291045665740967,1.097135305404663,0,4,17,14,3,26178.5,5869,84973,52821.5,31505.5,60222.0,81538.0,76714.0,1710087.0,665091.6666666666,142594.0,208474.0,959280.5,1,1,4,1.1428571428571428,1.0,1.0,1.0,3,3,3.0,3.0,3.0,3.0,"Hypergraph(num_v=24, num_e=4)",False,0.1680307388305664
596,STATS,069-089-full1,orig,0.4836108684539795,0.6906373500823975,0,3,8,6,2,23442.5,40385,303187,145068.66666666666,66009.5,91634.0,197410.5,276003.0,49319211.0,24797607.0,12536805.0,24797607.0,37058409.0,1,1,3,1.105263157894737,1.0,1.0,1.0,2,2,2.0,2.0,2.0,2.0,"Hypergraph(num_v=21, num_e=3)",True,0.20702648162841797
597,STATS,069-089-full2,orig,0.4849882125854492,0.691814661026001,0,3,8,6,2,23442.5,40385,303187,145068.66666666666,66009.5,91634.0,197410.5,276003.0,49319211.0,24797607.0,12536805.0,24797607.0,37058409.0,1,1,3,1.105263157894737,1.0,1.0,1.0,2,2,2.0,2.0,2.0,2.0,"Hypergraph(num_v=21, num_e=3)",True,0.20682644844055176
598,STATS,069-089-full3,orig,0.48339104652404785,0.6950788497924805,0,3,8,6,2,23442.5,40385,303187,145068.66666666666,66009.5,91634.0,197410.5,276003.0,49319211.0,24797607.0,12536805.0,24797607.0,37058409.0,1,1,3,1.105263157894737,1.0,1.0,1.0,2,2,2.0,2.0,2.0,2.0,"Hypergraph(num_v=21, num_e=3)",True,0.21168780326843262
599,STATS,069-089-augF1-full1,orig,0.33229756355285645,0.5430514812469482,0,3,8,6,2,23186.88,39538,303187,144786.33333333334,65586.0,91634.0,197410.5,270214.0,48284833.0,24277523.5,12273868.75,24277523.5,36281178.25,1,1,3,1.105263157894737,1.0,1.0,1.0,2,2,2.0,2.0,2.0,2.0,"Hypergraph(num_v=21, num_e=3)",False,0.2107539176940918
600,STATS,069-089-augF1-full2,orig,0.33260631561279297,0.5429680347442627,0,3,8,6,2,23186.88,39538,303187,144786.33333333334,65586.0,91634.0,197410.5,270214.0,48284833.0,24277523.5,12273868.75,24277523.5,36281178.25,1,1,3,1.105263157894737,1.0,1.0,1.0,2,2,2.0,2.0,2.0,2.0,"Hypergraph(num_v=21, num_e=3)",False,0.21036171913146973
601,STATS,069-089-augF1-full3,orig,0.333005428314209,0.5466663837432861,0,3,8,6,2,23186.88,39538,303187,144786.33333333334,65586.0,91634.0,197410.5,270214.0,48284833.0,24277523.5,12273868.75,24277523.5,36281178.25,1,1,3,1.105263157894737,1.0,1.0,1.0,2,2,2.0,2.0,2.0,2.0,"Hypergraph(num_v=21, num_e=3)",False,0.21366095542907715
602,STATS,069-089-augF2-full1,orig,0.48568010330200195,0.692554235458374,0,3,8,6,2,23448.36,40385,303187,145085.33333333334,66034.5,91684.0,197435.5,276003.0,49346122.0,24811062.5,12543532.75,24811062.5,37078592.25,1,1,3,1.105263157894737,1.0,1.0,1.0,2,2,2.0,2.0,2.0,2.0,"Hypergraph(num_v=21, num_e=3)",False,0.20687413215637207
603,STATS,069-089-augF2-full2,orig,0.4851675033569336,0.7026751041412354,0,3,8,6,2,23448.36,40385,303187,145085.33333333334,66034.5,91684.0,197435.5,276003.0,49346122.0,24811062.5,12543532.75,24811062.5,37078592.25,1,1,3,1.105263157894737,1.0,1.0,1.0,2,2,2.0,2.0,2.0,2.0,"Hypergraph(num_v=21, num_e=3)",False,0.21750760078430176
604,STATS,069-089-augF2-full3,orig,0.48628735542297363,0.6917030811309814,0,3,8,6,2,23448.36,40385,303187,145085.33333333334,66034.5,91684.0,197435.5,276003.0,49346122.0,24811062.5,12543532.75,24811062.5,37078592.25,1,1,3,1.105263157894737,1.0,1.0,1.0,2,2,2.0,2.0,2.0,2.0,"Hypergraph(num_v=21, num_e=3)",False,0.2054157257080078
605,STATS,070-003-full1,orig,0.45812535285949707,0.5605039596557617,0,2,3,2,1,451820.34,43356,135156,89256.0,66306.0,89256.0,112206.0,28334845.0,28334845.0,28334845.0,28334845.0,28334845.0,28334845.0,1,1,2,1.1111111111111112,1.0,1.0,1.0,1,1,1.0,1.0,1.0,1.0,"Hypergraph(num_v=10, num_e=2)",True,0.10237860679626465
606,STATS,070-003-augF1-full1,orig,0.02604389190673828,0.04055929183959961,0,2,3,2,1,11469.94,72,25504,12788.0,6430.0,12788.0,19146.0,15045.0,15045.0,15045.0,15045.0,15045.0,15045.0,1,1,2,1.1111111111111112,1.0,1.0,1.0,1,1,1.0,1.0,1.0,1.0,"Hypergraph(num_v=10, num_e=2)",False,0.014515399932861328
607,STATS,070-003-augF2-full1,orig,0.4571192264556885,0.5604648590087891,0,2,3,2,1,449218.76,43093,135156,89124.5,66108.75,89124.5,112140.25,28162965.0,28162965.0,28162965.0,28162965.0,28162965.0,28162965.0,1,1,2,1.1111111111111112,1.0,1.0,1.0,1,1,1.0,1.0,1.0,1.0,"Hypergraph(num_v=10, num_e=2)",False,0.10334563255310059
608,STATS,071-080-full1,orig,0.46520066261291504,0.650214433670044,0,3,12,10,2,11089.45,40661,172631,84772.66666666667,40843.5,41026.0,106828.5,39832.0,23314878.0,11677355.0,5858593.5,11677355.0,17496116.5,1,1,3,1.105263157894737,1.0,1.0,1.0,2,2,2.0,2.0,2.0,2.0,"Hypergraph(num_v=21, num_e=3)",True,0.1850137710571289
609,STATS,071-080-full2,orig,0.46552443504333496,0.6448965072631836,0,3,12,10,2,11089.45,40661,172631,84772.66666666667,40843.5,41026.0,106828.5,39832.0,23314878.0,11677355.0,5858593.5,11677355.0,17496116.5,1,1,3,1.105263157894737,1.0,1.0,1.0,2,2,2.0,2.0,2.0,2.0,"Hypergraph(num_v=21, num_e=3)",True,0.17937207221984863
610,STATS,071-080-full3,orig,0.46816325187683105,0.6434471607208252,0,3,12,10,2,11089.45,40661,172631,84772.66666666667,40843.5,41026.0,106828.5,39832.0,23314878.0,11677355.0,5858593.5,11677355.0,17496116.5,1,1,3,1.105263157894737,1.0,1.0,1.0,2,2,2.0,2.0,2.0,2.0,"Hypergraph(num_v=21, num_e=3)",True,0.17528390884399414
611,STATS,071-080-augF1-full1,orig,0.48537492752075195,0.662024736404419,0,3,12,10,2,11127.32,40661,172631,85003.33333333333,41189.5,41718.0,107174.5,40504.0,23708138.0,11874321.0,5957412.5,11874321.0,17791229.5,1,1,3,1.105263157894737,1.0,1.0,1.0,2,2,2.0,2.0,2.0,2.0,"Hypergraph(num_v=21, num_e=3)",False,0.176649808883667
612,STATS,071-080-augF1-full2,orig,0.4862635135650635,0.6631875038146973,0,3,12,10,2,11127.32,40661,172631,85003.33333333333,41189.5,41718.0,107174.5,40504.0,23708138.0,11874321.0,5957412.5,11874321.0,17791229.5,1,1,3,1.105263157894737,1.0,1.0,1.0,2,2,2.0,2.0,2.0,2.0,"Hypergraph(num_v=21, num_e=3)",False,0.1769239902496338
613,STATS,071-080-augF1-full3,orig,0.4827897548675537,0.6619737148284912,0,3,12,10,2,11127.32,40661,172631,85003.33333333333,41189.5,41718.0,107174.5,40504.0,23708138.0,11874321.0,5957412.5,11874321.0,17791229.5,1,1,3,1.105263157894737,1.0,1.0,1.0,2,2,2.0,2.0,2.0,2.0,"Hypergraph(num_v=21, num_e=3)",False,0.1791839599609375
614,STATS,071-080-augF2-full1,orig,0.45778393745422363,0.6199617385864258,0,3,12,10,2,9677.72,18966,172631,77541.0,29996.0,41026.0,106828.5,18579.0,10875039.0,5446809.0,2732694.0,5446809.0,8160924.0,1,1,3,1.105263157894737,1.0,1.0,1.0,2,2,2.0,2.0,2.0,2.0,"Hypergraph(num_v=21, num_e=3)",False,0.16217780113220215
615,STATS,071-080-augF2-full2,orig,0.4598710536956787,0.6177842617034912,0,3,12,10,2,9677.72,18966,172631,77541.0,29996.0,41026.0,106828.5,18579.0,10875039.0,5446809.0,2732694.0,5446809.0,8160924.0,1,1,3,1.105263157894737,1.0,1.0,1.0,2,2,2.0,2.0,2.0,2.0,"Hypergraph(num_v=21, num_e=3)",False,0.1579132080078125
616,STATS,071-080-augF2-full3,orig,0.458709716796875,0.6311283111572266,0,3,12,10,2,9677.72,18966,172631,77541.0,29996.0,41026.0,106828.5,18579.0,10875039.0,5446809.0,2732694.0,5446809.0,8160924.0,1,1,3,1.105263157894737,1.0,1.0,1.0,2,2,2.0,2.0,2.0,2.0,"Hypergraph(num_v=21, num_e=3)",False,0.17241859436035156
617,STATS,072-099-full1,orig,0.517244815826416,0.6432673931121826,0,4,7,4,3,81778.08,40238,328064,136515.5,42012.5,88880.0,183383.0,34690.0,516885660.0,172682759.0,581308.5,1127927.0,259006793.5,1,1,4,1.125,1.0,1.0,1.0,3,3,3.0,3.0,3.0,3.0,"Hypergraph(num_v=27, num_e=4)",True,0.1260225772857666
618,STATS,072-099-full2,orig,0.5203123092651367,0.6419262886047363,0,4,7,4,3,81778.08,40238,328064,136515.5,42012.5,88880.0,183383.0,34690.0,516885660.0,172682759.0,581308.5,1127927.0,259006793.5,1,1,4,1.125,1.0,1.0,1.0,3,3,3.0,3.0,3.0,3.0,"Hypergraph(num_v=27, num_e=4)",True,0.12161397933959961
619,STATS,072-099-full3,orig,0.5184192657470703,0.6424131393432617,0,4,7,4,3,81778.08,40238,328064,136515.5,42012.5,88880.0,183383.0,34690.0,516885660.0,172682759.0,581308.5,1127927.0,259006793.5,1,1,4,1.125,1.0,1.0,1.0,3,3,3.0,3.0,3.0,3.0,"Hypergraph(num_v=27, num_e=4)",True,0.1239938735961914
620,STATS,072-099-augF1-full1,orig,0.8946728706359863,0.9815917015075684,0,4,7,4,3,82332.55,40593,328064,136604.25,42101.25,88880.0,183383.0,34996.0,521445887.0,174206253.66666666,586437.0,1137878.0,261291882.5,1,1,4,1.125,1.0,1.0,1.0,3,3,3.0,3.0,3.0,3.0,"Hypergraph(num_v=27, num_e=4)",False,0.08691883087158203
621,STATS,072-099-augF1-full2,orig,0.894289493560791,0.9738602638244629,0,4,7,4,3,82332.55,40593,328064,136604.25,42101.25,88880.0,183383.0,34996.0,521445887.0,174206253.66666666,586437.0,1137878.0,261291882.5,1,1,4,1.125,1.0,1.0,1.0,3,3,3.0,3.0,3.0,3.0,"Hypergraph(num_v=27, num_e=4)",False,0.07957077026367188
622,STATS,072-099-augF1-full3,orig,0.8849561214447021,0.9790892601013184,0,4,7,4,3,82332.55,40593,328064,136604.25,42101.25,88880.0,183383.0,34996.0,521445887.0,174206253.66666666,586437.0,1137878.0,261291882.5,1,1,4,1.125,1.0,1.0,1.0,3,3,3.0,3.0,3.0,3.0,"Hypergraph(num_v=27, num_e=4)",False,0.09413313865661621
623,STATS,072-099-augF2-full1,orig,0.19556260108947754,0.29079341888427734,0,4,7,4,3,17825.39,412,192979,92787.75,32056.0,88880.0,149611.75,209.0,5292432.0,1768063.3333333333,5879.0,11549.0,2651990.5,1,1,4,1.125,1.0,1.0,1.0,3,3,3.0,3.0,3.0,3.0,"Hypergraph(num_v=27, num_e=4)",False,0.0952308177947998
624,STATS,072-099-augF2-full2,orig,0.19576406478881836,0.2957777976989746,0,4,7,4,3,17825.39,412,192979,92787.75,32056.0,88880.0,149611.75,209.0,5292432.0,1768063.3333333333,5879.0,11549.0,2651990.5,1,1,4,1.125,1.0,1.0,1.0,3,3,3.0,3.0,3.0,3.0,"Hypergraph(num_v=27, num_e=4)",False,0.10001373291015625
625,STATS,072-099-augF2-full3,orig,0.19474577903747559,0.2906620502471924,0,4,7,4,3,17825.39,412,192979,92787.75,32056.0,88880.0,149611.75,209.0,5292432.0,1768063.3333333333,5879.0,11549.0,2651990.5,1,1,4,1.125,1.0,1.0,1.0,3,3,3.0,3.0,3.0,3.0,"Hypergraph(num_v=27, num_e=4)",False,0.0959162712097168
626,STATS,073-146-full1,orig,0.7551577091217041,1.0549824237823486,0,6,14,9,5,28175.04,11490,328064,156005.5,53593.25,131591.0,262175.0,11149.0,236964.0,70997.0,11312.0,20925.0,74635.0,1,1,5,1.15625,1.0,1.0,1.0,5,5,5.0,5.0,5.0,5.0,"Hypergraph(num_v=37, num_e=6)",True,0.29982471466064453
627,STATS,073-146-full2,orig,0.7611732482910156,1.0686085224151611,0,6,14,9,5,28175.04,11490,328064,156005.5,53593.25,131591.0,262175.0,11149.0,236964.0,70997.0,11312.0,20925.0,74635.0,1,1,5,1.15625,1.0,1.0,1.0,5,5,5.0,5.0,5.0,5.0,"Hypergraph(num_v=37, num_e=6)",True,0.3074352741241455
628,STATS,073-146-full3,orig,0.7325525283813477,1.0610532760620117,0,6,14,9,5,28175.04,11490,328064,156005.5,53593.25,131591.0,262175.0,11149.0,236964.0,70997.0,11312.0,20925.0,74635.0,1,1,5,1.15625,1.0,1.0,1.0,5,5,5.0,5.0,5.0,5.0,"Hypergraph(num_v=37, num_e=6)",True,0.32850074768066406
629,STATS,073-146-augF1-full1,orig,0.10646367073059082,0.5550320148468018,0,6,14,9,5,18092.33,54,192979,94733.0,31254.5,96048.5,154220.75,15.0,182.0,76.2,16.0,51.0,117.0,1,1,5,1.15625,1.0,1.0,1.0,5,5,5.0,5.0,5.0,5.0,"Hypergraph(num_v=37, num_e=6)",False,0.44856834411621094
630,STATS,073-146-augF1-full2,orig,0.1073300838470459,0.569709300994873,0,6,14,9,5,18092.33,54,192979,94733.0,31254.5,96048.5,154220.75,15.0,182.0,76.2,16.0,51.0,117.0,1,1,5,1.15625,1.0,1.0,1.0,5,5,5.0,5.0,5.0,5.0,"Hypergraph(num_v=37, num_e=6)",False,0.46237921714782715
631,STATS,073-146-augF1-full3,orig,0.10879158973693848,0.5570294857025146,0,6,14,9,5,18092.33,54,192979,94733.0,31254.5,96048.5,154220.75,15.0,182.0,76.2,16.0,51.0,117.0,1,1,5,1.15625,1.0,1.0,1.0,5,5,5.0,5.0,5.0,5.0,"Hypergraph(num_v=37, num_e=6)",False,0.44823789596557617
632,STATS,073-146-augF2-full1,orig,0.07380414009094238,0.4689311981201172,0,6,14,9,5,18901.51,1,192979,80533.83333333333,6927.0,56519.5,154220.75,665.0,8325.0,2546.8,675.0,735.0,2334.0,1,1,5,1.15625,1.0,1.0,1.0,5,5,5.0,5.0,5.0,5.0,"Hypergraph(num_v=37, num_e=6)",False,0.3951270580291748
633,STATS,073-146-augF2-full2,orig,0.07218384742736816,0.4814276695251465,0,6,14,9,5,18901.51,1,192979,80533.83333333333,6927.0,56519.5,154220.75,665.0,8325.0,2546.8,675.0,735.0,2334.0,1,1,5,1.15625,1.0,1.0,1.0,5,5,5.0,5.0,5.0,5.0,"Hypergraph(num_v=37, num_e=6)",False,0.4092438220977783
634,STATS,073-146-augF2-full3,orig,0.07271361351013184,0.49193644523620605,0,6,14,9,5,18901.51,1,192979,80533.83333333333,6927.0,56519.5,154220.75,665.0,8325.0,2546.8,675.0,735.0,2334.0,1,1,5,1.15625,1.0,1.0,1.0,5,5,5.0,5.0,5.0,5.0,"Hypergraph(num_v=37, num_e=6)",False,0.4192228317260742
635,STATS,074-072-full1,orig,0.499650239944458,0.9101831912994385,0,6,9,4,5,17285.89,1,192979,60659.16666666666,3498.5,45411.5,79321.25,85.0,63088.0,12773.0,122.0,125.0,445.0,1,1,5,1.1724137931034482,1.0,1.0,1.0,5,5,5.0,5.0,5.0,5.0,"Hypergraph(num_v=34, num_e=6)",True,0.41053295135498047
636,STATS,074-072-full2,orig,0.4951212406158447,0.9273240566253662,0,6,9,4,5,17285.89,1,192979,60659.16666666666,3498.5,45411.5,79321.25,85.0,63088.0,12773.0,122.0,125.0,445.0,1,1,5,1.1724137931034482,1.0,1.0,1.0,5,5,5.0,5.0,5.0,5.0,"Hypergraph(num_v=34, num_e=6)",True,0.4322028160095215
637,STATS,074-072-full3,orig,0.49600887298583984,0.900587797164917,0,6,9,4,5,17285.89,1,192979,60659.16666666666,3498.5,45411.5,79321.25,85.0,63088.0,12773.0,122.0,125.0,445.0,1,1,5,1.1724137931034482,1.0,1.0,1.0,5,5,5.0,5.0,5.0,5.0,"Hypergraph(num_v=34, num_e=6)",True,0.40457892417907715
638,STATS,074-072-augF1-full1,orig,1.2838647365570068,1.613560676574707,0,6,9,4,5,17285.89,1,192979,60659.16666666666,3498.5,45411.5,79321.25,85.0,63088.0,12773.0,122.0,125.0,445.0,1,1,5,1.1724137931034482,1.0,1.0,1.0,5,5,5.0,5.0,5.0,5.0,"Hypergraph(num_v=34, num_e=6)",False,0.3296959400177002
639,STATS,074-072-augF1-full2,orig,1.2745287418365479,1.5961949825286865,0,6,9,4,5,17285.89,1,192979,60659.16666666666,3498.5,45411.5,79321.25,85.0,63088.0,12773.0,122.0,125.0,445.0,1,1,5,1.1724137931034482,1.0,1.0,1.0,5,5,5.0,5.0,5.0,5.0,"Hypergraph(num_v=34, num_e=6)",False,0.32166624069213867
640,STATS,074-072-augF1-full3,orig,1.289536476135254,1.6771559715270996,0,6,9,4,5,17285.89,1,192979,60659.16666666666,3498.5,45411.5,79321.25,85.0,63088.0,12773.0,122.0,125.0,445.0,1,1,5,1.1724137931034482,1.0,1.0,1.0,5,5,5.0,5.0,5.0,5.0,"Hypergraph(num_v=34, num_e=6)",False,0.3876194953918457
641,STATS,074-072-augF2-full1,orig,0.09783434867858887,0.5273454189300537,0,6,9,4,5,15861.23,1,192979,49081.5,2812.75,10678.5,62640.5,85.0,7454.0,1646.2,122.0,125.0,445.0,1,1,5,1.1724137931034482,1.0,1.0,1.0,5,5,5.0,5.0,5.0,5.0,"Hypergraph(num_v=34, num_e=6)",False,0.42951107025146484
642,STATS,074-072-augF2-full2,orig,0.09650444984436035,0.5326330661773682,0,6,9,4,5,15861.23,1,192979,49081.5,2812.75,10678.5,62640.5,85.0,7454.0,1646.2,122.0,125.0,445.0,1,1,5,1.1724137931034482,1.0,1.0,1.0,5,5,5.0,5.0,5.0,5.0,"Hypergraph(num_v=34, num_e=6)",False,0.4361286163330078
643,STATS,074-072-augF2-full3,orig,0.09856891632080078,0.532869815826416,0,6,9,4,5,15861.23,1,192979,49081.5,2812.75,10678.5,62640.5,85.0,7454.0,1646.2,122.0,125.0,445.0,1,1,5,1.1724137931034482,1.0,1.0,1.0,5,5,5.0,5.0,5.0,5.0,"Hypergraph(num_v=34, num_e=6)",False,0.43430089950561523
644,STATS,075-037-full1,orig,0.7084958553314209,0.9063234329223633,0,4,5,2,3,99188.01,12050,328064,197522.25,133741.25,224987.5,288768.5,96437.0,1920220.0,810437.0,255545.5,414654.0,1167437.0,1,1,4,1.1666666666666667,1.0,1.0,1.0,3,3,3.0,3.0,3.0,3.0,"Hypergraph(num_v=21, num_e=4)",True,0.19782757759094238
645,STATS,075-037-full2,orig,0.710374116897583,0.9159970283508301,0,4,5,2,3,99188.01,12050,328064,197522.25,133741.25,224987.5,288768.5,96437.0,1920220.0,810437.0,255545.5,414654.0,1167437.0,1,1,4,1.1666666666666667,1.0,1.0,1.0,3,3,3.0,3.0,3.0,3.0,"Hypergraph(num_v=21, num_e=4)",True,0.20562291145324707
646,STATS,075-037-full3,orig,0.715822696685791,0.9224708080291748,0,4,5,2,3,99188.01,12050,328064,197522.25,133741.25,224987.5,288768.5,96437.0,1920220.0,810437.0,255545.5,414654.0,1167437.0,1,1,4,1.1666666666666667,1.0,1.0,1.0,3,3,3.0,3.0,3.0,3.0,"Hypergraph(num_v=21, num_e=4)",True,0.2066481113433838
647,STATS,075-037-augF1-full1,orig,0.13605904579162598,0.29047298431396484,0,4,5,2,3,34132.91,12050,328064,135095.25,22484.0,100133.5,212744.75,4879.0,307429.0,126231.0,35632.0,66385.0,186907.0,1,1,4,1.1666666666666667,1.0,1.0,1.0,3,3,3.0,3.0,3.0,3.0,"Hypergraph(num_v=21, num_e=4)",False,0.15441393852233887
648,STATS,075-037-augF1-full2,orig,0.1355452537536621,0.2904624938964844,0,4,5,2,3,34132.91,12050,328064,135095.25,22484.0,100133.5,212744.75,4879.0,307429.0,126231.0,35632.0,66385.0,186907.0,1,1,4,1.1666666666666667,1.0,1.0,1.0,3,3,3.0,3.0,3.0,3.0,"Hypergraph(num_v=21, num_e=4)",False,0.15491724014282227
649,STATS,075-037-augF1-full3,orig,0.1358954906463623,0.29192280769348145,0,4,5,2,3,34132.91,12050,328064,135095.25,22484.0,100133.5,212744.75,4879.0,307429.0,126231.0,35632.0,66385.0,186907.0,1,1,4,1.1666666666666667,1.0,1.0,1.0,3,3,3.0,3.0,3.0,3.0,"Hypergraph(num_v=21, num_e=4)",False,0.15602731704711914
650,STATS,075-037-augF2-full1,orig,0.7167363166809082,0.9222085475921631,0,4,5,2,3,99447.51,12050,328064,197799.5,133741.25,225542.0,289600.25,96437.0,1927943.0,813569.0,256382.0,416327.0,1172135.0,1,1,4,1.1666666666666667,1.0,1.0,1.0,3,3,3.0,3.0,3.0,3.0,"Hypergraph(num_v=21, num_e=4)",False,0.20547223091125488
651,STATS,075-037-augF2-full2,orig,0.7141046524047852,0.9051384925842285,0,4,5,2,3,99447.51,12050,328064,197799.5,133741.25,225542.0,289600.25,96437.0,1927943.0,813569.0,256382.0,416327.0,1172135.0,1,1,4,1.1666666666666667,1.0,1.0,1.0,3,3,3.0,3.0,3.0,3.0,"Hypergraph(num_v=21, num_e=4)",False,0.19103384017944336
652,STATS,075-037-augF2-full3,orig,0.7122578620910645,0.9133689403533936,0,4,5,2,3,99447.51,12050,328064,197799.5,133741.25,225542.0,289600.25,96437.0,1927943.0,813569.0,256382.0,416327.0,1172135.0,1,1,4,1.1666666666666667,1.0,1.0,1.0,3,3,3.0,3.0,3.0,3.0,"Hypergraph(num_v=21, num_e=4)",False,0.2011110782623291
653,STATS,076-073-full1,orig,0.5210752487182617,0.8408641815185547,0,6,12,7,5,18660.6,1,167119,60488.333333333336,3944.0,46505.0,96408.5,74.0,62267.0,12774.6,138.0,427.0,967.0,1,1,5,1.1724137931034482,1.0,1.0,1.0,5,5,5.0,5.0,5.0,5.0,"Hypergraph(num_v=34, num_e=6)",True,0.31978893280029297
654,STATS,076-073-full2,orig,0.5155885219573975,0.823199987411499,0,6,12,7,5,18660.6,1,167119,60488.333333333336,3944.0,46505.0,96408.5,74.0,62267.0,12774.6,138.0,427.0,967.0,1,1,5,1.1724137931034482,1.0,1.0,1.0,5,5,5.0,5.0,5.0,5.0,"Hypergraph(num_v=34, num_e=6)",True,0.30761146545410156
655,STATS,076-073-full3,orig,0.5146980285644531,0.8291785717010498,0,6,12,7,5,18660.6,1,167119,60488.333333333336,3944.0,46505.0,96408.5,74.0,62267.0,12774.6,138.0,427.0,967.0,1,1,5,1.1724137931034482,1.0,1.0,1.0,5,5,5.0,5.0,5.0,5.0,"Hypergraph(num_v=34, num_e=6)",True,0.3144805431365967
656,STATS,076-073-augF1-full1,orig,0.7959945201873779,1.0972321033477783,0,6,12,7,5,18681.57,1,167119,60488.333333333336,3944.0,46505.0,96408.5,75.0,63467.0,13017.0,141.0,435.0,967.0,1,1,5,1.1724137931034482,1.0,1.0,1.0,5,5,5.0,5.0,5.0,5.0,"Hypergraph(num_v=34, num_e=6)",False,0.3012375831604004
657,STATS,076-073-augF1-full2,orig,0.7926580905914307,1.1312670707702637,0,6,12,7,5,18681.57,1,167119,60488.333333333336,3944.0,46505.0,96408.5,75.0,63467.0,13017.0,141.0,435.0,967.0,1,1,5,1.1724137931034482,1.0,1.0,1.0,5,5,5.0,5.0,5.0,5.0,"Hypergraph(num_v=34, num_e=6)",False,0.338608980178833
658,STATS,076-073-augF1-full3,orig,0.7955143451690674,1.1141014099121094,0,6,12,7,5,18681.57,1,167119,60488.333333333336,3944.0,46505.0,96408.5,75.0,63467.0,13017.0,141.0,435.0,967.0,1,1,5,1.1724137931034482,1.0,1.0,1.0,5,5,5.0,5.0,5.0,5.0,"Hypergraph(num_v=34, num_e=6)",False,0.318587064743042
659,STATS,076-073-augF2-full1,orig,0.523611307144165,0.8476569652557373,0,6,12,7,5,18738.35,1,174709,61753.333333333336,3944.0,46505.0,96408.5,74.0,65097.0,13344.4,138.0,446.0,967.0,1,1,5,1.1724137931034482,1.0,1.0,1.0,5,5,5.0,5.0,5.0,5.0,"Hypergraph(num_v=34, num_e=6)",False,0.32404565811157227
660,STATS,076-073-augF2-full2,orig,0.5138280391693115,0.8570573329925537,0,6,12,7,5,18738.35,1,174709,61753.333333333336,3944.0,46505.0,96408.5,74.0,65097.0,13344.4,138.0,446.0,967.0,1,1,5,1.1724137931034482,1.0,1.0,1.0,5,5,5.0,5.0,5.0,5.0,"Hypergraph(num_v=34, num_e=6)",False,0.3432292938232422
661,STATS,076-073-augF2-full3,orig,0.5125808715820312,0.8734354972839355,0,6,12,7,5,18738.35,1,174709,61753.333333333336,3944.0,46505.0,96408.5,74.0,65097.0,13344.4,138.0,446.0,967.0,1,1,5,1.1724137931034482,1.0,1.0,1.0,5,5,5.0,5.0,5.0,5.0,"Hypergraph(num_v=34, num_e=6)",False,0.3608546257019043
662,STATS,077-004-full1,orig,0.5805442333221436,0.6359570026397705,0,2,3,2,1,569218.05,42545,174305,108425.0,75485.0,108425.0,141365.0,35858712.0,35858712.0,35858712.0,35858712.0,35858712.0,35858712.0,1,1,2,1.1111111111111112,1.0,1.0,1.0,1,1,1.0,1.0,1.0,1.0,"Hypergraph(num_v=10, num_e=2)",True,0.05541276931762695
663,STATS,077-004-augF1-full1,orig,0.017127037048339844,0.042775630950927734,0,2,3,2,1,8758.27,1,102532,51266.5,25633.75,51266.5,76899.25,496.0,496.0,496.0,496.0,496.0,496.0,1,1,2,1.1111111111111112,1.0,1.0,1.0,1,1,1.0,1.0,1.0,1.0,"Hypergraph(num_v=10, num_e=2)",False,0.02564859390258789
664,STATS,077-004-augF2-full1,orig,0.020534038543701172,0.02622842788696289,0,2,3,2,1,9144.21,2,102532,51267.0,25634.5,51267.0,76899.5,1983.0,1983.0,1983.0,1983.0,1983.0,1983.0,1,1,2,1.1111111111111112,1.0,1.0,1.0,1,1,1.0,1.0,1.0,1.0,"Hypergraph(num_v=10, num_e=2)",False,0.005694389343261719
665,STATS,078-082-full1,orig,0.6179862022399902,0.8134667873382568,0,3,8,6,2,31822.21,40310,303187,171774.66666666666,106068.5,171827.0,237507.0,275490.0,242137512.0,121206501.0,60740995.5,121206501.0,181672006.5,1,1,3,1.1428571428571428,1.0,1.0,1.0,2,2,2.0,2.0,2.0,2.0,"Hypergraph(num_v=16, num_e=3)",True,0.1954805850982666
666,STATS,078-082-full2,orig,0.6142632961273193,0.8218762874603271,0,3,8,6,2,31822.21,40310,303187,171774.66666666666,106068.5,171827.0,237507.0,275490.0,242137512.0,121206501.0,60740995.5,121206501.0,181672006.5,1,1,3,1.1428571428571428,1.0,1.0,1.0,2,2,2.0,2.0,2.0,2.0,"Hypergraph(num_v=16, num_e=3)",True,0.2076129913330078
667,STATS,078-082-full3,orig,0.6139614582061768,0.8259272575378418,0,3,8,6,2,31822.21,40310,303187,171774.66666666666,106068.5,171827.0,237507.0,275490.0,242137512.0,121206501.0,60740995.5,121206501.0,181672006.5,1,1,3,1.1428571428571428,1.0,1.0,1.0,2,2,2.0,2.0,2.0,2.0,"Hypergraph(num_v=16, num_e=3)",True,0.21196579933166504
668,STATS,078-082-augF1-full1,orig,0.24996566772460938,0.4479522705078125,0,3,8,6,2,31263.17,39016,303187,171343.33333333334,105421.5,171827.0,237507.0,266647.0,234364604.0,117315625.5,58791136.25,117315625.5,175840114.75,1,1,3,1.1428571428571428,1.0,1.0,1.0,2,2,2.0,2.0,2.0,2.0,"Hypergraph(num_v=16, num_e=3)",False,0.19798660278320312
669,STATS,078-082-augF1-full2,orig,0.24935340881347656,0.43933963775634766,0,3,8,6,2,31263.17,39016,303187,171343.33333333334,105421.5,171827.0,237507.0,266647.0,234364604.0,117315625.5,58791136.25,117315625.5,175840114.75,1,1,3,1.1428571428571428,1.0,1.0,1.0,2,2,2.0,2.0,2.0,2.0,"Hypergraph(num_v=16, num_e=3)",False,0.1899862289428711
670,STATS,078-082-augF1-full3,orig,0.24858593940734863,0.4413032531738281,0,3,8,6,2,31263.17,39016,303187,171343.33333333334,105421.5,171827.0,237507.0,266647.0,234364604.0,117315625.5,58791136.25,117315625.5,175840114.75,1,1,3,1.1428571428571428,1.0,1.0,1.0,2,2,2.0,2.0,2.0,2.0,"Hypergraph(num_v=16, num_e=3)",False,0.1927173137664795
671,STATS,078-082-augF2-full1,orig,0.47882747650146484,0.6352267265319824,0,3,8,6,2,18012.13,13026,303187,162680.0,92426.5,171827.0,237507.0,89023.0,78245677.0,39167350.0,19628186.5,39167350.0,58706513.5,1,1,3,1.1428571428571428,1.0,1.0,1.0,2,2,2.0,2.0,2.0,2.0,"Hypergraph(num_v=16, num_e=3)",False,0.15639925003051758
672,STATS,078-082-augF2-full2,orig,0.4769859313964844,0.6354758739471436,0,3,8,6,2,18012.13,13026,303187,162680.0,92426.5,171827.0,237507.0,89023.0,78245677.0,39167350.0,19628186.5,39167350.0,58706513.5,1,1,3,1.1428571428571428,1.0,1.0,1.0,2,2,2.0,2.0,2.0,2.0,"Hypergraph(num_v=16, num_e=3)",False,0.15848994255065918
673,STATS,078-082-augF2-full3,orig,0.47973108291625977,0.6371748447418213,0,3,8,6,2,18012.13,13026,303187,162680.0,92426.5,171827.0,237507.0,89023.0,78245677.0,39167350.0,19628186.5,39167350.0,58706513.5,1,1,3,1.1428571428571428,1.0,1.0,1.0,2,2,2.0,2.0,2.0,2.0,"Hypergraph(num_v=16, num_e=3)",False,0.15744376182556152
674,STATS,079-112-full1,orig,0.8063156604766846,0.9564032554626465,0,5,8,4,4,54641.2,10418,324498,180876.8,91976.0,174305.0,303187.0,49266.0,1806009.0,601979.5,183425.25,276321.5,694875.75,1,1,5,1.148148148148148,1.0,1.0,1.0,4,4,4.0,4.0,4.0,4.0,"Hypergraph(num_v=31, num_e=5)",True,0.15008759498596191
675,STATS,079-112-full2,orig,0.8068175315856934,0.9630677700042725,0,5,8,4,4,54641.2,10418,324498,180876.8,91976.0,174305.0,303187.0,49266.0,1806009.0,601979.5,183425.25,276321.5,694875.75,1,1,5,1.148148148148148,1.0,1.0,1.0,4,4,4.0,4.0,4.0,4.0,"Hypergraph(num_v=31, num_e=5)",True,0.1562502384185791
676,STATS,079-112-full3,orig,0.8124451637268066,0.9606454372406006,0,5,8,4,4,54641.2,10418,324498,180876.8,91976.0,174305.0,303187.0,49266.0,1806009.0,601979.5,183425.25,276321.5,694875.75,1,1,5,1.148148148148148,1.0,1.0,1.0,4,4,4.0,4.0,4.0,4.0,"Hypergraph(num_v=31, num_e=5)",True,0.14820027351379395
677,STATS,079-112-augF1-full1,orig,0.43891358375549316,0.6499426364898682,0,5,8,4,4,41027.75,10418,303187,140837.2,91976.0,124300.0,174305.0,49266.0,691798.0,273377.25,105541.5,176222.5,344058.25,1,1,5,1.148148148148148,1.0,1.0,1.0,4,4,4.0,4.0,4.0,4.0,"Hypergraph(num_v=31, num_e=5)",False,0.211029052734375
678,STATS,079-112-augF1-full2,orig,0.43672728538513184,0.6313064098358154,0,5,8,4,4,41027.75,10418,303187,140837.2,91976.0,124300.0,174305.0,49266.0,691798.0,273377.25,105541.5,176222.5,344058.25,1,1,5,1.148148148148148,1.0,1.0,1.0,4,4,4.0,4.0,4.0,4.0,"Hypergraph(num_v=31, num_e=5)",False,0.1945791244506836
679,STATS,079-112-augF1-full3,orig,0.4375343322753906,0.6442010402679443,0,5,8,4,4,41027.75,10418,303187,140837.2,91976.0,124300.0,174305.0,49266.0,691798.0,273377.25,105541.5,176222.5,344058.25,1,1,5,1.148148148148148,1.0,1.0,1.0,4,4,4.0,4.0,4.0,4.0,"Hypergraph(num_v=31, num_e=5)",False,0.2066667079925537
680,STATS,079-112-augF2-full1,orig,0.8903956413269043,1.0459377765655518,0,5,8,4,4,55803.58,11055,324498,181004.2,91976.0,174305.0,303187.0,52279.0,1916438.0,633827.5,194641.0,283296.5,722483.0,1,1,5,1.148148148148148,1.0,1.0,1.0,4,4,4.0,4.0,4.0,4.0,"Hypergraph(num_v=31, num_e=5)",False,0.15554213523864746
681,STATS,079-112-augF2-full2,orig,0.8950099945068359,1.0568113327026367,0,5,8,4,4,55803.58,11055,324498,181004.2,91976.0,174305.0,303187.0,52279.0,1916438.0,633827.5,194641.0,283296.5,722483.0,1,1,5,1.148148148148148,1.0,1.0,1.0,4,4,4.0,4.0,4.0,4.0,"Hypergraph(num_v=31, num_e=5)",False,0.16180133819580078
682,STATS,079-112-augF2-full3,orig,0.8892433643341064,1.049736499786377,0,5,8,4,4,55803.58,11055,324498,181004.2,91976.0,174305.0,303187.0,52279.0,1916438.0,633827.5,194641.0,283296.5,722483.0,1,1,5,1.148148148148148,1.0,1.0,1.0,4,4,4.0,4.0,4.0,4.0,"Hypergraph(num_v=31, num_e=5)",False,0.1604931354522705
683,STATS,080-119-full1,orig,0.6185314655303955,0.8015811443328857,0,4,9,6,3,62122.07,40331,80822,57885.5,40733.75,55194.5,72346.25,64045.0,9863016.0,3350823.333333333,94727.0,125409.0,4994212.5,1,1,4,1.1428571428571428,1.0,1.0,1.0,3,3,3.0,3.0,3.0,3.0,"Hypergraph(num_v=24, num_e=4)",True,0.18304967880249023
684,STATS,080-119-full2,orig,0.615333080291748,0.7930088043212891,0,4,9,6,3,62122.07,40331,80822,57885.5,40733.75,55194.5,72346.25,64045.0,9863016.0,3350823.333333333,94727.0,125409.0,4994212.5,1,1,4,1.1428571428571428,1.0,1.0,1.0,3,3,3.0,3.0,3.0,3.0,"Hypergraph(num_v=24, num_e=4)",True,0.17767572402954102
685,STATS,080-119-full3,orig,0.6158843040466309,0.7959599494934082,0,4,9,6,3,62122.07,40331,80822,57885.5,40733.75,55194.5,72346.25,64045.0,9863016.0,3350823.333333333,94727.0,125409.0,4994212.5,1,1,4,1.1428571428571428,1.0,1.0,1.0,3,3,3.0,3.0,3.0,3.0,"Hypergraph(num_v=24, num_e=4)",True,0.18007564544677734
686,STATS,080-119-augF1-full1,orig,0.07079625129699707,0.15210199356079102,0,4,9,6,3,15317.04,2134,80822,48336.25,31184.5,55194.5,72346.25,2082.0,521874.0,176011.0,3079.5,4077.0,262975.5,1,1,4,1.1428571428571428,1.0,1.0,1.0,3,3,3.0,3.0,3.0,3.0,"Hypergraph(num_v=24, num_e=4)",False,0.08130574226379395
687,STATS,080-119-augF1-full2,orig,0.07044434547424316,0.15105152130126953,0,4,9,6,3,15317.04,2134,80822,48336.25,31184.5,55194.5,72346.25,2082.0,521874.0,176011.0,3079.5,4077.0,262975.5,1,1,4,1.1428571428571428,1.0,1.0,1.0,3,3,3.0,3.0,3.0,3.0,"Hypergraph(num_v=24, num_e=4)",False,0.08060717582702637
688,STATS,080-119-augF1-full3,orig,0.07113933563232422,0.15176653861999512,0,4,9,6,3,15317.04,2134,80822,48336.25,31184.5,55194.5,72346.25,2082.0,521874.0,176011.0,3079.5,4077.0,262975.5,1,1,4,1.1428571428571428,1.0,1.0,1.0,3,3,3.0,3.0,3.0,3.0,"Hypergraph(num_v=24, num_e=4)",False,0.0806272029876709
689,STATS,080-119-augF2-full1,orig,0.4414031505584717,0.5677237510681152,0,4,9,6,3,11763.37,664,80822,40678.0,30414.25,40613.0,50876.75,612.0,160248.0,54299.333333333336,1325.0,2038.0,81143.0,1,1,4,1.1428571428571428,1.0,1.0,1.0,3,3,3.0,3.0,3.0,3.0,"Hypergraph(num_v=24, num_e=4)",False,0.12632060050964355
690,STATS,080-119-augF2-full2,orig,0.4441714286804199,0.5762872695922852,0,4,9,6,3,11763.37,664,80822,40678.0,30414.25,40613.0,50876.75,612.0,160248.0,54299.333333333336,1325.0,2038.0,81143.0,1,1,4,1.1428571428571428,1.0,1.0,1.0,3,3,3.0,3.0,3.0,3.0,"Hypergraph(num_v=24, num_e=4)",False,0.13211584091186523
691,STATS,080-119-augF2-full3,orig,0.43630242347717285,0.5678212642669678,0,4,9,6,3,11763.37,664,80822,40678.0,30414.25,40613.0,50876.75,612.0,160248.0,54299.333333333336,1325.0,2038.0,81143.0,1,1,4,1.1428571428571428,1.0,1.0,1.0,3,3,3.0,3.0,3.0,3.0,"Hypergraph(num_v=24, num_e=4)",False,0.13151884078979492
692,STATS,081-111-full1,orig,0.8382952213287354,1.1169731616973877,0,5,8,4,4,52947.16,10916,325524,175100.6,91976.0,174305.0,272782.0,46445.0,1707945.0,573747.75,172919.0,270300.5,671129.25,1,1,5,1.148148148148148,1.0,1.0,1.0,4,4,4.0,4.0,4.0,4.0,"Hypergraph(num_v=31, num_e=5)",True,0.27867794036865234
693,STATS,081-111-full2,orig,0.8400065898895264,1.1165804862976074,0,5,8,4,4,52947.16,10916,325524,175100.6,91976.0,174305.0,272782.0,46445.0,1707945.0,573747.75,172919.0,270300.5,671129.25,1,1,5,1.148148148148148,1.0,1.0,1.0,4,4,4.0,4.0,4.0,4.0,"Hypergraph(num_v=31, num_e=5)",True,0.27657389640808105
694,STATS,081-111-full3,orig,0.832780122756958,1.119248867034912,0,5,8,4,4,52947.16,10916,325524,175100.6,91976.0,174305.0,272782.0,46445.0,1707945.0,573747.75,172919.0,270300.5,671129.25,1,1,5,1.148148148148148,1.0,1.0,1.0,4,4,4.0,4.0,4.0,4.0,"Hypergraph(num_v=31, num_e=5)",True,0.2864687442779541
695,STATS,081-111-augF1-full1,orig,0.43602466583251953,0.7149567604064941,0,5,8,4,4,39775.41,10916,272782,135010.4,91976.0,125073.0,174305.0,46445.0,656228.0,260705.75,105416.0,170075.0,325364.75,1,1,5,1.148148148148148,1.0,1.0,1.0,4,4,4.0,4.0,4.0,4.0,"Hypergraph(num_v=31, num_e=5)",False,0.2789320945739746
696,STATS,081-111-augF1-full2,orig,0.42920780181884766,0.7016050815582275,0,5,8,4,4,39775.41,10916,272782,135010.4,91976.0,125073.0,174305.0,46445.0,656228.0,260705.75,105416.0,170075.0,325364.75,1,1,5,1.148148148148148,1.0,1.0,1.0,4,4,4.0,4.0,4.0,4.0,"Hypergraph(num_v=31, num_e=5)",False,0.2723972797393799
697,STATS,081-111-augF1-full3,orig,0.4333775043487549,0.7006704807281494,0,5,8,4,4,39775.41,10916,272782,135010.4,91976.0,125073.0,174305.0,46445.0,656228.0,260705.75,105416.0,170075.0,325364.75,1,1,5,1.148148148148148,1.0,1.0,1.0,4,4,4.0,4.0,4.0,4.0,"Hypergraph(num_v=31, num_e=5)",False,0.26729297637939453
698,STATS,081-111-augF2-full1,orig,0.8829159736633301,1.1656162738800049,0,5,8,4,4,55534.88,10916,325524,181175.6,91976.0,174305.0,303157.0,51616.0,1898126.0,628573.0,192173.5,282275.0,718674.5,1,1,5,1.148148148148148,1.0,1.0,1.0,4,4,4.0,4.0,4.0,4.0,"Hypergraph(num_v=31, num_e=5)",False,0.2827003002166748
699,STATS,081-111-augF2-full2,orig,0.8841187953948975,1.1593589782714844,0,5,8,4,4,55534.88,10916,325524,181175.6,91976.0,174305.0,303157.0,51616.0,1898126.0,628573.0,192173.5,282275.0,718674.5,1,1,5,1.148148148148148,1.0,1.0,1.0,4,4,4.0,4.0,4.0,4.0,"Hypergraph(num_v=31, num_e=5)",False,0.2752401828765869
700,STATS,081-111-augF2-full3,orig,0.8765192031860352,1.1465041637420654,0,5,8,4,4,55534.88,10916,325524,181175.6,91976.0,174305.0,303157.0,51616.0,1898126.0,628573.0,192173.5,282275.0,718674.5,1,1,5,1.148148148148148,1.0,1.0,1.0,4,4,4.0,4.0,4.0,4.0,"Hypergraph(num_v=31, num_e=5)",False,0.2699849605560303
701,STATS,082-096-full1,orig,0.9470043182373047,1.3967747688293457,0,4,7,4,3,75765.95,91976,300359,197115.5,123161.0,198063.5,272018.0,262571.0,2562525.0,1150264.3333333333,444134.0,625697.0,1594111.0,1,1,4,1.1304347826086956,1.0,1.0,1.0,3,3,3.0,3.0,3.0,3.0,"Hypergraph(num_v=26, num_e=4)",True,0.449770450592041
702,STATS,082-096-full2,orig,0.937042236328125,1.3895936012268066,0,4,7,4,3,75765.95,91976,300359,197115.5,123161.0,198063.5,272018.0,262571.0,2562525.0,1150264.3333333333,444134.0,625697.0,1594111.0,1,1,4,1.1304347826086956,1.0,1.0,1.0,3,3,3.0,3.0,3.0,3.0,"Hypergraph(num_v=26, num_e=4)",True,0.45255136489868164
703,STATS,082-096-full3,orig,0.9496736526489258,1.3883006572723389,0,4,7,4,3,75765.95,91976,300359,197115.5,123161.0,198063.5,272018.0,262571.0,2562525.0,1150264.3333333333,444134.0,625697.0,1594111.0,1,1,4,1.1304347826086956,1.0,1.0,1.0,3,3,3.0,3.0,3.0,3.0,"Hypergraph(num_v=26, num_e=4)",True,0.4386270046234131
704,STATS,082-096-augF1-full1,orig,0.942202091217041,1.375762701034546,0,4,7,4,3,76128.0,91976,303157,197815.0,123161.0,198063.5,272717.5,262571.0,2586394.0,1160163.3333333333,447048.0,631525.0,1608959.5,1,1,4,1.1304347826086956,1.0,1.0,1.0,3,3,3.0,3.0,3.0,3.0,"Hypergraph(num_v=26, num_e=4)",False,0.4335606098175049
705,STATS,082-096-augF1-full2,orig,0.9467065334320068,1.3960940837860107,0,4,7,4,3,76128.0,91976,303157,197815.0,123161.0,198063.5,272717.5,262571.0,2586394.0,1160163.3333333333,447048.0,631525.0,1608959.5,1,1,4,1.1304347826086956,1.0,1.0,1.0,3,3,3.0,3.0,3.0,3.0,"Hypergraph(num_v=26, num_e=4)",False,0.4493875503540039
706,STATS,082-096-augF1-full3,orig,0.9540998935699463,1.3920071125030518,0,4,7,4,3,76128.0,91976,303157,197815.0,123161.0,198063.5,272717.5,262571.0,2586394.0,1160163.3333333333,447048.0,631525.0,1608959.5,1,1,4,1.1304347826086956,1.0,1.0,1.0,3,3,3.0,3.0,3.0,3.0,"Hypergraph(num_v=26, num_e=4)",False,0.43790721893310547
707,STATS,082-096-augF2-full1,orig,0.04867815971374512,0.22097468376159668,0,4,7,4,3,15214.48,1,176682,63895.0,251.5,39448.5,103092.0,335.0,3266.0,1558.6666666666667,705.0,1075.0,2170.5,1,1,4,1.1304347826086956,1.0,1.0,1.0,3,3,3.0,3.0,3.0,3.0,"Hypergraph(num_v=26, num_e=4)",False,0.17229652404785156
708,STATS,082-096-augF2-full2,orig,0.04819488525390625,0.22148466110229492,0,4,7,4,3,15214.48,1,176682,63895.0,251.5,39448.5,103092.0,335.0,3266.0,1558.6666666666667,705.0,1075.0,2170.5,1,1,4,1.1304347826086956,1.0,1.0,1.0,3,3,3.0,3.0,3.0,3.0,"Hypergraph(num_v=26, num_e=4)",False,0.17328977584838867
709,STATS,082-096-augF2-full3,orig,0.0483243465423584,0.2187182903289795,0,4,7,4,3,15214.48,1,176682,63895.0,251.5,39448.5,103092.0,335.0,3266.0,1558.6666666666667,705.0,1075.0,2170.5,1,1,4,1.1304347826086956,1.0,1.0,1.0,3,3,3.0,3.0,3.0,3.0,"Hypergraph(num_v=26, num_e=4)",False,0.1703939437866211
710,STATS,083-039-full1,orig,0.680802583694458,0.8310143947601318,0,4,12,9,3,187349.51,39003,133876,79946.5,59211.0,73453.5,94189.0,57980.0,3405357253.0,1136109124.0,1485059.5,2912139.0,1704134696.0,1,1,4,1.1875,1.0,1.0,1.0,3,3,3.0,3.0,3.0,3.0,"Hypergraph(num_v=19, num_e=4)",True,0.15021181106567383
711,STATS,083-039-full2,orig,0.6836175918579102,0.8241665363311768,0,4,12,9,3,187349.51,39003,133876,79946.5,59211.0,73453.5,94189.0,57980.0,3405357253.0,1136109124.0,1485059.5,2912139.0,1704134696.0,1,1,4,1.1875,1.0,1.0,1.0,3,3,3.0,3.0,3.0,3.0,"Hypergraph(num_v=19, num_e=4)",True,0.1405489444732666
712,STATS,083-039-full3,orig,0.6808335781097412,0.8317370414733887,0,4,12,9,3,187349.51,39003,133876,79946.5,59211.0,73453.5,94189.0,57980.0,3405357253.0,1136109124.0,1485059.5,2912139.0,1704134696.0,1,1,4,1.1875,1.0,1.0,1.0,3,3,3.0,3.0,3.0,3.0,"Hypergraph(num_v=19, num_e=4)",True,0.15090346336364746
713,STATS,083-039-augF1-full1,orig,0.08549070358276367,0.14811277389526367,0,4,12,9,3,90358.39,15275,133876,74014.5,53279.0,73453.5,94189.0,22707.0,1333662335.0,444941847.3333333,581603.5,1140500.0,667401417.5,1,1,4,1.1875,1.0,1.0,1.0,3,3,3.0,3.0,3.0,3.0,"Hypergraph(num_v=19, num_e=4)",False,0.0626220703125
714,STATS,083-039-augF1-full2,orig,0.08656883239746094,0.14778542518615723,0,4,12,9,3,90358.39,15275,133876,74014.5,53279.0,73453.5,94189.0,22707.0,1333662335.0,444941847.3333333,581603.5,1140500.0,667401417.5,1,1,4,1.1875,1.0,1.0,1.0,3,3,3.0,3.0,3.0,3.0,"Hypergraph(num_v=19, num_e=4)",False,0.06121659278869629
715,STATS,083-039-augF1-full3,orig,0.08568644523620605,0.14759421348571777,0,4,12,9,3,90358.39,15275,133876,74014.5,53279.0,73453.5,94189.0,22707.0,1333662335.0,444941847.3333333,581603.5,1140500.0,667401417.5,1,1,4,1.1875,1.0,1.0,1.0,3,3,3.0,3.0,3.0,3.0,"Hypergraph(num_v=19, num_e=4)",False,0.06190776824951172
716,STATS,083-039-augF2-full1,orig,0.6397294998168945,0.7832794189453125,0,4,12,9,3,186546.82,38800,133876,79895.75,59160.25,73453.5,94189.0,57678.0,3387633296.0,1130195985.3333333,1477330.0,2896982.0,1695265139.0,1,1,4,1.1875,1.0,1.0,1.0,3,3,3.0,3.0,3.0,3.0,"Hypergraph(num_v=19, num_e=4)",False,0.14354991912841797
717,STATS,083-039-augF2-full2,orig,0.632220983505249,0.7861974239349365,0,4,12,9,3,186546.82,38800,133876,79895.75,59160.25,73453.5,94189.0,57678.0,3387633296.0,1130195985.3333333,1477330.0,2896982.0,1695265139.0,1,1,4,1.1875,1.0,1.0,1.0,3,3,3.0,3.0,3.0,3.0,"Hypergraph(num_v=19, num_e=4)",False,0.1539764404296875
718,STATS,083-039-augF2-full3,orig,0.6364567279815674,0.7918281555175781,0,4,12,9,3,186546.82,38800,133876,79895.75,59160.25,73453.5,94189.0,57678.0,3387633296.0,1130195985.3333333,1477330.0,2896982.0,1695265139.0,1,1,4,1.1875,1.0,1.0,1.0,3,3,3.0,3.0,3.0,3.0,"Hypergraph(num_v=19, num_e=4)",False,0.15537142753601074
719,STATS,084-044-full1,orig,0.6924433708190918,0.9271886348724365,0,4,19,16,3,15477.72,2626,294759,104540.5,30519.25,60388.5,134409.75,2497.0,2657312.0,888235.6666666666,3697.5,4898.0,1331105.0,1,1,4,1.1428571428571428,1.0,1.0,1.0,3,3,3.0,3.0,3.0,3.0,"Hypergraph(num_v=24, num_e=4)",True,0.23474526405334473
720,STATS,084-044-full2,orig,0.6893346309661865,0.9286997318267822,0,4,19,16,3,15477.72,2626,294759,104540.5,30519.25,60388.5,134409.75,2497.0,2657312.0,888235.6666666666,3697.5,4898.0,1331105.0,1,1,4,1.1428571428571428,1.0,1.0,1.0,3,3,3.0,3.0,3.0,3.0,"Hypergraph(num_v=24, num_e=4)",True,0.2393651008605957
721,STATS,084-044-full3,orig,0.7091012001037598,0.918848991394043,0,4,19,16,3,15477.72,2626,294759,104540.5,30519.25,60388.5,134409.75,2497.0,2657312.0,888235.6666666666,3697.5,4898.0,1331105.0,1,1,4,1.1428571428571428,1.0,1.0,1.0,3,3,3.0,3.0,3.0,3.0,"Hypergraph(num_v=24, num_e=4)",True,0.2097477912902832
722,STATS,084-044-augF1-full1,orig,0.40807628631591797,0.636082649230957,0,4,19,16,3,15019.08,2626,200272,80918.75,30519.25,60388.5,110788.0,2497.0,1805493.0,604296.0,3697.5,4898.0,905195.5,1,1,4,1.1428571428571428,1.0,1.0,1.0,3,3,3.0,3.0,3.0,3.0,"Hypergraph(num_v=24, num_e=4)",False,0.22800636291503906
723,STATS,084-044-augF1-full2,orig,0.40659618377685547,0.6386897563934326,0,4,19,16,3,15019.08,2626,200272,80918.75,30519.25,60388.5,110788.0,2497.0,1805493.0,604296.0,3697.5,4898.0,905195.5,1,1,4,1.1428571428571428,1.0,1.0,1.0,3,3,3.0,3.0,3.0,3.0,"Hypergraph(num_v=24, num_e=4)",False,0.23209357261657715
724,STATS,084-044-augF1-full3,orig,0.41115593910217285,0.6315484046936035,0,4,19,16,3,15019.08,2626,200272,80918.75,30519.25,60388.5,110788.0,2497.0,1805493.0,604296.0,3697.5,4898.0,905195.5,1,1,4,1.1428571428571428,1.0,1.0,1.0,3,3,3.0,3.0,3.0,3.0,"Hypergraph(num_v=24, num_e=4)",False,0.22039246559143066
725,STATS,084-044-augF2-full1,orig,0.0839698314666748,0.3245210647583008,0,4,19,16,3,14953.15,1,294759,94038.25,325.0,40696.5,134409.75,412.0,438163.0,146461.0,610.0,808.0,219485.5,1,1,4,1.1428571428571428,1.0,1.0,1.0,3,3,3.0,3.0,3.0,3.0,"Hypergraph(num_v=24, num_e=4)",False,0.24055123329162598
726,STATS,084-044-augF2-full2,orig,0.08357596397399902,0.3140389919281006,0,4,19,16,3,14953.15,1,294759,94038.25,325.0,40696.5,134409.75,412.0,438163.0,146461.0,610.0,808.0,219485.5,1,1,4,1.1428571428571428,1.0,1.0,1.0,3,3,3.0,3.0,3.0,3.0,"Hypergraph(num_v=24, num_e=4)",False,0.23046302795410156
727,STATS,084-044-augF2-full3,orig,0.08495903015136719,0.320173978805542,0,4,19,16,3,14953.15,1,294759,94038.25,325.0,40696.5,134409.75,412.0,438163.0,146461.0,610.0,808.0,219485.5,1,1,4,1.1428571428571428,1.0,1.0,1.0,3,3,3.0,3.0,3.0,3.0,"Hypergraph(num_v=24, num_e=4)",False,0.2352149486541748
728,STATS,085-093-full1,orig,0.654263973236084,0.764434814453125,0,3,5,3,2,11332.04,41275,328064,138835.0,44220.5,47166.0,187615.0,46485.0,140968.0,93726.5,70105.75,93726.5,117347.25,1,1,3,1.1,1.0,1.0,1.0,2,2,2.0,2.0,2.0,2.0,"Hypergraph(num_v=22, num_e=3)",True,0.11017084121704102
729,STATS,085-093-full2,orig,0.6712958812713623,0.7643032073974609,0,3,5,3,2,11332.04,41275,328064,138835.0,44220.5,47166.0,187615.0,46485.0,140968.0,93726.5,70105.75,93726.5,117347.25,1,1,3,1.1,1.0,1.0,1.0,2,2,2.0,2.0,2.0,2.0,"Hypergraph(num_v=22, num_e=3)",True,0.09300732612609863
730,STATS,085-093-full3,orig,0.6647794246673584,0.756070613861084,0,3,5,3,2,11332.04,41275,328064,138835.0,44220.5,47166.0,187615.0,46485.0,140968.0,93726.5,70105.75,93726.5,117347.25,1,1,3,1.1,1.0,1.0,1.0,2,2,2.0,2.0,2.0,2.0,"Hypergraph(num_v=22, num_e=3)",True,0.09129118919372559
731,STATS,085-093-augF1-full1,orig,0.5315902233123779,0.7182185649871826,0,3,5,3,2,9124.52,395,192979,80180.0,23780.5,47166.0,120072.5,445.0,794.0,619.5,532.25,619.5,706.75,1,1,3,1.1,1.0,1.0,1.0,2,2,2.0,2.0,2.0,2.0,"Hypergraph(num_v=22, num_e=3)",False,0.1866283416748047
732,STATS,085-093-augF1-full2,orig,0.533010721206665,0.7236909866333008,0,3,5,3,2,9124.52,395,192979,80180.0,23780.5,47166.0,120072.5,445.0,794.0,619.5,532.25,619.5,706.75,1,1,3,1.1,1.0,1.0,1.0,2,2,2.0,2.0,2.0,2.0,"Hypergraph(num_v=22, num_e=3)",False,0.19068026542663574
733,STATS,085-093-augF1-full3,orig,0.5306932926177979,0.7245755195617676,0,3,5,3,2,9124.52,395,192979,80180.0,23780.5,47166.0,120072.5,445.0,794.0,619.5,532.25,619.5,706.75,1,1,3,1.1,1.0,1.0,1.0,2,2,2.0,2.0,2.0,2.0,"Hypergraph(num_v=22, num_e=3)",False,0.19388222694396973
734,STATS,085-093-augF2-full1,orig,0.16020679473876953,0.23689484596252441,0,3,5,3,2,10393.08,7111,328064,125483.33333333331,24193.0,41275.0,184669.5,7008.0,21253.0,14130.5,10569.25,14130.5,17691.75,1,1,3,1.1,1.0,1.0,1.0,2,2,2.0,2.0,2.0,2.0,"Hypergraph(num_v=22, num_e=3)",False,0.07668805122375488
735,STATS,085-093-augF2-full2,orig,0.15861082077026367,0.24080204963684082,0,3,5,3,2,10393.08,7111,328064,125483.33333333331,24193.0,41275.0,184669.5,7008.0,21253.0,14130.5,10569.25,14130.5,17691.75,1,1,3,1.1,1.0,1.0,1.0,2,2,2.0,2.0,2.0,2.0,"Hypergraph(num_v=22, num_e=3)",False,0.08219122886657715
736,STATS,085-093-augF2-full3,orig,0.15911507606506348,0.24067902565002441,0,3,5,3,2,10393.08,7111,328064,125483.33333333331,24193.0,41275.0,184669.5,7008.0,21253.0,14130.5,10569.25,14130.5,17691.75,1,1,3,1.1,1.0,1.0,1.0,2,2,2.0,2.0,2.0,2.0,"Hypergraph(num_v=22, num_e=3)",False,0.08156394958496094
737,STATS,086-083-full1,orig,0.763185977935791,1.0216197967529297,0,3,7,5,2,31469.14,40788,303187,172760.0,107546.5,174305.0,238746.0,278757.0,248542193.0,124410475.0,62344616.0,124410475.0,186476334.0,1,1,3,1.1428571428571428,1.0,1.0,1.0,2,2,2.0,2.0,2.0,2.0,"Hypergraph(num_v=16, num_e=3)",True,0.25843381881713867
738,STATS,086-083-full2,orig,0.7621915340423584,1.0189647674560547,0,3,7,5,2,31469.14,40788,303187,172760.0,107546.5,174305.0,238746.0,278757.0,248542193.0,124410475.0,62344616.0,124410475.0,186476334.0,1,1,3,1.1428571428571428,1.0,1.0,1.0,2,2,2.0,2.0,2.0,2.0,"Hypergraph(num_v=16, num_e=3)",True,0.2567732334136963
739,STATS,086-083-full3,orig,0.7586331367492676,1.0226521492004395,0,3,7,5,2,31469.14,40788,303187,172760.0,107546.5,174305.0,238746.0,278757.0,248542193.0,124410475.0,62344616.0,124410475.0,186476334.0,1,1,3,1.1428571428571428,1.0,1.0,1.0,2,2,2.0,2.0,2.0,2.0,"Hypergraph(num_v=16, num_e=3)",True,0.2640190124511719
740,STATS,086-083-augF1-full1,orig,0.0674734115600586,0.23220467567443848,0,3,7,5,2,19410.72,18488,303187,165326.66666666666,96396.5,174305.0,238746.0,126352.0,112656862.0,56391607.0,28258979.5,56391607.0,84524234.5,1,1,3,1.1428571428571428,1.0,1.0,1.0,2,2,2.0,2.0,2.0,2.0,"Hypergraph(num_v=16, num_e=3)",False,0.16473126411437988
741,STATS,086-083-augF1-full2,orig,0.06771492958068848,0.23240303993225098,0,3,7,5,2,19410.72,18488,303187,165326.66666666666,96396.5,174305.0,238746.0,126352.0,112656862.0,56391607.0,28258979.5,56391607.0,84524234.5,1,1,3,1.1428571428571428,1.0,1.0,1.0,2,2,2.0,2.0,2.0,2.0,"Hypergraph(num_v=16, num_e=3)",False,0.1646881103515625
742,STATS,086-083-augF1-full3,orig,0.06827902793884277,0.23285126686096191,0,3,7,5,2,19410.72,18488,303187,165326.66666666666,96396.5,174305.0,238746.0,126352.0,112656862.0,56391607.0,28258979.5,56391607.0,84524234.5,1,1,3,1.1428571428571428,1.0,1.0,1.0,2,2,2.0,2.0,2.0,2.0,"Hypergraph(num_v=16, num_e=3)",False,0.16457223892211914
743,STATS,086-083-augF2-full1,orig,0.7669939994812012,1.0246481895446777,0,3,7,5,2,31501.43,40862,303187,172784.66666666666,107583.5,174305.0,238746.0,279263.0,248993113.0,124636188.0,62457725.5,124636188.0,186814650.5,1,1,3,1.1428571428571428,1.0,1.0,1.0,2,2,2.0,2.0,2.0,2.0,"Hypergraph(num_v=16, num_e=3)",False,0.25765419006347656
744,STATS,086-083-augF2-full2,orig,0.773857593536377,1.0386543273925781,0,3,7,5,2,31501.43,40862,303187,172784.66666666666,107583.5,174305.0,238746.0,279263.0,248993113.0,124636188.0,62457725.5,124636188.0,186814650.5,1,1,3,1.1428571428571428,1.0,1.0,1.0,2,2,2.0,2.0,2.0,2.0,"Hypergraph(num_v=16, num_e=3)",False,0.26479673385620117
745,STATS,086-083-augF2-full3,orig,0.7762846946716309,1.0231637954711914,0,3,7,5,2,31501.43,40862,303187,172784.66666666666,107583.5,174305.0,238746.0,279263.0,248993113.0,124636188.0,62457725.5,124636188.0,186814650.5,1,1,3,1.1428571428571428,1.0,1.0,1.0,2,2,2.0,2.0,2.0,2.0,"Hypergraph(num_v=16, num_e=3)",False,0.24687910079956055
746,STATS,087-022-full1,orig,0.7107546329498291,0.8314661979675293,0,3,6,4,2,24206.09,40848,328064,153404.66666666666,66075.0,91302.0,209683.0,35216.0,270057.0,152636.5,93926.25,152636.5,211346.75,1,1,3,1.1,1.0,1.0,1.0,2,2,2.0,2.0,2.0,2.0,"Hypergraph(num_v=22, num_e=3)",True,0.1207115650177002
747,STATS,087-022-full2,orig,0.7123095989227295,0.8352539539337158,0,3,6,4,2,24206.09,40848,328064,153404.66666666666,66075.0,91302.0,209683.0,35216.0,270057.0,152636.5,93926.25,152636.5,211346.75,1,1,3,1.1,1.0,1.0,1.0,2,2,2.0,2.0,2.0,2.0,"Hypergraph(num_v=22, num_e=3)",True,0.12294435501098633
748,STATS,087-022-full3,orig,0.7228784561157227,0.835479736328125,0,3,6,4,2,24206.09,40848,328064,153404.66666666666,66075.0,91302.0,209683.0,35216.0,270057.0,152636.5,93926.25,152636.5,211346.75,1,1,3,1.1,1.0,1.0,1.0,2,2,2.0,2.0,2.0,2.0,"Hypergraph(num_v=22, num_e=3)",True,0.11260128021240234
749,STATS,087-022-augF1-full1,orig,0.7242348194122314,0.8311560153961182,0,3,6,4,2,24296.4,40848,328064,153629.33333333334,66412.0,91976.0,210020.0,35216.0,272051.0,153633.5,94424.75,153633.5,212842.25,1,1,3,1.1,1.0,1.0,1.0,2,2,2.0,2.0,2.0,2.0,"Hypergraph(num_v=22, num_e=3)",False,0.10692119598388672
750,STATS,087-022-augF1-full2,orig,0.7436306476593018,0.8360447883605957,0,3,6,4,2,24296.4,40848,328064,153629.33333333334,66412.0,91976.0,210020.0,35216.0,272051.0,153633.5,94424.75,153633.5,212842.25,1,1,3,1.1,1.0,1.0,1.0,2,2,2.0,2.0,2.0,2.0,"Hypergraph(num_v=22, num_e=3)",False,0.09241414070129395
751,STATS,087-022-augF1-full3,orig,0.7221324443817139,0.8377101421356201,0,3,6,4,2,24296.4,40848,328064,153629.33333333334,66412.0,91976.0,210020.0,35216.0,272051.0,153633.5,94424.75,153633.5,212842.25,1,1,3,1.1,1.0,1.0,1.0,2,2,2.0,2.0,2.0,2.0,"Hypergraph(num_v=22, num_e=3)",False,0.11557769775390625
752,STATS,087-022-augF2-full1,orig,0.046617746353149414,0.08047962188720703,0,3,6,4,2,11180.4,1165,192979,78330.66666666667,21006.5,40848.0,116913.5,2027.0,20715.0,11371.0,6699.0,11371.0,16043.0,1,1,3,1.1,1.0,1.0,1.0,2,2,2.0,2.0,2.0,2.0,"Hypergraph(num_v=22, num_e=3)",False,0.03386187553405762
753,STATS,087-022-augF2-full2,orig,0.04667925834655762,0.07937955856323242,0,3,6,4,2,11180.4,1165,192979,78330.66666666667,21006.5,40848.0,116913.5,2027.0,20715.0,11371.0,6699.0,11371.0,16043.0,1,1,3,1.1,1.0,1.0,1.0,2,2,2.0,2.0,2.0,2.0,"Hypergraph(num_v=22, num_e=3)",False,0.032700300216674805
754,STATS,087-022-augF2-full3,orig,0.04734015464782715,0.08159017562866211,0,3,6,4,2,11180.4,1165,192979,78330.66666666667,21006.5,40848.0,116913.5,2027.0,20715.0,11371.0,6699.0,11371.0,16043.0,1,1,3,1.1,1.0,1.0,1.0,2,2,2.0,2.0,2.0,2.0,"Hypergraph(num_v=22, num_e=3)",False,0.03425002098083496
755,STATS,088-102-full1,orig,0.9210338592529297,1.2563645839691162,0,4,7,4,3,16848.34,41275,328064,123095.75,42057.25,61522.0,142560.5,80726.0,5383848.0,1871838.6666666667,115834.0,150942.0,2767395.0,1,1,3,1.1363636363636365,1.0,1.0,1.0,3,3,3.0,3.0,3.0,3.0,"Hypergraph(num_v=25, num_e=4)",True,0.3353307247161865
756,STATS,088-102-full2,orig,0.9091923236846924,1.207383394241333,0,4,7,4,3,16848.34,41275,328064,123095.75,42057.25,61522.0,142560.5,80726.0,5383848.0,1871838.6666666667,115834.0,150942.0,2767395.0,1,1,3,1.1363636363636365,1.0,1.0,1.0,3,3,3.0,3.0,3.0,3.0,"Hypergraph(num_v=25, num_e=4)",True,0.2981910705566406
757,STATS,088-102-full3,orig,0.9293241500854492,1.204221487045288,0,4,7,4,3,16848.34,41275,328064,123095.75,42057.25,61522.0,142560.5,80726.0,5383848.0,1871838.6666666667,115834.0,150942.0,2767395.0,1,1,3,1.1363636363636365,1.0,1.0,1.0,3,3,3.0,3.0,3.0,3.0,"Hypergraph(num_v=25, num_e=4)",True,0.27489733695983887
758,STATS,088-102-augF1-full1,orig,0.43378520011901855,0.6253116130828857,0,4,7,4,3,12620.64,6568,328064,114158.25,32598.25,61000.5,142560.5,23089.0,835602.0,294039.3333333333,23258.0,23427.0,429514.5,1,1,3,1.1363636363636365,1.0,1.0,1.0,3,3,3.0,3.0,3.0,3.0,"Hypergraph(num_v=25, num_e=4)",False,0.1915264129638672
759,STATS,088-102-augF1-full2,orig,0.425457239151001,0.5982921123504639,0,4,7,4,3,12620.64,6568,328064,114158.25,32598.25,61000.5,142560.5,23089.0,835602.0,294039.3333333333,23258.0,23427.0,429514.5,1,1,3,1.1363636363636365,1.0,1.0,1.0,3,3,3.0,3.0,3.0,3.0,"Hypergraph(num_v=25, num_e=4)",False,0.1728348731994629
760,STATS,088-102-augF1-full3,orig,0.43206787109375,0.5958304405212402,0,4,7,4,3,12620.64,6568,328064,114158.25,32598.25,61000.5,142560.5,23089.0,835602.0,294039.3333333333,23258.0,23427.0,429514.5,1,1,3,1.1363636363636365,1.0,1.0,1.0,3,3,3.0,3.0,3.0,3.0,"Hypergraph(num_v=25, num_e=4)",False,0.16376256942749023
761,STATS,088-102-augF2-full1,orig,1.09547758102417,1.4178884029388428,0,4,7,4,3,16867.75,41275,328064,123144.75,42204.25,61620.0,142560.5,80726.0,5408780.0,1880382.3333333333,116183.5,151641.0,2780210.5,1,1,3,1.1363636363636365,1.0,1.0,1.0,3,3,3.0,3.0,3.0,3.0,"Hypergraph(num_v=25, num_e=4)",False,0.32241082191467285
762,STATS,088-102-augF2-full2,orig,1.092555284500122,1.4135076999664307,0,4,7,4,3,16867.75,41275,328064,123144.75,42204.25,61620.0,142560.5,80726.0,5408780.0,1880382.3333333333,116183.5,151641.0,2780210.5,1,1,3,1.1363636363636365,1.0,1.0,1.0,3,3,3.0,3.0,3.0,3.0,"Hypergraph(num_v=25, num_e=4)",False,0.3209524154663086
763,STATS,088-102-augF2-full3,orig,1.0745139122009277,1.388160228729248,0,4,7,4,3,16867.75,41275,328064,123144.75,42204.25,61620.0,142560.5,80726.0,5408780.0,1880382.3333333333,116183.5,151641.0,2780210.5,1,1,3,1.1363636363636365,1.0,1.0,1.0,3,3,3.0,3.0,3.0,3.0,"Hypergraph(num_v=25, num_e=4)",False,0.3136463165283203
764,STATS,089-131-full1,rewr,1.6368155479431152,1.0989758968353271,0,5,15,11,4,32892.62,1015,176061,53009.6,8221.0,38502.0,41249.0,4299.0,62012594.0,15625765.75,115676.25,243085.0,15753174.5,1,1,5,1.1428571428571428,1.0,1.0,1.0,4,4,4.0,4.0,4.0,4.0,"Hypergraph(num_v=32, num_e=5)",True,-0.5378396511077881
765,STATS,089-131-full2,rewr,1.63456392288208,1.0978732109069824,0,5,15,11,4,32892.62,1015,176061,53009.6,8221.0,38502.0,41249.0,4299.0,62012594.0,15625765.75,115676.25,243085.0,15753174.5,1,1,5,1.1428571428571428,1.0,1.0,1.0,4,4,4.0,4.0,4.0,4.0,"Hypergraph(num_v=32, num_e=5)",True,-0.5366907119750977
766,STATS,089-131-full3,rewr,1.614781379699707,1.087846040725708,0,5,15,11,4,32892.62,1015,176061,53009.6,8221.0,38502.0,41249.0,4299.0,62012594.0,15625765.75,115676.25,243085.0,15753174.5,1,1,5,1.1428571428571428,1.0,1.0,1.0,4,4,4.0,4.0,4.0,4.0,"Hypergraph(num_v=32, num_e=5)",True,-0.526935338973999
767,STATS,089-131-augF1-full1,rewr,1.6373047828674316,1.0962002277374268,0,5,15,11,4,32915.95,1015,176061,53027.4,8221.0,38502.0,41338.0,4299.0,62146404.0,15659398.25,115676.25,243445.0,15787167.0,1,1,5,1.1428571428571428,1.0,1.0,1.0,4,4,4.0,4.0,4.0,4.0,"Hypergraph(num_v=32, num_e=5)",False,-0.5411045551300049
768,STATS,089-131-augF1-full2,rewr,1.6129319667816162,1.0817592144012451,0,5,15,11,4,32915.95,1015,176061,53027.4,8221.0,38502.0,41338.0,4299.0,62146404.0,15659398.25,115676.25,243445.0,15787167.0,1,1,5,1.1428571428571428,1.0,1.0,1.0,4,4,4.0,4.0,4.0,4.0,"Hypergraph(num_v=32, num_e=5)",False,-0.5311727523803711
769,STATS,089-131-augF1-full3,rewr,1.6319024562835693,1.0939357280731201,0,5,15,11,4,32915.95,1015,176061,53027.4,8221.0,38502.0,41338.0,4299.0,62146404.0,15659398.25,115676.25,243445.0,15787167.0,1,1,5,1.1428571428571428,1.0,1.0,1.0,4,4,4.0,4.0,4.0,4.0,"Hypergraph(num_v=32, num_e=5)",False,-0.5379667282104492
770,STATS,089-131-augF2-full1,rewr,0.7762596607208252,0.6873033046722412,0,5,15,11,4,27761.3,1,176061,45194.8,442.0,8221.0,41249.0,45.0,26982305.0,6782318.25,1414.5,73461.5,6854365.25,1,1,5,1.1428571428571428,1.0,1.0,1.0,4,4,4.0,4.0,4.0,4.0,"Hypergraph(num_v=32, num_e=5)",False,-0.08895635604858398
771,STATS,089-131-augF2-full2,rewr,0.7802045345306396,0.7016534805297852,0,5,15,11,4,27761.3,1,176061,45194.8,442.0,8221.0,41249.0,45.0,26982305.0,6782318.25,1414.5,73461.5,6854365.25,1,1,5,1.1428571428571428,1.0,1.0,1.0,4,4,4.0,4.0,4.0,4.0,"Hypergraph(num_v=32, num_e=5)",False,-0.07855105400085449
772,STATS,089-131-augF2-full3,rewr,0.7941741943359375,0.7118403911590576,0,5,15,11,4,27761.3,1,176061,45194.8,442.0,8221.0,41249.0,45.0,26982305.0,6782318.25,1414.5,73461.5,6854365.25,1,1,5,1.1428571428571428,1.0,1.0,1.0,4,4,4.0,4.0,4.0,4.0,"Hypergraph(num_v=32, num_e=5)",False,-0.08233380317687988
773,STATS,090-079-full1,orig,1.0838699340820312,1.4492278099060059,0,6,12,7,5,29978.75,5818,325529,148408.16666666666,50185.25,107962.0,261179.25,8549.0,3398940.0,722733.2,28181.0,78255.0,99741.0,1,1,4,1.1666666666666667,1.0,1.0,1.0,5,5,5.0,5.0,5.0,5.0,"Hypergraph(num_v=35, num_e=6)",True,0.3653578758239746
774,STATS,090-079-full2,orig,1.1171793937683105,1.4533374309539795,0,6,12,7,5,29978.75,5818,325529,148408.16666666666,50185.25,107962.0,261179.25,8549.0,3398940.0,722733.2,28181.0,78255.0,99741.0,1,1,4,1.1666666666666667,1.0,1.0,1.0,5,5,5.0,5.0,5.0,5.0,"Hypergraph(num_v=35, num_e=6)",True,0.33615803718566895
775,STATS,090-079-full3,orig,1.1042165756225586,1.4602158069610596,0,6,12,7,5,29978.75,5818,325529,148408.16666666666,50185.25,107962.0,261179.25,8549.0,3398940.0,722733.2,28181.0,78255.0,99741.0,1,1,4,1.1666666666666667,1.0,1.0,1.0,5,5,5.0,5.0,5.0,5.0,"Hypergraph(num_v=35, num_e=6)",True,0.355999231338501
776,STATS,090-079-augF1-full1,orig,1.135399580001831,1.4753849506378174,0,6,12,7,5,30016.2,5870,325529,148416.83333333334,50185.25,107962.0,261179.25,8626.0,3429440.0,729078.2,28434.0,78255.0,100636.0,1,1,4,1.1666666666666667,1.0,1.0,1.0,5,5,5.0,5.0,5.0,5.0,"Hypergraph(num_v=35, num_e=6)",False,0.33998537063598633
777,STATS,090-079-augF1-full2,orig,1.1445181369781494,1.473252534866333,0,6,12,7,5,30016.2,5870,325529,148416.83333333334,50185.25,107962.0,261179.25,8626.0,3429440.0,729078.2,28434.0,78255.0,100636.0,1,1,4,1.1666666666666667,1.0,1.0,1.0,5,5,5.0,5.0,5.0,5.0,"Hypergraph(num_v=35, num_e=6)",False,0.3287343978881836
778,STATS,090-079-augF1-full3,orig,1.153946876525879,1.4611718654632568,0,6,12,7,5,30016.2,5870,325529,148416.83333333334,50185.25,107962.0,261179.25,8626.0,3429440.0,729078.2,28434.0,78255.0,100636.0,1,1,4,1.1666666666666667,1.0,1.0,1.0,5,5,5.0,5.0,5.0,5.0,"Hypergraph(num_v=35, num_e=6)",False,0.30722498893737793
779,STATS,090-079-augF2-full1,orig,0.10178995132446289,0.5070593357086182,0,6,12,7,5,24198.69,5818,303187,112780.0,31812.25,80136.0,163808.0,4603.0,1352658.0,282808.2,6764.0,12113.0,37903.0,1,1,4,1.1666666666666667,1.0,1.0,1.0,5,5,5.0,5.0,5.0,5.0,"Hypergraph(num_v=35, num_e=6)",False,0.4052693843841553
780,STATS,090-079-augF2-full2,orig,0.10283565521240234,0.5350043773651123,0,6,12,7,5,24198.69,5818,303187,112780.0,31812.25,80136.0,163808.0,4603.0,1352658.0,282808.2,6764.0,12113.0,37903.0,1,1,4,1.1666666666666667,1.0,1.0,1.0,5,5,5.0,5.0,5.0,5.0,"Hypergraph(num_v=35, num_e=6)",False,0.43216872215270996
781,STATS,090-079-augF2-full3,orig,0.10223913192749023,0.5027508735656738,0,6,12,7,5,24198.69,5818,303187,112780.0,31812.25,80136.0,163808.0,4603.0,1352658.0,282808.2,6764.0,12113.0,37903.0,1,1,4,1.1666666666666667,1.0,1.0,1.0,5,5,5.0,5.0,5.0,5.0,"Hypergraph(num_v=35, num_e=6)",False,0.4005117416381836
782,STATS,091-035-full1,orig,0.9582908153533936,1.0377633571624756,0,4,9,6,3,12981.97,1,135156,54284.25,765.25,40990.0,94509.0,103.0,3936499.0,1312356.0,284.5,466.0,1968482.5,1,1,4,1.1764705882352942,1.0,1.0,1.0,3,3,3.0,3.0,3.0,3.0,"Hypergraph(num_v=20, num_e=4)",True,0.07947254180908203
783,STATS,091-035-full2,orig,0.9570515155792236,1.0483789443969727,0,4,9,6,3,12981.97,1,135156,54284.25,765.25,40990.0,94509.0,103.0,3936499.0,1312356.0,284.5,466.0,1968482.5,1,1,4,1.1764705882352942,1.0,1.0,1.0,3,3,3.0,3.0,3.0,3.0,"Hypergraph(num_v=20, num_e=4)",True,0.09132742881774902
784,STATS,091-035-full3,orig,0.9589858055114746,1.0401923656463623,0,4,9,6,3,12981.97,1,135156,54284.25,765.25,40990.0,94509.0,103.0,3936499.0,1312356.0,284.5,466.0,1968482.5,1,1,4,1.1764705882352942,1.0,1.0,1.0,3,3,3.0,3.0,3.0,3.0,"Hypergraph(num_v=20, num_e=4)",True,0.0812065601348877
785,STATS,091-035-augF1-full1,orig,1.190650224685669,1.234426736831665,0,4,9,6,3,12982.94,1,135156,54284.25,765.25,40990.0,94509.0,105.0,4020677.0,1340419.3333333333,290.5,476.0,2010576.5,1,1,4,1.1764705882352942,1.0,1.0,1.0,3,3,3.0,3.0,3.0,3.0,"Hypergraph(num_v=20, num_e=4)",False,0.043776512145996094
786,STATS,091-035-augF1-full2,orig,1.187570333480835,1.2518997192382812,0,4,9,6,3,12982.94,1,135156,54284.25,765.25,40990.0,94509.0,105.0,4020677.0,1340419.3333333333,290.5,476.0,2010576.5,1,1,4,1.1764705882352942,1.0,1.0,1.0,3,3,3.0,3.0,3.0,3.0,"Hypergraph(num_v=20, num_e=4)",False,0.06432938575744629
787,STATS,091-035-augF1-full3,orig,1.1869144439697266,1.2396085262298584,0,4,9,6,3,12982.94,1,135156,54284.25,765.25,40990.0,94509.0,105.0,4020677.0,1340419.3333333333,290.5,476.0,2010576.5,1,1,4,1.1764705882352942,1.0,1.0,1.0,3,3,3.0,3.0,3.0,3.0,"Hypergraph(num_v=20, num_e=4)",False,0.052694082260131836
788,STATS,091-035-augF2-full1,orig,0.23982000350952148,0.38643431663513184,0,4,9,6,3,12981.87,1,135156,54284.25,765.25,40990.0,94509.0,103.0,3920952.0,1307173.0,283.5,464.0,1960708.0,1,1,4,1.1764705882352942,1.0,1.0,1.0,3,3,3.0,3.0,3.0,3.0,"Hypergraph(num_v=20, num_e=4)",False,0.14661431312561035
789,STATS,091-035-augF2-full2,orig,0.2394571304321289,0.39281654357910156,0,4,9,6,3,12981.87,1,135156,54284.25,765.25,40990.0,94509.0,103.0,3920952.0,1307173.0,283.5,464.0,1960708.0,1,1,4,1.1764705882352942,1.0,1.0,1.0,3,3,3.0,3.0,3.0,3.0,"Hypergraph(num_v=20, num_e=4)",False,0.15335941314697266
790,STATS,091-035-augF2-full3,orig,0.24082636833190918,0.3946115970611572,0,4,9,6,3,12981.87,1,135156,54284.25,765.25,40990.0,94509.0,103.0,3920952.0,1307173.0,283.5,464.0,1960708.0,1,1,4,1.1764705882352942,1.0,1.0,1.0,3,3,3.0,3.0,3.0,3.0,"Hypergraph(num_v=20, num_e=4)",False,0.15378522872924805
791,STATS,092-103-full1,orig,1.112896203994751,1.2635202407836914,0,4,9,6,3,40608.19,40829,328064,123084.25,42070.25,61722.0,142736.0,35200.0,41423059.0,14106915.333333334,448843.5,862487.0,21142773.0,1,1,4,1.1363636363636365,1.0,1.0,1.0,3,3,3.0,3.0,3.0,3.0,"Hypergraph(num_v=25, num_e=4)",True,0.15062403678894043
792,STATS,092-103-full2,orig,1.1014389991760254,1.248615026473999,0,4,9,6,3,40608.19,40829,328064,123084.25,42070.25,61722.0,142736.0,35200.0,41423059.0,14106915.333333334,448843.5,862487.0,21142773.0,1,1,4,1.1363636363636365,1.0,1.0,1.0,3,3,3.0,3.0,3.0,3.0,"Hypergraph(num_v=25, num_e=4)",True,0.14717602729797363
793,STATS,092-103-full3,orig,1.0965116024017334,1.2386407852172852,0,4,9,6,3,40608.19,40829,328064,123084.25,42070.25,61722.0,142736.0,35200.0,41423059.0,14106915.333333334,448843.5,862487.0,21142773.0,1,1,4,1.1363636363636365,1.0,1.0,1.0,3,3,3.0,3.0,3.0,3.0,"Hypergraph(num_v=25, num_e=4)",True,0.14212918281555176
794,STATS,092-103-augF1-full1,orig,1.088052749633789,1.2504432201385498,0,4,9,6,3,40656.13,40829,328064,123114.75,42161.75,61783.0,142736.0,35200.0,41541989.0,14146558.666666666,448843.5,862487.0,21202238.0,1,1,4,1.1363636363636365,1.0,1.0,1.0,3,3,3.0,3.0,3.0,3.0,"Hypergraph(num_v=25, num_e=4)",False,0.16239047050476074
795,STATS,092-103-augF1-full2,orig,1.094217300415039,1.2479214668273926,0,4,9,6,3,40656.13,40829,328064,123114.75,42161.75,61783.0,142736.0,35200.0,41541989.0,14146558.666666666,448843.5,862487.0,21202238.0,1,1,4,1.1363636363636365,1.0,1.0,1.0,3,3,3.0,3.0,3.0,3.0,"Hypergraph(num_v=25, num_e=4)",False,0.15370416641235352
796,STATS,092-103-augF1-full3,orig,1.0978498458862305,1.268437147140503,0,4,9,6,3,40656.13,40829,328064,123114.75,42161.75,61783.0,142736.0,35200.0,41541989.0,14146558.666666666,448843.5,862487.0,21202238.0,1,1,4,1.1363636363636365,1.0,1.0,1.0,3,3,3.0,3.0,3.0,3.0,"Hypergraph(num_v=25, num_e=4)",False,0.17058730125427246
797,STATS,092-103-augF2-full1,orig,1.1289544105529785,1.2020084857940674,0,4,9,6,3,22445.88,13194,328064,116175.5,35161.5,61722.0,142736.0,11375.0,13385972.0,4558687.333333333,145045.0,278715.0,6832343.5,1,1,4,1.1363636363636365,1.0,1.0,1.0,3,3,3.0,3.0,3.0,3.0,"Hypergraph(num_v=25, num_e=4)",False,0.07305407524108887
798,STATS,092-103-augF2-full2,orig,1.120448350906372,1.1886589527130127,0,4,9,6,3,22445.88,13194,328064,116175.5,35161.5,61722.0,142736.0,11375.0,13385972.0,4558687.333333333,145045.0,278715.0,6832343.5,1,1,4,1.1363636363636365,1.0,1.0,1.0,3,3,3.0,3.0,3.0,3.0,"Hypergraph(num_v=25, num_e=4)",False,0.06821060180664062
799,STATS,092-103-augF2-full3,orig,1.1325373649597168,1.211653232574463,0,4,9,6,3,22445.88,13194,328064,116175.5,35161.5,61722.0,142736.0,11375.0,13385972.0,4558687.333333333,145045.0,278715.0,6832343.5,1,1,4,1.1363636363636365,1.0,1.0,1.0,3,3,3.0,3.0,3.0,3.0,"Hypergraph(num_v=25, num_e=4)",False,0.0791158676147461
800,STATS,093-075-full1,orig,1.5924572944641113,1.8760688304901123,0,6,16,11,5,38911.35,17697,328064,150659.5,49892.0,107736.5,261018.5,25881.0,10276152.0,2153838.6,77549.0,85313.0,304298.0,1,1,4,1.1666666666666667,1.0,1.0,1.0,5,5,5.0,5.0,5.0,5.0,"Hypergraph(num_v=35, num_e=6)",True,0.283611536026001
801,STATS,093-075-full2,orig,1.587569236755371,1.8813531398773193,0,6,16,11,5,38911.35,17697,328064,150659.5,49892.0,107736.5,261018.5,25881.0,10276152.0,2153838.6,77549.0,85313.0,304298.0,1,1,4,1.1666666666666667,1.0,1.0,1.0,5,5,5.0,5.0,5.0,5.0,"Hypergraph(num_v=35, num_e=6)",True,0.29378390312194824
802,STATS,093-075-full3,orig,1.5767836570739746,1.8492133617401123,0,6,16,11,5,38911.35,17697,328064,150659.5,49892.0,107736.5,261018.5,25881.0,10276152.0,2153838.6,77549.0,85313.0,304298.0,1,1,4,1.1666666666666667,1.0,1.0,1.0,5,5,5.0,5.0,5.0,5.0,"Hypergraph(num_v=35, num_e=6)",True,0.2724297046661377
803,STATS,093-075-augF1-full1,orig,0.06339406967163086,0.4919764995574951,0,6,16,11,5,19460.29,1,192979,88576.83333333333,19819.5,80042.5,153998.75,107.0,29752.0,6273.4,158.0,518.0,832.0,1,1,4,1.1666666666666667,1.0,1.0,1.0,5,5,5.0,5.0,5.0,5.0,"Hypergraph(num_v=35, num_e=6)",False,0.42858242988586426
804,STATS,093-075-augF1-full2,orig,0.06293559074401855,0.46492910385131836,0,6,16,11,5,19460.29,1,192979,88576.83333333333,19819.5,80042.5,153998.75,107.0,29752.0,6273.4,158.0,518.0,832.0,1,1,4,1.1666666666666667,1.0,1.0,1.0,5,5,5.0,5.0,5.0,5.0,"Hypergraph(num_v=35, num_e=6)",False,0.4019935131072998
805,STATS,093-075-augF1-full3,orig,0.06301164627075195,0.49459123611450195,0,6,16,11,5,19460.29,1,192979,88576.83333333333,19819.5,80042.5,153998.75,107.0,29752.0,6273.4,158.0,518.0,832.0,1,1,4,1.1666666666666667,1.0,1.0,1.0,5,5,5.0,5.0,5.0,5.0,"Hypergraph(num_v=35, num_e=6)",False,0.43157958984375
806,STATS,093-075-augF2-full1,orig,1.6083691120147705,1.891019344329834,0,6,16,11,5,38971.8,17697,328064,150764.5,49892.0,108051.5,261176.0,26003.0,10324713.0,2163943.4,77549.0,85716.0,305736.0,1,1,4,1.1666666666666667,1.0,1.0,1.0,5,5,5.0,5.0,5.0,5.0,"Hypergraph(num_v=35, num_e=6)",False,0.2826502323150635
807,STATS,093-075-augF2-full2,orig,1.5787787437438965,1.8832309246063232,0,6,16,11,5,38971.8,17697,328064,150764.5,49892.0,108051.5,261176.0,26003.0,10324713.0,2163943.4,77549.0,85716.0,305736.0,1,1,4,1.1666666666666667,1.0,1.0,1.0,5,5,5.0,5.0,5.0,5.0,"Hypergraph(num_v=35, num_e=6)",False,0.30445218086242676
808,STATS,093-075-augF2-full3,orig,1.6045372486114502,1.8742973804473877,0,6,16,11,5,38971.8,17697,328064,150764.5,49892.0,108051.5,261176.0,26003.0,10324713.0,2163943.4,77549.0,85716.0,305736.0,1,1,4,1.1666666666666667,1.0,1.0,1.0,5,5,5.0,5.0,5.0,5.0,"Hypergraph(num_v=35, num_e=6)",False,0.2697601318359375
809,STATS,094-091-full1,orig,1.312490463256836,1.5257439613342285,0,3,7,5,2,23735.93,41070,299407,143830.66666666666,66042.5,91015.0,195211.0,277185.0,49195847.0,24736516.0,12506850.5,24736516.0,36966181.5,1,1,3,1.105263157894737,1.0,1.0,1.0,2,2,2.0,2.0,2.0,2.0,"Hypergraph(num_v=21, num_e=3)",True,0.21325349807739258
810,STATS,094-091-full2,orig,1.310502529144287,1.5032265186309814,0,3,7,5,2,23735.93,41070,299407,143830.66666666666,66042.5,91015.0,195211.0,277185.0,49195847.0,24736516.0,12506850.5,24736516.0,36966181.5,1,1,3,1.105263157894737,1.0,1.0,1.0,2,2,2.0,2.0,2.0,2.0,"Hypergraph(num_v=21, num_e=3)",True,0.19272398948669434
811,STATS,094-091-full3,orig,1.3084518909454346,1.4994230270385742,0,3,7,5,2,23735.93,41070,299407,143830.66666666666,66042.5,91015.0,195211.0,277185.0,49195847.0,24736516.0,12506850.5,24736516.0,36966181.5,1,1,3,1.105263157894737,1.0,1.0,1.0,2,2,2.0,2.0,2.0,2.0,"Hypergraph(num_v=21, num_e=3)",True,0.19097113609313965
812,STATS,094-091-augF1-full1,orig,0.14737844467163086,0.3584468364715576,0,3,7,5,2,21910.51,34905,299407,141775.66666666666,62960.0,91015.0,195211.0,235577.0,41811080.0,21023328.5,10629452.75,21023328.5,31417204.25,1,1,3,1.105263157894737,1.0,1.0,1.0,2,2,2.0,2.0,2.0,2.0,"Hypergraph(num_v=21, num_e=3)",False,0.21106839179992676
813,STATS,094-091-augF1-full2,orig,0.14655113220214844,0.3582432270050049,0,3,7,5,2,21910.51,34905,299407,141775.66666666666,62960.0,91015.0,195211.0,235577.0,41811080.0,21023328.5,10629452.75,21023328.5,31417204.25,1,1,3,1.105263157894737,1.0,1.0,1.0,2,2,2.0,2.0,2.0,2.0,"Hypergraph(num_v=21, num_e=3)",False,0.21169209480285645
814,STATS,094-091-augF1-full3,orig,0.14609456062316895,0.35751891136169434,0,3,7,5,2,21910.51,34905,299407,141775.66666666666,62960.0,91015.0,195211.0,235577.0,41811080.0,21023328.5,10629452.75,21023328.5,31417204.25,1,1,3,1.105263157894737,1.0,1.0,1.0,2,2,2.0,2.0,2.0,2.0,"Hypergraph(num_v=21, num_e=3)",False,0.2114243507385254
815,STATS,094-091-augF2-full1,orig,0.008291006088256836,0.015166759490966797,0,3,7,5,2,9893.17,4,176122,89047.0,45509.5,91015.0,133568.5,9.0,2818.0,1413.5,711.25,1413.5,2115.75,1,1,3,1.105263157894737,1.0,1.0,1.0,2,2,2.0,2.0,2.0,2.0,"Hypergraph(num_v=21, num_e=3)",False,0.006875753402709961
816,STATS,094-091-augF2-full2,orig,0.00822758674621582,0.014437675476074219,0,3,7,5,2,9893.17,4,176122,89047.0,45509.5,91015.0,133568.5,9.0,2818.0,1413.5,711.25,1413.5,2115.75,1,1,3,1.105263157894737,1.0,1.0,1.0,2,2,2.0,2.0,2.0,2.0,"Hypergraph(num_v=21, num_e=3)",False,0.0062100887298583984
817,STATS,094-091-augF2-full3,orig,0.008846282958984375,0.01422882080078125,0,3,7,5,2,9893.17,4,176122,89047.0,45509.5,91015.0,133568.5,9.0,2818.0,1413.5,711.25,1413.5,2115.75,1,1,3,1.105263157894737,1.0,1.0,1.0,2,2,2.0,2.0,2.0,2.0,"Hypergraph(num_v=21, num_e=3)",False,0.005382537841796875
818,STATS,095-139-full1,orig,1.359365701675415,1.7091069221496582,0,6,12,7,5,21761.07,10844,328036,120518.0,50673.25,84324.0,153173.75,10432.0,2457170.0,513693.8,10585.0,19770.0,70512.0,1,1,4,1.1666666666666667,1.0,1.0,1.0,5,5,5.0,5.0,5.0,5.0,"Hypergraph(num_v=35, num_e=6)",True,0.34974122047424316
819,STATS,095-139-full2,orig,1.3609857559204102,1.701188087463379,0,6,12,7,5,21761.07,10844,328036,120518.0,50673.25,84324.0,153173.75,10432.0,2457170.0,513693.8,10585.0,19770.0,70512.0,1,1,4,1.1666666666666667,1.0,1.0,1.0,5,5,5.0,5.0,5.0,5.0,"Hypergraph(num_v=35, num_e=6)",True,0.34020233154296875
820,STATS,095-139-full3,orig,1.3602523803710938,1.6984126567840576,0,6,12,7,5,21761.07,10844,328036,120518.0,50673.25,84324.0,153173.75,10432.0,2457170.0,513693.8,10585.0,19770.0,70512.0,1,1,4,1.1666666666666667,1.0,1.0,1.0,5,5,5.0,5.0,5.0,5.0,"Hypergraph(num_v=35, num_e=6)",True,0.33816027641296387
821,STATS,095-139-augF1-full1,orig,10.441230297088623,11.216460943222046,0,6,12,7,5,21859.62,10844,328036,120834.5,50673.25,85273.5,153648.5,10653.0,2509100.0,524550.6,10809.0,20188.0,72003.0,1,1,4,1.1666666666666667,1.0,1.0,1.0,5,5,5.0,5.0,5.0,5.0,"Hypergraph(num_v=35, num_e=6)",False,0.7752306461334229
822,STATS,095-139-augF1-full2,orig,10.504148006439209,11.004765033721924,0,6,12,7,5,21859.62,10844,328036,120834.5,50673.25,85273.5,153648.5,10653.0,2509100.0,524550.6,10809.0,20188.0,72003.0,1,1,4,1.1666666666666667,1.0,1.0,1.0,5,5,5.0,5.0,5.0,5.0,"Hypergraph(num_v=35, num_e=6)",False,0.5006170272827148
823,STATS,095-139-augF1-full3,orig,10.515570640563965,10.973270416259766,0,6,12,7,5,21859.62,10844,328036,120834.5,50673.25,85273.5,153648.5,10653.0,2509100.0,524550.6,10809.0,20188.0,72003.0,1,1,4,1.1666666666666667,1.0,1.0,1.0,5,5,5.0,5.0,5.0,5.0,"Hypergraph(num_v=35, num_e=6)",False,0.4576997756958008
824,STATS,095-139-augF2-full1,orig,0.025515079498291016,0.268481969833374,0,6,12,7,5,10661.72,1,102532,32043.666666666668,4.75,5430.0,61862.0,2.0,206.0,45.2,2.0,4.0,12.0,1,1,4,1.1666666666666667,1.0,1.0,1.0,5,5,5.0,5.0,5.0,5.0,"Hypergraph(num_v=35, num_e=6)",False,0.242966890335083
825,STATS,095-139-augF2-full2,orig,0.025878429412841797,0.27334022521972656,0,6,12,7,5,10661.72,1,102532,32043.666666666668,4.75,5430.0,61862.0,2.0,206.0,45.2,2.0,4.0,12.0,1,1,4,1.1666666666666667,1.0,1.0,1.0,5,5,5.0,5.0,5.0,5.0,"Hypergraph(num_v=35, num_e=6)",False,0.24746179580688477
826,STATS,095-139-augF2-full3,orig,0.025312185287475586,0.26868486404418945,0,6,12,7,5,10661.72,1,102532,32043.666666666668,4.75,5430.0,61862.0,2.0,206.0,45.2,2.0,4.0,12.0,1,1,4,1.1666666666666667,1.0,1.0,1.0,5,5,5.0,5.0,5.0,5.0,"Hypergraph(num_v=35, num_e=6)",False,0.24337267875671387
827,STATS,096-095-full1,orig,1.6370787620544434,2.314171075820923,0,4,4,1,3,96511.81,91976,327549,224254.25,153722.75,238746.0,309277.5,327549.0,4211275.0,1787704.6666666667,575919.5,824290.0,2517782.5,1,1,4,1.1304347826086956,1.0,1.0,1.0,3,3,3.0,3.0,3.0,3.0,"Hypergraph(num_v=26, num_e=4)",True,0.6770923137664795
828,STATS,096-095-full2,orig,1.6654648780822754,2.3157811164855957,0,4,4,1,3,96511.81,91976,327549,224254.25,153722.75,238746.0,309277.5,327549.0,4211275.0,1787704.6666666667,575919.5,824290.0,2517782.5,1,1,4,1.1304347826086956,1.0,1.0,1.0,3,3,3.0,3.0,3.0,3.0,"Hypergraph(num_v=26, num_e=4)",True,0.6503162384033203
829,STATS,096-095-full3,orig,1.6423084735870361,2.294997453689575,0,4,4,1,3,96511.81,91976,327549,224254.25,153722.75,238746.0,309277.5,327549.0,4211275.0,1787704.6666666667,575919.5,824290.0,2517782.5,1,1,4,1.1304347826086956,1.0,1.0,1.0,3,3,3.0,3.0,3.0,3.0,"Hypergraph(num_v=26, num_e=4)",True,0.6526889801025391
830,STATS,096-095-augF1-full1,orig,1.643061876296997,2.305269956588745,0,4,4,1,3,96566.83,91976,328036,224376.0,153722.75,238746.0,309399.25,328036.0,4217537.0,1789954.3333333333,576163.0,824290.0,2520913.5,1,1,4,1.1304347826086956,1.0,1.0,1.0,3,3,3.0,3.0,3.0,3.0,"Hypergraph(num_v=26, num_e=4)",False,0.662208080291748
831,STATS,096-095-augF1-full2,orig,1.648505687713623,2.3105545043945312,0,4,4,1,3,96566.83,91976,328036,224376.0,153722.75,238746.0,309399.25,328036.0,4217537.0,1789954.3333333333,576163.0,824290.0,2520913.5,1,1,4,1.1304347826086956,1.0,1.0,1.0,3,3,3.0,3.0,3.0,3.0,"Hypergraph(num_v=26, num_e=4)",False,0.6620488166809082
832,STATS,096-095-augF1-full3,orig,1.6524536609649658,2.3016159534454346,0,4,4,1,3,96566.83,91976,328036,224376.0,153722.75,238746.0,309399.25,328036.0,4217537.0,1789954.3333333333,576163.0,824290.0,2520913.5,1,1,4,1.1304347826086956,1.0,1.0,1.0,3,3,3.0,3.0,3.0,3.0,"Hypergraph(num_v=26, num_e=4)",False,0.6491622924804688
833,STATS,097-077-full1,orig,1.945051908493042,2.20983624458313,0,6,16,11,5,19202.57,1,178345,63987.833333333336,7148.75,50138.0,96899.0,589.0,221337.0,45467.6,611.0,1117.0,3684.0,1,1,4,1.1666666666666667,1.0,1.0,1.0,5,5,5.0,5.0,5.0,5.0,"Hypergraph(num_v=35, num_e=6)",True,0.2647843360900879
834,STATS,097-077-full2,orig,1.909740924835205,2.20550537109375,0,6,16,11,5,19202.57,1,178345,63987.833333333336,7148.75,50138.0,96899.0,589.0,221337.0,45467.6,611.0,1117.0,3684.0,1,1,4,1.1666666666666667,1.0,1.0,1.0,5,5,5.0,5.0,5.0,5.0,"Hypergraph(num_v=35, num_e=6)",True,0.2957644462585449
835,STATS,097-077-full3,orig,1.9093976020812988,2.2074615955352783,0,6,16,11,5,19202.57,1,178345,63987.833333333336,7148.75,50138.0,96899.0,589.0,221337.0,45467.6,611.0,1117.0,3684.0,1,1,4,1.1666666666666667,1.0,1.0,1.0,5,5,5.0,5.0,5.0,5.0,"Hypergraph(num_v=35, num_e=6)",True,0.2980639934539795
836,STATS,097-077-augF1-full1,orig,2.5933570861816406,2.7303779125213623,0,6,16,11,5,19216.97,1,178345,63993.833333333336,7175.75,50138.0,96899.0,598.0,224200.0,46056.0,619.0,1132.0,3731.0,1,1,4,1.1666666666666667,1.0,1.0,1.0,5,5,5.0,5.0,5.0,5.0,"Hypergraph(num_v=35, num_e=6)",False,0.13702082633972168
837,STATS,097-077-augF1-full2,orig,2.5345511436462402,2.749769687652588,0,6,16,11,5,19216.97,1,178345,63993.833333333336,7175.75,50138.0,96899.0,598.0,224200.0,46056.0,619.0,1132.0,3731.0,1,1,4,1.1666666666666667,1.0,1.0,1.0,5,5,5.0,5.0,5.0,5.0,"Hypergraph(num_v=35, num_e=6)",False,0.21521854400634766
838,STATS,097-077-augF1-full3,orig,2.574451208114624,2.7306125164031982,0,6,16,11,5,19216.97,1,178345,63993.833333333336,7175.75,50138.0,96899.0,598.0,224200.0,46056.0,619.0,1132.0,3731.0,1,1,4,1.1666666666666667,1.0,1.0,1.0,5,5,5.0,5.0,5.0,5.0,"Hypergraph(num_v=35, num_e=6)",False,0.15616130828857422
839,STATS,097-077-augF2-full1,orig,1.7314939498901367,2.0019052028656006,0,6,16,11,5,18609.99,1,178345,63987.833333333336,7148.75,50138.0,96899.0,191.0,71523.0,14775.2,361.0,611.0,1190.0,1,1,4,1.1666666666666667,1.0,1.0,1.0,5,5,5.0,5.0,5.0,5.0,"Hypergraph(num_v=35, num_e=6)",False,0.27041125297546387
840,STATS,097-077-augF2-full2,orig,1.7467780113220215,2.0229992866516113,0,6,16,11,5,18609.99,1,178345,63987.833333333336,7148.75,50138.0,96899.0,191.0,71523.0,14775.2,361.0,611.0,1190.0,1,1,4,1.1666666666666667,1.0,1.0,1.0,5,5,5.0,5.0,5.0,5.0,"Hypergraph(num_v=35, num_e=6)",False,0.27622127532958984
841,STATS,097-077-augF2-full3,orig,1.7600538730621338,2.006014347076416,0,6,16,11,5,18609.99,1,178345,63987.833333333336,7148.75,50138.0,96899.0,191.0,71523.0,14775.2,361.0,611.0,1190.0,1,1,4,1.1666666666666667,1.0,1.0,1.0,5,5,5.0,5.0,5.0,5.0,"Hypergraph(num_v=35, num_e=6)",False,0.24596047401428223
842,STATS,098-124-full1,orig,1.899493932723999,2.103166103363037,0,4,9,6,3,23943.48,40599,327033,187921.75,70800.75,192027.5,309148.5,34891.0,24858239.0,8320496.666666667,51625.5,68360.0,12463299.5,1,1,4,1.1764705882352942,1.0,1.0,1.0,3,3,3.0,3.0,3.0,3.0,"Hypergraph(num_v=20, num_e=4)",True,0.20367217063903809
843,STATS,098-124-full2,orig,1.905825138092041,2.102372407913208,0,4,9,6,3,23943.48,40599,327033,187921.75,70800.75,192027.5,309148.5,34891.0,24858239.0,8320496.666666667,51625.5,68360.0,12463299.5,1,1,4,1.1764705882352942,1.0,1.0,1.0,3,3,3.0,3.0,3.0,3.0,"Hypergraph(num_v=20, num_e=4)",True,0.196547269821167
844,STATS,098-124-full3,orig,1.9065771102905273,2.0852744579315186,0,4,9,6,3,23943.48,40599,327033,187921.75,70800.75,192027.5,309148.5,34891.0,24858239.0,8320496.666666667,51625.5,68360.0,12463299.5,1,1,4,1.1764705882352942,1.0,1.0,1.0,3,3,3.0,3.0,3.0,3.0,"Hypergraph(num_v=20, num_e=4)",True,0.1786973476409912
845,STATS,098-124-augF1-full1,orig,2.20835280418396,2.391697406768799,0,4,9,6,3,23989.0,40857,327033,187986.25,70865.25,192027.5,309148.5,35113.0,25016210.0,8373372.666666667,51954.0,68795.0,12542502.5,1,1,4,1.1764705882352942,1.0,1.0,1.0,3,3,3.0,3.0,3.0,3.0,"Hypergraph(num_v=20, num_e=4)",False,0.18334460258483887
846,STATS,098-124-augF1-full2,orig,2.2757654190063477,2.370389461517334,0,4,9,6,3,23989.0,40857,327033,187986.25,70865.25,192027.5,309148.5,35113.0,25016210.0,8373372.666666667,51954.0,68795.0,12542502.5,1,1,4,1.1764705882352942,1.0,1.0,1.0,3,3,3.0,3.0,3.0,3.0,"Hypergraph(num_v=20, num_e=4)",False,0.09462404251098633
847,STATS,098-124-augF1-full3,orig,2.2212069034576416,2.364405632019043,0,4,9,6,3,23989.0,40857,327033,187986.25,70865.25,192027.5,309148.5,35113.0,25016210.0,8373372.666666667,51954.0,68795.0,12542502.5,1,1,4,1.1764705882352942,1.0,1.0,1.0,3,3,3.0,3.0,3.0,3.0,"Hypergraph(num_v=20, num_e=4)",False,0.14319872856140137
848,STATS,098-124-augF2-full1,orig,0.10090327262878418,0.34621477127075195,0,4,9,6,3,22904.85,34704,327033,186448.0,69327.0,192027.5,309148.5,29825.0,21248807.0,7112355.666666667,44130.0,58435.0,10653621.0,1,1,4,1.1764705882352942,1.0,1.0,1.0,3,3,3.0,3.0,3.0,3.0,"Hypergraph(num_v=20, num_e=4)",False,0.24531149864196777
849,STATS,098-124-augF2-full2,orig,0.10157918930053711,0.34647130966186523,0,4,9,6,3,22904.85,34704,327033,186448.0,69327.0,192027.5,309148.5,29825.0,21248807.0,7112355.666666667,44130.0,58435.0,10653621.0,1,1,4,1.1764705882352942,1.0,1.0,1.0,3,3,3.0,3.0,3.0,3.0,"Hypergraph(num_v=20, num_e=4)",False,0.24489212036132812
850,STATS,098-124-augF2-full3,orig,0.10131359100341797,0.34056591987609863,0,4,9,6,3,22904.85,34704,327033,186448.0,69327.0,192027.5,309148.5,29825.0,21248807.0,7112355.666666667,44130.0,58435.0,10653621.0,1,1,4,1.1764705882352942,1.0,1.0,1.0,3,3,3.0,3.0,3.0,3.0,"Hypergraph(num_v=20, num_e=4)",False,0.23925232887268066
851,STATS,099-031-full1,rewr,2.1425604820251465,1.993412733078003,0,4,9,6,3,15785.13,39900,325445,120947.5,41801.25,59222.5,138368.75,34124.0,303482.0,140918.0,59636.0,85148.0,194315.0,1,1,4,1.1363636363636365,1.0,1.0,1.0,3,3,3.0,3.0,3.0,3.0,"Hypergraph(num_v=25, num_e=4)",True,-0.14914774894714355
852,STATS,099-031-full2,rewr,2.1601459980010986,1.9760544300079346,0,4,9,6,3,15785.13,39900,325445,120947.5,41801.25,59222.5,138368.75,34124.0,303482.0,140918.0,59636.0,85148.0,194315.0,1,1,4,1.1363636363636365,1.0,1.0,1.0,3,3,3.0,3.0,3.0,3.0,"Hypergraph(num_v=25, num_e=4)",True,-0.18409156799316406
853,STATS,099-031-full3,rewr,2.140712261199951,1.9914672374725342,0,4,9,6,3,15785.13,39900,325445,120947.5,41801.25,59222.5,138368.75,34124.0,303482.0,140918.0,59636.0,85148.0,194315.0,1,1,4,1.1363636363636365,1.0,1.0,1.0,3,3,3.0,3.0,3.0,3.0,"Hypergraph(num_v=25, num_e=4)",True,-0.149245023727417
854,STATS,099-031-augF1-full1,rewr,2.144347906112671,1.9974002838134766,0,4,9,6,3,15788.06,39900,325445,120976.5,41888.25,59280.5,138368.75,34124.0,304311.0,141194.33333333334,59636.0,85148.0,194729.5,1,1,4,1.1363636363636365,1.0,1.0,1.0,3,3,3.0,3.0,3.0,3.0,"Hypergraph(num_v=25, num_e=4)",False,-0.14694762229919434
855,STATS,099-031-augF1-full2,rewr,2.1311469078063965,1.9743118286132812,0,4,9,6,3,15788.06,39900,325445,120976.5,41888.25,59280.5,138368.75,34124.0,304311.0,141194.33333333334,59636.0,85148.0,194729.5,1,1,4,1.1363636363636365,1.0,1.0,1.0,3,3,3.0,3.0,3.0,3.0,"Hypergraph(num_v=25, num_e=4)",False,-0.15683507919311523
856,STATS,099-031-augF1-full3,rewr,2.143296480178833,2.0494866371154785,0,4,9,6,3,15788.06,39900,325445,120976.5,41888.25,59280.5,138368.75,34124.0,304311.0,141194.33333333334,59636.0,85148.0,194729.5,1,1,4,1.1363636363636365,1.0,1.0,1.0,3,3,3.0,3.0,3.0,3.0,"Hypergraph(num_v=25, num_e=4)",False,-0.09380984306335449
857,STATS,099-031-augF2-full1,rewr,1.56667160987854,1.4387104511260986,0,4,9,6,3,15604.24,35294,325445,119162.25,38748.5,57955.0,138368.75,34124.0,252412.0,123894.66666666669,59636.0,85148.0,168780.0,1,1,4,1.1363636363636365,1.0,1.0,1.0,3,3,3.0,3.0,3.0,3.0,"Hypergraph(num_v=25, num_e=4)",False,-0.1279611587524414
858,STATS,099-031-augF2-full2,rewr,1.5647094249725342,1.4651720523834229,0,4,9,6,3,15604.24,35294,325445,119162.25,38748.5,57955.0,138368.75,34124.0,252412.0,123894.66666666669,59636.0,85148.0,168780.0,1,1,4,1.1363636363636365,1.0,1.0,1.0,3,3,3.0,3.0,3.0,3.0,"Hypergraph(num_v=25, num_e=4)",False,-0.09953737258911133
859,STATS,099-031-augF2-full3,rewr,1.5608501434326172,1.4639763832092285,0,4,9,6,3,15604.24,35294,325445,119162.25,38748.5,57955.0,138368.75,34124.0,252412.0,123894.66666666669,59636.0,85148.0,168780.0,1,1,4,1.1363636363636365,1.0,1.0,1.0,3,3,3.0,3.0,3.0,3.0,"Hypergraph(num_v=25, num_e=4)",False,-0.09687376022338867
860,STATS,100-005-full1,orig,2.0566155910491943,2.0959229469299316,0,2,2,1,1,198103.54,135156,328064,231610.0,183383.0,231610.0,279837.0,9461866.0,9461866.0,9461866.0,9461866.0,9461866.0,9461866.0,1,1,2,1.1,1.0,1.0,1.0,1,1,1.0,1.0,1.0,1.0,"Hypergraph(num_v=11, num_e=2)",True,0.039307355880737305
861,STATS,100-005-augF1-full1,orig,0.010369300842285156,0.019283294677734375,0,2,2,1,1,10222.07,8,192979,96493.5,48250.75,96493.5,144736.25,535.0,535.0,535.0,535.0,535.0,535.0,1,1,2,1.1,1.0,1.0,1.0,1,1,1.0,1.0,1.0,1.0,"Hypergraph(num_v=11, num_e=2)",False,0.008913993835449219
862,STATS,101-043-full1,rewr,2.409013032913208,2.3604238033294678,0,4,8,5,3,15653.32,40996,91976,64256.25,42568.75,62026.5,83714.0,39823.0,14009897.0,4709277.333333333,58967.5,78112.0,7044004.5,1,1,4,1.1428571428571428,1.0,1.0,1.0,3,3,3.0,3.0,3.0,3.0,"Hypergraph(num_v=24, num_e=4)",True,-0.048589229583740234
863,STATS,101-043-full2,rewr,2.3986663818359375,2.3693957328796387,0,4,8,5,3,15653.32,40996,91976,64256.25,42568.75,62026.5,83714.0,39823.0,14009897.0,4709277.333333333,58967.5,78112.0,7044004.5,1,1,4,1.1428571428571428,1.0,1.0,1.0,3,3,3.0,3.0,3.0,3.0,"Hypergraph(num_v=24, num_e=4)",True,-0.029270648956298828
864,STATS,101-043-full3,rewr,2.40696382522583,2.3591747283935547,0,4,8,5,3,15653.32,40996,91976,64256.25,42568.75,62026.5,83714.0,39823.0,14009897.0,4709277.333333333,58967.5,78112.0,7044004.5,1,1,4,1.1428571428571428,1.0,1.0,1.0,3,3,3.0,3.0,3.0,3.0,"Hypergraph(num_v=24, num_e=4)",True,-0.04778909683227539
865,STATS,101-043-augF1-full1,orig,0.08896541595458984,0.18390679359436035,0,4,8,5,3,11382.69,1455,80960,41626.0,31110.75,42044.5,52559.75,1424.0,221627.0,75281.33333333333,2108.5,2793.0,112210.0,1,1,4,1.1428571428571428,1.0,1.0,1.0,3,3,3.0,3.0,3.0,3.0,"Hypergraph(num_v=24, num_e=4)",False,0.09494137763977051
866,STATS,101-043-augF1-full2,orig,0.08937597274780273,0.18542718887329102,0,4,8,5,3,11382.69,1455,80960,41626.0,31110.75,42044.5,52559.75,1424.0,221627.0,75281.33333333333,2108.5,2793.0,112210.0,1,1,4,1.1428571428571428,1.0,1.0,1.0,3,3,3.0,3.0,3.0,3.0,"Hypergraph(num_v=24, num_e=4)",False,0.09605121612548828
867,STATS,101-043-augF1-full3,orig,0.08860349655151367,0.18271684646606445,0,4,8,5,3,11382.69,1455,80960,41626.0,31110.75,42044.5,52559.75,1424.0,221627.0,75281.33333333333,2108.5,2793.0,112210.0,1,1,4,1.1428571428571428,1.0,1.0,1.0,3,3,3.0,3.0,3.0,3.0,"Hypergraph(num_v=24, num_e=4)",False,0.09411334991455078
868,STATS,101-043-augF2-full1,rewr,3.7371110916137695,3.4673194885253906,0,4,8,5,3,15669.98,41149,91976,64294.5,42607.0,62026.5,83714.0,39971.0,14062184.0,4726852.333333333,59186.5,78402.0,7070293.0,1,1,4,1.1428571428571428,1.0,1.0,1.0,3,3,3.0,3.0,3.0,3.0,"Hypergraph(num_v=24, num_e=4)",False,-0.2697916030883789
869,STATS,101-043-augF2-full2,rewr,3.623380661010742,3.5126636028289795,0,4,8,5,3,15669.98,41149,91976,64294.5,42607.0,62026.5,83714.0,39971.0,14062184.0,4726852.333333333,59186.5,78402.0,7070293.0,1,1,4,1.1428571428571428,1.0,1.0,1.0,3,3,3.0,3.0,3.0,3.0,"Hypergraph(num_v=24, num_e=4)",False,-0.1107170581817627
870,STATS,101-043-augF2-full3,rewr,3.736298084259033,3.512549877166748,0,4,8,5,3,15669.98,41149,91976,64294.5,42607.0,62026.5,83714.0,39971.0,14062184.0,4726852.333333333,59186.5,78402.0,7070293.0,1,1,4,1.1428571428571428,1.0,1.0,1.0,3,3,3.0,3.0,3.0,3.0,"Hypergraph(num_v=24, num_e=4)",False,-0.22374820709228516
871,STATS,102-002-full1,orig,2.6202023029327393,2.793282985687256,0,2,3,2,1,193575.49,80753,135156,107954.5,94353.75,107954.5,121555.25,11562270.0,11562270.0,11562270.0,11562270.0,11562270.0,11562270.0,1,1,2,1.1428571428571428,1.0,1.0,1.0,1,1,1.0,1.0,1.0,1.0,"Hypergraph(num_v=8, num_e=2)",True,0.1730806827545166
872,STATS,102-002-augF1-full1,orig,0.028970718383789062,0.04717659950256348,0,2,3,2,1,6111.31,93,80753,40423.0,20258.0,40423.0,60588.0,7956.0,7956.0,7956.0,7956.0,7956.0,7956.0,1,1,2,1.1428571428571428,1.0,1.0,1.0,1,1,1.0,1.0,1.0,1.0,"Hypergraph(num_v=8, num_e=2)",False,0.018205881118774414
873,STATS,102-002-augF2-full1,orig,0.07931661605834961,0.1160879135131836,0,2,3,2,1,22626.41,1797,135156,68476.5,35136.75,68476.5,101816.25,257296.0,257296.0,257296.0,257296.0,257296.0,257296.0,1,1,2,1.1428571428571428,1.0,1.0,1.0,1,1,1.0,1.0,1.0,1.0,"Hypergraph(num_v=8, num_e=2)",False,0.036771297454833984
874,STATS,103-015-full1,rewr,2.9734721183776855,2.973418712615967,0,3,7,5,2,11415.41,41275,133867,85298.66666666667,61014.5,80754.0,107310.5,80754.0,11271579.0,5676166.5,2878460.25,5676166.5,8473872.75,1,1,3,1.1666666666666667,1.0,1.0,1.0,2,2,2.0,2.0,2.0,2.0,"Hypergraph(num_v=14, num_e=3)",True,-5.340576171875e-05
875,STATS,103-015-full2,rewr,3.0401008129119873,2.9823358058929443,0,3,7,5,2,11415.41,41275,133867,85298.66666666667,61014.5,80754.0,107310.5,80754.0,11271579.0,5676166.5,2878460.25,5676166.5,8473872.75,1,1,3,1.1666666666666667,1.0,1.0,1.0,2,2,2.0,2.0,2.0,2.0,"Hypergraph(num_v=14, num_e=3)",True,-0.05776500701904297
876,STATS,103-015-full3,orig,2.968855857849121,2.998088836669922,0,3,7,5,2,11415.41,41275,133867,85298.66666666667,61014.5,80754.0,107310.5,80754.0,11271579.0,5676166.5,2878460.25,5676166.5,8473872.75,1,1,3,1.1666666666666667,1.0,1.0,1.0,2,2,2.0,2.0,2.0,2.0,"Hypergraph(num_v=14, num_e=3)",True,0.02923297882080078
877,STATS,103-015-augF1-full1,orig,2.014781951904297,2.155040979385376,0,3,7,5,2,10233.41,41275,133867,78109.66666666667,50231.0,59187.0,96527.0,59187.0,8261274.0,4160230.5,2109708.75,4160230.5,6210752.25,1,1,3,1.1666666666666667,1.0,1.0,1.0,2,2,2.0,2.0,2.0,2.0,"Hypergraph(num_v=14, num_e=3)",False,0.1402590274810791
878,STATS,103-015-augF1-full2,orig,2.0404672622680664,2.1385059356689453,0,3,7,5,2,10233.41,41275,133867,78109.66666666667,50231.0,59187.0,96527.0,59187.0,8261274.0,4160230.5,2109708.75,4160230.5,6210752.25,1,1,3,1.1666666666666667,1.0,1.0,1.0,2,2,2.0,2.0,2.0,2.0,"Hypergraph(num_v=14, num_e=3)",False,0.0980386734008789
879,STATS,103-015-augF1-full3,orig,2.0118038654327393,2.1484243869781494,0,3,7,5,2,10233.41,41275,133867,78109.66666666667,50231.0,59187.0,96527.0,59187.0,8261274.0,4160230.5,2109708.75,4160230.5,6210752.25,1,1,3,1.1666666666666667,1.0,1.0,1.0,2,2,2.0,2.0,2.0,2.0,"Hypergraph(num_v=14, num_e=3)",False,0.13662052154541016
880,STATS,103-015-augF2-full1,orig,2.9724366664886475,2.976475954055786,0,3,7,5,2,11420.44,41275,133867,85334.33333333333,61068.0,80861.0,107364.0,80861.0,11286514.0,5683687.5,2882274.25,5683687.5,8485100.75,1,1,3,1.1666666666666667,1.0,1.0,1.0,2,2,2.0,2.0,2.0,2.0,"Hypergraph(num_v=14, num_e=3)",False,0.004039287567138672
881,STATS,103-015-augF2-full2,orig,2.991157054901123,3.012490749359131,0,3,7,5,2,11420.44,41275,133867,85334.33333333333,61068.0,80861.0,107364.0,80861.0,11286514.0,5683687.5,2882274.25,5683687.5,8485100.75,1,1,3,1.1666666666666667,1.0,1.0,1.0,2,2,2.0,2.0,2.0,2.0,"Hypergraph(num_v=14, num_e=3)",False,0.021333694458007812
882,STATS,103-015-augF2-full3,orig,2.937411069869995,2.950005531311035,0,3,7,5,2,11420.44,41275,133867,85334.33333333333,61068.0,80861.0,107364.0,80861.0,11286514.0,5683687.5,2882274.25,5683687.5,8485100.75,1,1,3,1.1666666666666667,1.0,1.0,1.0,2,2,2.0,2.0,2.0,2.0,"Hypergraph(num_v=14, num_e=3)",False,0.012594461441040039
883,STATS,104-088-full1,orig,3.0143449306488037,3.0229270458221436,0,3,7,5,2,11415.41,41275,133867,85298.66666666667,61014.5,80754.0,107310.5,80754.0,11271579.0,5676166.5,2878460.25,5676166.5,8473872.75,1,1,3,1.1666666666666667,1.0,1.0,1.0,2,2,2.0,2.0,2.0,2.0,"Hypergraph(num_v=14, num_e=3)",True,0.008582115173339844
884,STATS,104-088-full2,orig,2.9287400245666504,2.95780086517334,0,3,7,5,2,11415.41,41275,133867,85298.66666666667,61014.5,80754.0,107310.5,80754.0,11271579.0,5676166.5,2878460.25,5676166.5,8473872.75,1,1,3,1.1666666666666667,1.0,1.0,1.0,2,2,2.0,2.0,2.0,2.0,"Hypergraph(num_v=14, num_e=3)",True,0.029060840606689453
885,STATS,104-088-full3,orig,2.9669241905212402,2.983363151550293,0,3,7,5,2,11415.41,41275,133867,85298.66666666667,61014.5,80754.0,107310.5,80754.0,11271579.0,5676166.5,2878460.25,5676166.5,8473872.75,1,1,3,1.1666666666666667,1.0,1.0,1.0,2,2,2.0,2.0,2.0,2.0,"Hypergraph(num_v=14, num_e=3)",True,0.016438961029052734
886,STATS,104-088-augF1-full1,orig,2.9543209075927734,3.023524522781372,0,3,7,5,2,11446.36,41275,135143,85724.0,61014.5,80754.0,107948.5,80754.0,11379018.0,5729886.0,2905320.0,5729886.0,8554452.0,1,1,3,1.1666666666666667,1.0,1.0,1.0,2,2,2.0,2.0,2.0,2.0,"Hypergraph(num_v=14, num_e=3)",False,0.06920361518859863
887,STATS,104-088-augF1-full2,orig,2.942425012588501,2.987607955932617,0,3,7,5,2,11446.36,41275,135143,85724.0,61014.5,80754.0,107948.5,80754.0,11379018.0,5729886.0,2905320.0,5729886.0,8554452.0,1,1,3,1.1666666666666667,1.0,1.0,1.0,2,2,2.0,2.0,2.0,2.0,"Hypergraph(num_v=14, num_e=3)",False,0.04518294334411621
888,STATS,104-088-augF1-full3,orig,2.9534268379211426,2.9800562858581543,0,3,7,5,2,11446.36,41275,135143,85724.0,61014.5,80754.0,107948.5,80754.0,11379018.0,5729886.0,2905320.0,5729886.0,8554452.0,1,1,3,1.1666666666666667,1.0,1.0,1.0,2,2,2.0,2.0,2.0,2.0,"Hypergraph(num_v=14, num_e=3)",False,0.02662944793701172
889,STATS,104-088-augF2-full1,orig,0.4365565776824951,0.640387773513794,0,3,7,5,2,7910.99,9823,133867,61655.0,25549.0,41275.0,87571.0,9823.0,1371086.0,690454.5,350138.75,690454.5,1030770.25,1,1,3,1.1666666666666667,1.0,1.0,1.0,2,2,2.0,2.0,2.0,2.0,"Hypergraph(num_v=14, num_e=3)",False,0.20383119583129883
890,STATS,104-088-augF2-full2,orig,0.438096284866333,0.6364855766296387,0,3,7,5,2,7910.99,9823,133867,61655.0,25549.0,41275.0,87571.0,9823.0,1371086.0,690454.5,350138.75,690454.5,1030770.25,1,1,3,1.1666666666666667,1.0,1.0,1.0,2,2,2.0,2.0,2.0,2.0,"Hypergraph(num_v=14, num_e=3)",False,0.19838929176330566
891,STATS,104-088-augF2-full3,orig,0.43519043922424316,0.6190948486328125,0,3,7,5,2,7910.99,9823,133867,61655.0,25549.0,41275.0,87571.0,9823.0,1371086.0,690454.5,350138.75,690454.5,1030770.25,1,1,3,1.1666666666666667,1.0,1.0,1.0,2,2,2.0,2.0,2.0,2.0,"Hypergraph(num_v=14, num_e=3)",False,0.18390440940856934
892,STATS,105-085-full1,rewr,3.1261281967163086,3.0565078258514404,0,3,5,3,2,13981.99,37258,327291,179618.0,105781.5,174305.0,250798.0,32045.0,10815767.0,5423906.0,2727975.5,5423906.0,8119836.5,1,1,3,1.1333333333333333,1.0,1.0,1.0,2,2,2.0,2.0,2.0,2.0,"Hypergraph(num_v=17, num_e=3)",True,-0.06962037086486816
893,STATS,105-085-full2,rewr,3.1334924697875977,3.029737949371338,0,3,5,3,2,13981.99,37258,327291,179618.0,105781.5,174305.0,250798.0,32045.0,10815767.0,5423906.0,2727975.5,5423906.0,8119836.5,1,1,3,1.1333333333333333,1.0,1.0,1.0,2,2,2.0,2.0,2.0,2.0,"Hypergraph(num_v=17, num_e=3)",True,-0.10375452041625977
894,STATS,105-085-full3,rewr,3.0972888469696045,3.020005464553833,0,3,5,3,2,13981.99,37258,327291,179618.0,105781.5,174305.0,250798.0,32045.0,10815767.0,5423906.0,2727975.5,5423906.0,8119836.5,1,1,3,1.1333333333333333,1.0,1.0,1.0,2,2,2.0,2.0,2.0,2.0,"Hypergraph(num_v=17, num_e=3)",True,-0.07728338241577148
895,STATS,105-085-augF1-full1,rewr,3.1124186515808105,3.011496067047119,0,3,5,3,2,13987.88,37258,328036,179866.33333333334,105781.5,174305.0,251170.5,32118.0,10840387.0,5436252.5,2734185.25,5436252.5,8138319.75,1,1,3,1.1333333333333333,1.0,1.0,1.0,2,2,2.0,2.0,2.0,2.0,"Hypergraph(num_v=17, num_e=3)",False,-0.1009225845336914
896,STATS,105-085-augF1-full2,rewr,3.1450319290161133,3.0321285724639893,0,3,5,3,2,13987.88,37258,328036,179866.33333333334,105781.5,174305.0,251170.5,32118.0,10840387.0,5436252.5,2734185.25,5436252.5,8138319.75,1,1,3,1.1333333333333333,1.0,1.0,1.0,2,2,2.0,2.0,2.0,2.0,"Hypergraph(num_v=17, num_e=3)",False,-0.11290335655212402
897,STATS,105-085-augF1-full3,rewr,3.113593816757202,3.018850803375244,0,3,5,3,2,13987.88,37258,328036,179866.33333333334,105781.5,174305.0,251170.5,32118.0,10840387.0,5436252.5,2734185.25,5436252.5,8138319.75,1,1,3,1.1333333333333333,1.0,1.0,1.0,2,2,2.0,2.0,2.0,2.0,"Hypergraph(num_v=17, num_e=3)",False,-0.09474301338195801
898,STATS,105-085-augF2-full1,orig,0.27260446548461914,0.43546223640441895,0,3,5,3,2,13387.92,27189,327291,176261.66666666666,100747.0,174305.0,250798.0,23385.0,7892799.0,3958092.0,1990738.5,3958092.0,5925445.5,1,1,3,1.1333333333333333,1.0,1.0,1.0,2,2,2.0,2.0,2.0,2.0,"Hypergraph(num_v=17, num_e=3)",False,0.1628577709197998
899,STATS,105-085-augF2-full2,orig,0.27301692962646484,0.434908390045166,0,3,5,3,2,13387.92,27189,327291,176261.66666666666,100747.0,174305.0,250798.0,23385.0,7892799.0,3958092.0,1990738.5,3958092.0,5925445.5,1,1,3,1.1333333333333333,1.0,1.0,1.0,2,2,2.0,2.0,2.0,2.0,"Hypergraph(num_v=17, num_e=3)",False,0.16189146041870117
900,STATS,105-085-augF2-full3,orig,0.27176690101623535,0.4389774799346924,0,3,5,3,2,13387.92,27189,327291,176261.66666666666,100747.0,174305.0,250798.0,23385.0,7892799.0,3958092.0,1990738.5,3958092.0,5925445.5,1,1,3,1.1333333333333333,1.0,1.0,1.0,2,2,2.0,2.0,2.0,2.0,"Hypergraph(num_v=17, num_e=3)",False,0.16721057891845703
901,STATS,106-084-full1,rewr,3.1443610191345215,3.064460039138794,0,3,7,5,2,15725.16,40687,324498,179159.66666666666,106490.5,172294.0,248396.0,34696.0,11575285.0,5804990.5,2919843.25,5804990.5,8690137.75,1,1,3,1.1333333333333333,1.0,1.0,1.0,2,2,2.0,2.0,2.0,2.0,"Hypergraph(num_v=17, num_e=3)",True,-0.07990097999572754
902,STATS,106-084-full2,rewr,3.151606559753418,3.0233306884765625,0,3,7,5,2,15725.16,40687,324498,179159.66666666666,106490.5,172294.0,248396.0,34696.0,11575285.0,5804990.5,2919843.25,5804990.5,8690137.75,1,1,3,1.1333333333333333,1.0,1.0,1.0,2,2,2.0,2.0,2.0,2.0,"Hypergraph(num_v=17, num_e=3)",True,-0.12827587127685547
903,STATS,106-084-full3,rewr,3.144348621368408,3.072552442550659,0,3,7,5,2,15725.16,40687,324498,179159.66666666666,106490.5,172294.0,248396.0,34696.0,11575285.0,5804990.5,2919843.25,5804990.5,8690137.75,1,1,3,1.1333333333333333,1.0,1.0,1.0,2,2,2.0,2.0,2.0,2.0,"Hypergraph(num_v=17, num_e=3)",True,-0.07179617881774902
904,STATS,106-084-augF1-full1,rewr,3.1934385299682617,3.078596353530884,0,3,7,5,2,15729.01,40687,324498,179266.33333333334,106650.5,172614.0,248556.0,34696.0,11596784.0,5815740.0,2925218.0,5815740.0,8706262.0,1,1,3,1.1333333333333333,1.0,1.0,1.0,2,2,2.0,2.0,2.0,2.0,"Hypergraph(num_v=17, num_e=3)",False,-0.11484217643737793
905,STATS,106-084-augF1-full2,rewr,3.153326988220215,3.030817747116089,0,3,7,5,2,15729.01,40687,324498,179266.33333333334,106650.5,172614.0,248556.0,34696.0,11596784.0,5815740.0,2925218.0,5815740.0,8706262.0,1,1,3,1.1333333333333333,1.0,1.0,1.0,2,2,2.0,2.0,2.0,2.0,"Hypergraph(num_v=17, num_e=3)",False,-0.12250924110412598
906,STATS,106-084-augF1-full3,rewr,3.1454596519470215,3.029627561569214,0,3,7,5,2,15729.01,40687,324498,179266.33333333334,106650.5,172614.0,248556.0,34696.0,11596784.0,5815740.0,2925218.0,5815740.0,8706262.0,1,1,3,1.1333333333333333,1.0,1.0,1.0,2,2,2.0,2.0,2.0,2.0,"Hypergraph(num_v=17, num_e=3)",False,-0.11583209037780762
907,STATS,106-084-augF2-full1,orig,1.1314551830291748,1.1806309223175049,0,3,7,5,2,14052.6,40687,172294,112427.0,82493.5,124300.0,148297.0,13290.0,4433950.0,2223620.0,1118455.0,2223620.0,3328785.0,1,1,3,1.1333333333333333,1.0,1.0,1.0,2,2,2.0,2.0,2.0,2.0,"Hypergraph(num_v=17, num_e=3)",False,0.04917573928833008
908,STATS,106-084-augF2-full2,orig,1.130258321762085,1.1973662376403809,0,3,7,5,2,14052.6,40687,172294,112427.0,82493.5,124300.0,148297.0,13290.0,4433950.0,2223620.0,1118455.0,2223620.0,3328785.0,1,1,3,1.1333333333333333,1.0,1.0,1.0,2,2,2.0,2.0,2.0,2.0,"Hypergraph(num_v=17, num_e=3)",False,0.0671079158782959
909,STATS,106-084-augF2-full3,orig,1.130347728729248,1.196939468383789,0,3,7,5,2,14052.6,40687,172294,112427.0,82493.5,124300.0,148297.0,13290.0,4433950.0,2223620.0,1118455.0,2223620.0,3328785.0,1,1,3,1.1333333333333333,1.0,1.0,1.0,2,2,2.0,2.0,2.0,2.0,"Hypergraph(num_v=17, num_e=3)",False,0.06659173965454102
910,STATS,107-104-full1,rewr,7.060822248458862,3.2501087188720703,0,4,8,5,3,190089.56,40128,328064,210057.0,140760.75,236018.0,305314.25,166789.0,1852543762.0,622122600.3333334,6912019.5,13657250.0,933100506.0,1,1,4,1.1578947368421053,1.0,1.0,1.0,3,3,3.0,3.0,3.0,3.0,"Hypergraph(num_v=22, num_e=4)",True,-3.810713529586792
911,STATS,107-104-full2,rewr,7.074942350387573,3.179697036743164,0,4,8,5,3,190089.56,40128,328064,210057.0,140760.75,236018.0,305314.25,166789.0,1852543762.0,622122600.3333334,6912019.5,13657250.0,933100506.0,1,1,4,1.1578947368421053,1.0,1.0,1.0,3,3,3.0,3.0,3.0,3.0,"Hypergraph(num_v=22, num_e=4)",True,-3.895245313644409
912,STATS,107-104-full3,rewr,7.102885007858276,3.21478533744812,0,4,8,5,3,190089.56,40128,328064,210057.0,140760.75,236018.0,305314.25,166789.0,1852543762.0,622122600.3333334,6912019.5,13657250.0,933100506.0,1,1,4,1.1578947368421053,1.0,1.0,1.0,3,3,3.0,3.0,3.0,3.0,"Hypergraph(num_v=22, num_e=4)",True,-3.8880996704101562
913,STATS,107-104-augF1-full1,rewr,9.376397371292114,5.4657371044158936,0,4,8,5,3,191459.66,40823,328064,210230.75,140934.5,236018.0,305314.25,169678.0,1884629037.0,632818655.0,6913464.0,13657250.0,949143143.5,1,1,4,1.1578947368421053,1.0,1.0,1.0,3,3,3.0,3.0,3.0,3.0,"Hypergraph(num_v=22, num_e=4)",False,-3.9106602668762207
914,STATS,107-104-augF1-full2,rewr,9.323418140411377,5.433323621749878,0,4,8,5,3,191459.66,40823,328064,210230.75,140934.5,236018.0,305314.25,169678.0,1884629037.0,632818655.0,6913464.0,13657250.0,949143143.5,1,1,4,1.1578947368421053,1.0,1.0,1.0,3,3,3.0,3.0,3.0,3.0,"Hypergraph(num_v=22, num_e=4)",False,-3.890094518661499
915,STATS,107-104-augF1-full3,rewr,9.389007329940796,5.39619255065918,0,4,8,5,3,191459.66,40823,328064,210230.75,140934.5,236018.0,305314.25,169678.0,1884629037.0,632818655.0,6913464.0,13657250.0,949143143.5,1,1,4,1.1578947368421053,1.0,1.0,1.0,3,3,3.0,3.0,3.0,3.0,"Hypergraph(num_v=22, num_e=4)",False,-3.992814779281616
916,STATS,107-104-augF2-full1,rewr,0.906714916229248,0.47937607765197754,0,4,8,5,3,83344.97,37301,328064,144949.5,39421.25,107216.5,212744.75,166789.0,232094522.0,77990783.0,938913.5,1711038.0,116902780.0,1,1,4,1.1578947368421053,1.0,1.0,1.0,3,3,3.0,3.0,3.0,3.0,"Hypergraph(num_v=22, num_e=4)",False,-0.4273388385772705
917,STATS,107-104-augF2-full2,rewr,0.9038844108581543,0.47821903228759766,0,4,8,5,3,83344.97,37301,328064,144949.5,39421.25,107216.5,212744.75,166789.0,232094522.0,77990783.0,938913.5,1711038.0,116902780.0,1,1,4,1.1578947368421053,1.0,1.0,1.0,3,3,3.0,3.0,3.0,3.0,"Hypergraph(num_v=22, num_e=4)",False,-0.42566537857055664
918,STATS,107-104-augF2-full3,rewr,0.9039511680603027,0.47037744522094727,0,4,8,5,3,83344.97,37301,328064,144949.5,39421.25,107216.5,212744.75,166789.0,232094522.0,77990783.0,938913.5,1711038.0,116902780.0,1,1,4,1.1578947368421053,1.0,1.0,1.0,3,3,3.0,3.0,3.0,3.0,"Hypergraph(num_v=22, num_e=4)",False,-0.43357372283935547
919,STATS,108-060-full1,orig,3.881242513656616,4.228865146636963,0,6,8,3,5,20688.37,12050,328064,121233.16666666669,50273.0,86468.0,153722.75,11522.0,2785980.0,581853.8,12050.0,21835.0,77882.0,1,1,4,1.1666666666666667,1.0,1.0,1.0,5,5,5.0,5.0,5.0,5.0,"Hypergraph(num_v=35, num_e=6)",True,0.3476226329803467
920,STATS,108-060-full2,orig,3.901879072189331,4.203118324279785,0,6,8,3,5,20688.37,12050,328064,121233.16666666669,50273.0,86468.0,153722.75,11522.0,2785980.0,581853.8,12050.0,21835.0,77882.0,1,1,4,1.1666666666666667,1.0,1.0,1.0,5,5,5.0,5.0,5.0,5.0,"Hypergraph(num_v=35, num_e=6)",True,0.3012392520904541
921,STATS,108-060-full3,orig,3.8986592292785645,4.215473890304565,0,6,8,3,5,20688.37,12050,328064,121233.16666666669,50273.0,86468.0,153722.75,11522.0,2785980.0,581853.8,12050.0,21835.0,77882.0,1,1,4,1.1666666666666667,1.0,1.0,1.0,5,5,5.0,5.0,5.0,5.0,"Hypergraph(num_v=35, num_e=6)",True,0.316814661026001
922,STATS,108-060-augF1-full1,orig,0.46038818359375,0.8193759918212891,0,6,8,3,5,20512.22,12050,328064,120967.0,49075.25,86468.0,153722.75,11062.0,2674872.0,558744.8,12050.0,20964.0,74776.0,1,1,4,1.1666666666666667,1.0,1.0,1.0,5,5,5.0,5.0,5.0,5.0,"Hypergraph(num_v=35, num_e=6)",False,0.35898780822753906
923,STATS,108-060-augF1-full2,orig,0.4576146602630615,0.8381705284118652,0,6,8,3,5,20512.22,12050,328064,120967.0,49075.25,86468.0,153722.75,11062.0,2674872.0,558744.8,12050.0,20964.0,74776.0,1,1,4,1.1666666666666667,1.0,1.0,1.0,5,5,5.0,5.0,5.0,5.0,"Hypergraph(num_v=35, num_e=6)",False,0.3805558681488037
924,STATS,108-060-augF1-full3,orig,0.461611270904541,0.8285367488861084,0,6,8,3,5,20512.22,12050,328064,120967.0,49075.25,86468.0,153722.75,11062.0,2674872.0,558744.8,12050.0,20964.0,74776.0,1,1,4,1.1666666666666667,1.0,1.0,1.0,5,5,5.0,5.0,5.0,5.0,"Hypergraph(num_v=35, num_e=6)",False,0.3669254779815674
925,STATS,108-060-augF2-full1,orig,0.055986881256103516,0.48086047172546387,0,6,8,3,5,14258.76,2385,192979,80480.33333333333,29277.5,86468.0,99893.0,686.0,165932.0,35070.0,765.0,2729.0,5238.0,1,1,4,1.1666666666666667,1.0,1.0,1.0,5,5,5.0,5.0,5.0,5.0,"Hypergraph(num_v=35, num_e=6)",False,0.42487359046936035
926,STATS,108-060-augF2-full2,orig,0.057477712631225586,0.47443652153015137,0,6,8,3,5,14258.76,2385,192979,80480.33333333333,29277.5,86468.0,99893.0,686.0,165932.0,35070.0,765.0,2729.0,5238.0,1,1,4,1.1666666666666667,1.0,1.0,1.0,5,5,5.0,5.0,5.0,5.0,"Hypergraph(num_v=35, num_e=6)",False,0.4169588088989258
927,STATS,108-060-augF2-full3,orig,0.05750679969787598,0.4834861755371094,0,6,8,3,5,14258.76,2385,192979,80480.33333333333,29277.5,86468.0,99893.0,686.0,165932.0,35070.0,765.0,2729.0,5238.0,1,1,4,1.1666666666666667,1.0,1.0,1.0,5,5,5.0,5.0,5.0,5.0,"Hypergraph(num_v=35, num_e=6)",False,0.4259793758392334
928,STATS,109-133-full1,rewr,4.139906167984009,4.020373344421387,0,5,13,9,4,74834.1,1,303187,97133.4,1012.0,78935.0,102532.0,100.0,2553613691.0,638536678.75,2817.25,266462.0,638800323.5,1,1,5,1.1904761904761905,1.0,1.0,1.0,4,4,4.0,4.0,4.0,4.0,"Hypergraph(num_v=25, num_e=5)",True,-0.11953282356262207
929,STATS,109-133-full2,rewr,4.157456398010254,4.017650604248047,0,5,13,9,4,74834.1,1,303187,97133.4,1012.0,78935.0,102532.0,100.0,2553613691.0,638536678.75,2817.25,266462.0,638800323.5,1,1,5,1.1904761904761905,1.0,1.0,1.0,4,4,4.0,4.0,4.0,4.0,"Hypergraph(num_v=25, num_e=5)",True,-0.13980579376220703
930,STATS,109-133-full3,rewr,4.124873161315918,3.976325273513794,0,5,13,9,4,74834.1,1,303187,97133.4,1012.0,78935.0,102532.0,100.0,2553613691.0,638536678.75,2817.25,266462.0,638800323.5,1,1,5,1.1904761904761905,1.0,1.0,1.0,4,4,4.0,4.0,4.0,4.0,"Hypergraph(num_v=25, num_e=5)",True,-0.14854788780212402
931,STATS,109-133-augF1-full1,rewr,10.94321608543396,10.04514479637146,0,5,13,9,4,75692.47,1,303187,97133.4,1012.0,78935.0,102532.0,102.0,2598481811.0,649756050.0,2866.5,271143.5,650024327.0,1,1,5,1.1904761904761905,1.0,1.0,1.0,4,4,4.0,4.0,4.0,4.0,"Hypergraph(num_v=25, num_e=5)",False,-0.8980712890625
932,STATS,109-133-augF1-full2,rewr,10.979482889175415,10.092203378677368,0,5,13,9,4,75692.47,1,303187,97133.4,1012.0,78935.0,102532.0,102.0,2598481811.0,649756050.0,2866.5,271143.5,650024327.0,1,1,5,1.1904761904761905,1.0,1.0,1.0,4,4,4.0,4.0,4.0,4.0,"Hypergraph(num_v=25, num_e=5)",False,-0.8872795104980469
933,STATS,109-133-augF1-full3,rewr,11.15108036994934,10.173347234725952,0,5,13,9,4,75692.47,1,303187,97133.4,1012.0,78935.0,102532.0,102.0,2598481811.0,649756050.0,2866.5,271143.5,650024327.0,1,1,5,1.1904761904761905,1.0,1.0,1.0,4,4,4.0,4.0,4.0,4.0,"Hypergraph(num_v=25, num_e=5)",False,-0.9777331352233887
934,STATS,109-133-augF2-full1,rewr,6.18421745300293,5.948610067367554,0,5,13,9,4,75711.79,1,303187,97133.4,1012.0,78935.0,102532.0,102.0,2599499998.0,650010649.75,2867.25,271249.5,650279032.0,1,1,5,1.1904761904761905,1.0,1.0,1.0,4,4,4.0,4.0,4.0,4.0,"Hypergraph(num_v=25, num_e=5)",False,-0.23560738563537598
935,STATS,109-133-augF2-full2,rewr,6.214097023010254,5.821022272109985,0,5,13,9,4,75711.79,1,303187,97133.4,1012.0,78935.0,102532.0,102.0,2599499998.0,650010649.75,2867.25,271249.5,650279032.0,1,1,5,1.1904761904761905,1.0,1.0,1.0,4,4,4.0,4.0,4.0,4.0,"Hypergraph(num_v=25, num_e=5)",False,-0.39307475090026855
936,STATS,109-133-augF2-full3,rewr,6.289546012878418,5.889041900634766,0,5,13,9,4,75711.79,1,303187,97133.4,1012.0,78935.0,102532.0,102.0,2599499998.0,650010649.75,2867.25,271249.5,650279032.0,1,1,5,1.1904761904761905,1.0,1.0,1.0,4,4,4.0,4.0,4.0,4.0,"Hypergraph(num_v=25, num_e=5)",False,-0.40050411224365234
937,STATS,110-138-full1,orig,3.7644383907318115,4.267562389373779,0,5,8,4,4,10192.46,1,192979,54865.4,1.0,1032.0,80314.0,576.0,1136.0,722.25,582.0,588.5,728.75,1,1,4,1.1666666666666667,1.0,1.0,1.0,4,4,4.0,4.0,4.0,4.0,"Hypergraph(num_v=28, num_e=5)",True,0.5031239986419678
938,STATS,110-138-full2,orig,3.8215034008026123,4.395746231079102,0,5,8,4,4,10192.46,1,192979,54865.4,1.0,1032.0,80314.0,576.0,1136.0,722.25,582.0,588.5,728.75,1,1,4,1.1666666666666667,1.0,1.0,1.0,4,4,4.0,4.0,4.0,4.0,"Hypergraph(num_v=28, num_e=5)",True,0.5742428302764893
939,STATS,110-138-full3,orig,3.8028173446655273,4.317942142486572,0,5,8,4,4,10192.46,1,192979,54865.4,1.0,1032.0,80314.0,576.0,1136.0,722.25,582.0,588.5,728.75,1,1,4,1.1666666666666667,1.0,1.0,1.0,4,4,4.0,4.0,4.0,4.0,"Hypergraph(num_v=28, num_e=5)",True,0.5151247978210449
940,STATS,110-138-augF1-full1,orig,3.7467925548553467,4.27335000038147,0,5,8,4,4,10194.19,1,192979,54865.4,1.0,1032.0,80314.0,579.0,1142.0,726.0,585.0,591.5,732.5,1,1,4,1.1666666666666667,1.0,1.0,1.0,4,4,4.0,4.0,4.0,4.0,"Hypergraph(num_v=28, num_e=5)",False,0.526557445526123
941,STATS,110-138-augF1-full2,orig,3.7701892852783203,4.400560140609741,0,5,8,4,4,10194.19,1,192979,54865.4,1.0,1032.0,80314.0,579.0,1142.0,726.0,585.0,591.5,732.5,1,1,4,1.1666666666666667,1.0,1.0,1.0,4,4,4.0,4.0,4.0,4.0,"Hypergraph(num_v=28, num_e=5)",False,0.6303708553314209
942,STATS,110-138-augF1-full3,orig,3.82981014251709,4.352459192276001,0,5,8,4,4,10194.19,1,192979,54865.4,1.0,1032.0,80314.0,579.0,1142.0,726.0,585.0,591.5,732.5,1,1,4,1.1666666666666667,1.0,1.0,1.0,4,4,4.0,4.0,4.0,4.0,"Hypergraph(num_v=28, num_e=5)",False,0.5226490497589111
943,STATS,110-138-augF2-full1,rewr,0.027443885803222656,0.02711963653564453,0,5,8,4,4,9830.59,1,192979,55027.0,809.0,1032.0,80314.0,5.0,10.0,6.25,5.0,5.0,6.25,1,1,4,1.1666666666666667,1.0,1.0,1.0,4,4,4.0,4.0,4.0,4.0,"Hypergraph(num_v=28, num_e=5)",False,-0.000324249267578125
944,STATS,110-138-augF2-full2,rewr,0.029664039611816406,0.02615070343017578,0,5,8,4,4,9830.59,1,192979,55027.0,809.0,1032.0,80314.0,5.0,10.0,6.25,5.0,5.0,6.25,1,1,4,1.1666666666666667,1.0,1.0,1.0,4,4,4.0,4.0,4.0,4.0,"Hypergraph(num_v=28, num_e=5)",False,-0.003513336181640625
945,STATS,110-138-augF2-full3,rewr,0.029686927795410156,0.026702165603637695,0,5,8,4,4,9830.59,1,192979,55027.0,809.0,1032.0,80314.0,5.0,10.0,6.25,5.0,5.0,6.25,1,1,4,1.1666666666666667,1.0,1.0,1.0,4,4,4.0,4.0,4.0,4.0,"Hypergraph(num_v=28, num_e=5)",False,-0.002984762191772461
946,STATS,111-056-full1,orig,3.9372332096099854,4.45743989944458,0,5,5,1,4,9953.42,1,192979,73389.6,1032.0,80960.0,91976.0,584.0,1151.0,729.5,586.25,591.5,734.75,1,1,4,1.1666666666666667,1.0,1.0,1.0,4,4,4.0,4.0,4.0,4.0,"Hypergraph(num_v=28, num_e=5)",True,0.5202066898345947
947,STATS,111-056-full2,orig,3.9403581619262695,4.465796947479248,0,5,5,1,4,9953.42,1,192979,73389.6,1032.0,80960.0,91976.0,584.0,1151.0,729.5,586.25,591.5,734.75,1,1,4,1.1666666666666667,1.0,1.0,1.0,4,4,4.0,4.0,4.0,4.0,"Hypergraph(num_v=28, num_e=5)",True,0.5254387855529785
948,STATS,111-056-full3,orig,3.8376998901367188,4.378063201904297,0,5,5,1,4,9953.42,1,192979,73389.6,1032.0,80960.0,91976.0,584.0,1151.0,729.5,586.25,591.5,734.75,1,1,4,1.1666666666666667,1.0,1.0,1.0,4,4,4.0,4.0,4.0,4.0,"Hypergraph(num_v=28, num_e=5)",True,0.5403633117675781
949,STATS,111-056-augF1-full1,orig,3.7960407733917236,4.265523672103882,0,5,5,1,4,9815.32,1,192979,73389.6,1032.0,80960.0,91976.0,1.0,596.0,150.0,1.0,1.5,150.5,1,1,4,1.1666666666666667,1.0,1.0,1.0,4,4,4.0,4.0,4.0,4.0,"Hypergraph(num_v=28, num_e=5)",False,0.4694828987121582
950,STATS,111-056-augF1-full2,orig,3.7652199268341064,4.218460559844971,0,5,5,1,4,9815.32,1,192979,73389.6,1032.0,80960.0,91976.0,1.0,596.0,150.0,1.0,1.5,150.5,1,1,4,1.1666666666666667,1.0,1.0,1.0,4,4,4.0,4.0,4.0,4.0,"Hypergraph(num_v=28, num_e=5)",False,0.45324063301086426
951,STATS,111-056-augF1-full3,orig,3.7915635108947754,4.411694526672363,0,5,5,1,4,9815.32,1,192979,73389.6,1032.0,80960.0,91976.0,1.0,596.0,150.0,1.0,1.5,150.5,1,1,4,1.1666666666666667,1.0,1.0,1.0,4,4,4.0,4.0,4.0,4.0,"Hypergraph(num_v=28, num_e=5)",False,0.6201310157775879
952,STATS,112-028-full1,orig,4.683811187744141,4.775607109069824,0,4,5,2,3,21158.43,41275,328064,135384.5,71038.75,86099.5,150445.25,80960.0,11473344.0,3959913.0,203197.5,325435.0,5899389.5,1,1,3,1.1363636363636365,1.0,1.0,1.0,3,3,3.0,3.0,3.0,3.0,"Hypergraph(num_v=25, num_e=4)",True,0.0917959213256836
953,STATS,112-028-full2,orig,4.757430791854858,4.946997404098511,0,4,5,2,3,21158.43,41275,328064,135384.5,71038.75,86099.5,150445.25,80960.0,11473344.0,3959913.0,203197.5,325435.0,5899389.5,1,1,3,1.1363636363636365,1.0,1.0,1.0,3,3,3.0,3.0,3.0,3.0,"Hypergraph(num_v=25, num_e=4)",True,0.18956661224365234
954,STATS,112-028-full3,orig,4.633894205093384,4.7966132164001465,0,4,5,2,3,21158.43,41275,328064,135384.5,71038.75,86099.5,150445.25,80960.0,11473344.0,3959913.0,203197.5,325435.0,5899389.5,1,1,3,1.1363636363636365,1.0,1.0,1.0,3,3,3.0,3.0,3.0,3.0,"Hypergraph(num_v=25, num_e=4)",True,0.1627190113067627
955,STATS,112-028-augF1-full1,orig,0.8857605457305908,1.1699154376983643,0,4,5,2,3,18033.46,41275,328064,127516.0,55142.5,70362.5,142736.0,80960.0,7515466.0,2603199.333333333,147066.0,213172.0,3864319.0,1,1,3,1.1363636363636365,1.0,1.0,1.0,3,3,3.0,3.0,3.0,3.0,"Hypergraph(num_v=25, num_e=4)",False,0.28415489196777344
956,STATS,112-028-augF1-full2,orig,0.8889758586883545,1.1930255889892578,0,4,5,2,3,18033.46,41275,328064,127516.0,55142.5,70362.5,142736.0,80960.0,7515466.0,2603199.333333333,147066.0,213172.0,3864319.0,1,1,3,1.1363636363636365,1.0,1.0,1.0,3,3,3.0,3.0,3.0,3.0,"Hypergraph(num_v=25, num_e=4)",False,0.3040497303009033
957,STATS,112-028-augF1-full3,orig,0.882575511932373,1.170546054840088,0,4,5,2,3,18033.46,41275,328064,127516.0,55142.5,70362.5,142736.0,80960.0,7515466.0,2603199.333333333,147066.0,213172.0,3864319.0,1,1,3,1.1363636363636365,1.0,1.0,1.0,3,3,3.0,3.0,3.0,3.0,"Hypergraph(num_v=25, num_e=4)",False,0.28797054290771484
958,STATS,112-028-augF2-full1,rewr,4.640834331512451,4.617196559906006,0,4,5,2,3,12629.95,1772,328064,125508.75,61163.0,86099.5,150445.25,3860.0,492569.0,170066.33333333334,8815.0,13770.0,253169.5,1,1,3,1.1363636363636365,1.0,1.0,1.0,3,3,3.0,3.0,3.0,3.0,"Hypergraph(num_v=25, num_e=4)",False,-0.023637771606445312
959,STATS,112-028-augF2-full2,rewr,4.619513750076294,4.501922130584717,0,4,5,2,3,12629.95,1772,328064,125508.75,61163.0,86099.5,150445.25,3860.0,492569.0,170066.33333333334,8815.0,13770.0,253169.5,1,1,3,1.1363636363636365,1.0,1.0,1.0,3,3,3.0,3.0,3.0,3.0,"Hypergraph(num_v=25, num_e=4)",False,-0.11759161949157715
960,STATS,112-028-augF2-full3,rewr,4.652233839035034,4.609713315963745,0,4,5,2,3,12629.95,1772,328064,125508.75,61163.0,86099.5,150445.25,3860.0,492569.0,170066.33333333334,8815.0,13770.0,253169.5,1,1,3,1.1363636363636365,1.0,1.0,1.0,3,3,3.0,3.0,3.0,3.0,"Hypergraph(num_v=25, num_e=4)",False,-0.04252052307128906
961,STATS,113-113-full1,orig,5.0599095821380615,5.23637056350708,0,4,6,3,3,1025524.29,39936,303187,149399.0,70704.0,127236.5,205931.5,272934.0,12362116552.0,4125707872.3333335,7503532.5,14734131.0,6188425341.5,1,1,4,1.1875,1.0,1.0,1.0,3,3,3.0,3.0,3.0,3.0,"Hypergraph(num_v=19, num_e=4)",True,0.17646098136901855
962,STATS,113-113-full2,orig,5.116748332977295,5.246075630187988,0,4,6,3,3,1025524.29,39936,303187,149399.0,70704.0,127236.5,205931.5,272934.0,12362116552.0,4125707872.3333335,7503532.5,14734131.0,6188425341.5,1,1,4,1.1875,1.0,1.0,1.0,3,3,3.0,3.0,3.0,3.0,"Hypergraph(num_v=19, num_e=4)",True,0.12932729721069336
963,STATS,113-113-full3,orig,5.112508773803711,5.261900901794434,0,4,6,3,3,1025524.29,39936,303187,149399.0,70704.0,127236.5,205931.5,272934.0,12362116552.0,4125707872.3333335,7503532.5,14734131.0,6188425341.5,1,1,4,1.1875,1.0,1.0,1.0,3,3,3.0,3.0,3.0,3.0,"Hypergraph(num_v=19, num_e=4)",True,0.14939212799072266
964,STATS,113-113-augF1-full1,orig,15.131578922271729,15.72731065750122,0,4,6,3,3,1037804.96,40431,303187,149522.75,70827.75,127236.5,205931.5,276317.0,12515342907.0,4176845327.3333335,7596537.5,14916758.0,6265129832.5,1,1,4,1.1875,1.0,1.0,1.0,3,3,3.0,3.0,3.0,3.0,"Hypergraph(num_v=19, num_e=4)",False,0.5957317352294922
965,STATS,113-113-augF1-full2,orig,15.567580461502075,15.80814504623413,0,4,6,3,3,1037804.96,40431,303187,149522.75,70827.75,127236.5,205931.5,276317.0,12515342907.0,4176845327.3333335,7596537.5,14916758.0,6265129832.5,1,1,4,1.1875,1.0,1.0,1.0,3,3,3.0,3.0,3.0,3.0,"Hypergraph(num_v=19, num_e=4)",False,0.24056458473205566
966,STATS,113-113-augF1-full3,orig,15.387816190719604,15.836854696273804,0,4,6,3,3,1037804.96,40431,303187,149522.75,70827.75,127236.5,205931.5,276317.0,12515342907.0,4176845327.3333335,7596537.5,14916758.0,6265129832.5,1,1,4,1.1875,1.0,1.0,1.0,3,3,3.0,3.0,3.0,3.0,"Hypergraph(num_v=19, num_e=4)",False,0.4490385055541992
967,STATS,113-113-augF2-full1,orig,2.098994493484497,2.174358367919922,0,4,6,3,3,424235.83,39936,303187,121491.0,56394.75,71420.5,136516.75,272934.0,4408777082.0,1474594715.6666667,7503532.5,14734131.0,2211755606.5,1,1,4,1.1875,1.0,1.0,1.0,3,3,3.0,3.0,3.0,3.0,"Hypergraph(num_v=19, num_e=4)",False,0.0753638744354248
968,STATS,113-113-augF2-full2,orig,2.1028873920440674,2.165113687515259,0,4,6,3,3,424235.83,39936,303187,121491.0,56394.75,71420.5,136516.75,272934.0,4408777082.0,1474594715.6666667,7503532.5,14734131.0,2211755606.5,1,1,4,1.1875,1.0,1.0,1.0,3,3,3.0,3.0,3.0,3.0,"Hypergraph(num_v=19, num_e=4)",False,0.062226295471191406
969,STATS,113-113-augF2-full3,orig,2.0960121154785156,2.1718544960021973,0,4,6,3,3,424235.83,39936,303187,121491.0,56394.75,71420.5,136516.75,272934.0,4408777082.0,1474594715.6666667,7503532.5,14734131.0,2211755606.5,1,1,4,1.1875,1.0,1.0,1.0,3,3,3.0,3.0,3.0,3.0,"Hypergraph(num_v=19, num_e=4)",False,0.07584238052368164
970,STATS,114-049-full1,rewr,5.5430943965911865,5.065774202346802,0,5,14,10,4,25437.08,1,90086,39026.0,798.0,25007.0,79238.0,85.0,178546811.0,44723355.5,301.75,173263.0,44896316.75,1,1,5,1.1538461538461535,1.0,1.0,1.0,4,4,4.0,4.0,4.0,4.0,"Hypergraph(num_v=30, num_e=5)",True,-0.47732019424438477
971,STATS,114-049-full2,rewr,5.542557239532471,5.047467470169067,0,5,14,10,4,25437.08,1,90086,39026.0,798.0,25007.0,79238.0,85.0,178546811.0,44723355.5,301.75,173263.0,44896316.75,1,1,5,1.1538461538461535,1.0,1.0,1.0,4,4,4.0,4.0,4.0,4.0,"Hypergraph(num_v=30, num_e=5)",True,-0.4950897693634033
972,STATS,114-049-full3,rewr,5.509805679321289,4.991827964782715,0,5,14,10,4,25437.08,1,90086,39026.0,798.0,25007.0,79238.0,85.0,178546811.0,44723355.5,301.75,173263.0,44896316.75,1,1,5,1.1538461538461535,1.0,1.0,1.0,4,4,4.0,4.0,4.0,4.0,"Hypergraph(num_v=30, num_e=5)",True,-0.5179777145385742
973,STATS,114-049-augF1-full1,orig,0.17702507972717285,0.3519909381866455,0,5,14,10,4,20422.4,1,90086,39026.0,798.0,25007.0,79238.0,41.0,87236069.0,21851354.75,147.5,84654.5,21935861.75,1,1,5,1.1538461538461535,1.0,1.0,1.0,4,4,4.0,4.0,4.0,4.0,"Hypergraph(num_v=30, num_e=5)",False,0.17496585845947266
974,STATS,114-049-augF1-full2,orig,0.17874789237976074,0.3711278438568115,0,5,14,10,4,20422.4,1,90086,39026.0,798.0,25007.0,79238.0,41.0,87236069.0,21851354.75,147.5,84654.5,21935861.75,1,1,5,1.1538461538461535,1.0,1.0,1.0,4,4,4.0,4.0,4.0,4.0,"Hypergraph(num_v=30, num_e=5)",False,0.19237995147705078
975,STATS,114-049-augF1-full3,orig,0.18201971054077148,0.36482763290405273,0,5,14,10,4,20422.4,1,90086,39026.0,798.0,25007.0,79238.0,41.0,87236069.0,21851354.75,147.5,84654.5,21935861.75,1,1,5,1.1538461538461535,1.0,1.0,1.0,4,4,4.0,4.0,4.0,4.0,"Hypergraph(num_v=30, num_e=5)",False,0.18280792236328125
976,STATS,114-049-augF2-full1,rewr,5.554189920425415,5.041595220565796,0,5,14,10,4,25479.98,1,90470,39102.8,798.0,25007.0,79238.0,85.0,179307936.0,44914008.0,301.75,174005.5,45087711.75,1,1,5,1.1538461538461535,1.0,1.0,1.0,4,4,4.0,4.0,4.0,4.0,"Hypergraph(num_v=30, num_e=5)",False,-0.5125946998596191
977,STATS,114-049-augF2-full2,rewr,5.592692852020264,5.013411283493042,0,5,14,10,4,25479.98,1,90470,39102.8,798.0,25007.0,79238.0,85.0,179307936.0,44914008.0,301.75,174005.5,45087711.75,1,1,5,1.1538461538461535,1.0,1.0,1.0,4,4,4.0,4.0,4.0,4.0,"Hypergraph(num_v=30, num_e=5)",False,-0.5792815685272217
978,STATS,114-049-augF2-full3,rewr,5.564026355743408,5.083142995834351,0,5,14,10,4,25479.98,1,90470,39102.8,798.0,25007.0,79238.0,85.0,179307936.0,44914008.0,301.75,174005.5,45087711.75,1,1,5,1.1538461538461535,1.0,1.0,1.0,4,4,4.0,4.0,4.0,4.0,"Hypergraph(num_v=30, num_e=5)",False,-0.4808833599090576
979,STATS,115-144-full1,orig,6.061918497085571,6.189710378646851,0,6,11,6,5,70506.36,40802,328064,161624.0,52149.5,127542.5,270966.5,79854.0,33012537.0,6877728.2,80743.0,266159.0,949348.0,1,1,4,1.1666666666666667,1.0,1.0,1.0,5,5,5.0,5.0,5.0,5.0,"Hypergraph(num_v=35, num_e=6)",True,0.1277918815612793
980,STATS,115-144-full2,orig,6.06606388092041,6.225664138793945,0,6,11,6,5,70506.36,40802,328064,161624.0,52149.5,127542.5,270966.5,79854.0,33012537.0,6877728.2,80743.0,266159.0,949348.0,1,1,4,1.1666666666666667,1.0,1.0,1.0,5,5,5.0,5.0,5.0,5.0,"Hypergraph(num_v=35, num_e=6)",True,0.15960025787353516
981,STATS,115-144-full3,rewr,6.165503740310669,6.1415324211120605,0,6,11,6,5,70506.36,40802,328064,161624.0,52149.5,127542.5,270966.5,79854.0,33012537.0,6877728.2,80743.0,266159.0,949348.0,1,1,4,1.1666666666666667,1.0,1.0,1.0,5,5,5.0,5.0,5.0,5.0,"Hypergraph(num_v=35, num_e=6)",True,-0.0239713191986084
982,STATS,115-144-augF1-full1,orig,0.030648469924926758,0.11407899856567383,0,6,11,6,5,17797.21,1,192979,92439.66666666669,20195.75,91656.0,159391.75,1.0,869.0,177.8,1.0,4.0,14.0,1,1,4,1.1666666666666667,1.0,1.0,1.0,5,5,5.0,5.0,5.0,5.0,"Hypergraph(num_v=35, num_e=6)",False,0.08343052864074707
983,STATS,115-144-augF1-full2,orig,0.03076910972595215,0.11452937126159668,0,6,11,6,5,17797.21,1,192979,92439.66666666669,20195.75,91656.0,159391.75,1.0,869.0,177.8,1.0,4.0,14.0,1,1,4,1.1666666666666667,1.0,1.0,1.0,5,5,5.0,5.0,5.0,5.0,"Hypergraph(num_v=35, num_e=6)",False,0.08376026153564453
984,STATS,115-144-augF1-full3,orig,0.03121185302734375,0.11299586296081543,0,6,11,6,5,17797.21,1,192979,92439.66666666669,20195.75,91656.0,159391.75,1.0,869.0,177.8,1.0,4.0,14.0,1,1,4,1.1666666666666667,1.0,1.0,1.0,5,5,5.0,5.0,5.0,5.0,"Hypergraph(num_v=35, num_e=6)",False,0.08178400993347168
985,STATS,115-144-augF2-full1,orig,0.2132244110107422,0.5909950733184814,0,6,11,6,5,51354.83,18685,328064,157937.83333333334,52149.5,127542.5,270966.5,36024.0,15117868.0,3155389.4,80743.0,118750.0,423562.0,1,1,4,1.1666666666666667,1.0,1.0,1.0,5,5,5.0,5.0,5.0,5.0,"Hypergraph(num_v=35, num_e=6)",False,0.37777066230773926
986,STATS,115-144-augF2-full2,orig,0.210862398147583,0.5811009407043457,0,6,11,6,5,51354.83,18685,328064,157937.83333333334,52149.5,127542.5,270966.5,36024.0,15117868.0,3155389.4,80743.0,118750.0,423562.0,1,1,4,1.1666666666666667,1.0,1.0,1.0,5,5,5.0,5.0,5.0,5.0,"Hypergraph(num_v=35, num_e=6)",False,0.3702385425567627
987,STATS,115-144-augF2-full3,orig,0.21362948417663574,0.6005454063415527,0,6,11,6,5,51354.83,18685,328064,157937.83333333334,52149.5,127542.5,270966.5,36024.0,15117868.0,3155389.4,80743.0,118750.0,423562.0,1,1,4,1.1666666666666667,1.0,1.0,1.0,5,5,5.0,5.0,5.0,5.0,"Hypergraph(num_v=35, num_e=6)",False,0.386915922164917
988,STATS,116-032-full1,orig,5.280736923217773,5.525528907775879,0,4,14,11,3,115518.47,40511,324543,202026.0,139526.0,221525.0,284025.0,34551.0,1090275722.0,363872381.6666667,670711.5,1306872.0,545791297.0,1,1,4,1.1578947368421053,1.0,1.0,1.0,3,3,3.0,3.0,3.0,3.0,"Hypergraph(num_v=22, num_e=4)",True,0.24479198455810547
989,STATS,116-032-full2,orig,5.296315431594849,5.5489606857299805,0,4,14,11,3,115518.47,40511,324543,202026.0,139526.0,221525.0,284025.0,34551.0,1090275722.0,363872381.6666667,670711.5,1306872.0,545791297.0,1,1,4,1.1578947368421053,1.0,1.0,1.0,3,3,3.0,3.0,3.0,3.0,"Hypergraph(num_v=22, num_e=4)",True,0.25264525413513184
990,STATS,116-032-full3,orig,5.288652420043945,5.497764348983765,0,4,14,11,3,115518.47,40511,324543,202026.0,139526.0,221525.0,284025.0,34551.0,1090275722.0,363872381.6666667,670711.5,1306872.0,545791297.0,1,1,4,1.1578947368421053,1.0,1.0,1.0,3,3,3.0,3.0,3.0,3.0,"Hypergraph(num_v=22, num_e=4)",True,0.20911192893981934
991,STATS,116-032-augF1-full1,orig,5.321877479553223,5.546599864959717,0,4,14,11,3,116524.17,40511,327520,202770.25,139526.0,221525.0,284769.25,34867.0,1100276711.0,367210145.6666667,676863.0,1318859.0,550797785.0,1,1,4,1.1578947368421053,1.0,1.0,1.0,3,3,3.0,3.0,3.0,3.0,"Hypergraph(num_v=22, num_e=4)",False,0.22472238540649414
992,STATS,116-032-augF1-full2,orig,5.274787425994873,5.582651376724243,0,4,14,11,3,116524.17,40511,327520,202770.25,139526.0,221525.0,284769.25,34867.0,1100276711.0,367210145.6666667,676863.0,1318859.0,550797785.0,1,1,4,1.1578947368421053,1.0,1.0,1.0,3,3,3.0,3.0,3.0,3.0,"Hypergraph(num_v=22, num_e=4)",False,0.3078639507293701
993,STATS,116-032-augF1-full3,orig,5.276473045349121,5.496175050735474,0,4,14,11,3,116524.17,40511,327520,202770.25,139526.0,221525.0,284769.25,34867.0,1100276711.0,367210145.6666667,676863.0,1318859.0,550797785.0,1,1,4,1.1578947368421053,1.0,1.0,1.0,3,3,3.0,3.0,3.0,3.0,"Hypergraph(num_v=22, num_e=4)",False,0.21970200538635254
994,STATS,116-032-augF2-full1,orig,0.4215545654296875,0.7278482913970947,0,4,14,11,3,112632.77,39151,324543,201686.0,139186.0,221525.0,284025.0,33391.0,1053673935.0,351656774.6666667,648194.5,1262998.0,527468466.5,1,1,4,1.1578947368421053,1.0,1.0,1.0,3,3,3.0,3.0,3.0,3.0,"Hypergraph(num_v=22, num_e=4)",False,0.3062937259674072
995,STATS,116-032-augF2-full2,orig,0.42212700843811035,0.7190847396850586,0,4,14,11,3,112632.77,39151,324543,201686.0,139186.0,221525.0,284025.0,33391.0,1053673935.0,351656774.6666667,648194.5,1262998.0,527468466.5,1,1,4,1.1578947368421053,1.0,1.0,1.0,3,3,3.0,3.0,3.0,3.0,"Hypergraph(num_v=22, num_e=4)",False,0.29695773124694824
996,STATS,116-032-augF2-full3,orig,0.4220900535583496,0.7157166004180908,0,4,14,11,3,112632.77,39151,324543,201686.0,139186.0,221525.0,284025.0,33391.0,1053673935.0,351656774.6666667,648194.5,1262998.0,527468466.5,1,1,4,1.1578947368421053,1.0,1.0,1.0,3,3,3.0,3.0,3.0,3.0,"Hypergraph(num_v=22, num_e=4)",False,0.2936265468597412
997,STATS,117-114-full1,orig,5.154928684234619,5.357743501663208,0,4,12,9,3,292466.57,37863,174305,94710.75,69447.0,83337.5,108601.25,73364.0,3325932187.0,1109983881.0,2009728.0,3946092.0,1664939139.5,1,1,4,1.1875,1.0,1.0,1.0,3,3,3.0,3.0,3.0,3.0,"Hypergraph(num_v=19, num_e=4)",True,0.20281481742858887
998,STATS,117-114-full2,orig,5.198657751083374,5.409857511520386,0,4,12,9,3,292466.57,37863,174305,94710.75,69447.0,83337.5,108601.25,73364.0,3325932187.0,1109983881.0,2009728.0,3946092.0,1664939139.5,1,1,4,1.1875,1.0,1.0,1.0,3,3,3.0,3.0,3.0,3.0,"Hypergraph(num_v=19, num_e=4)",True,0.21119976043701172
999,STATS,117-114-full3,orig,5.1809046268463135,5.299354791641235,0,4,12,9,3,292466.57,37863,174305,94710.75,69447.0,83337.5,108601.25,73364.0,3325932187.0,1109983881.0,2009728.0,3946092.0,1664939139.5,1,1,4,1.1875,1.0,1.0,1.0,3,3,3.0,3.0,3.0,3.0,"Hypergraph(num_v=19, num_e=4)",True,0.11845016479492188
1003,STATS,117-114-augF2-full1,rewr,1.8393769264221191,1.8086590766906738,0,4,12,9,3,98099.79,23916,174305,80696.0,34376.25,62281.5,108601.25,21939.0,994598240.0,331933410.6666667,600996.0,1180053.0,497889146.5,1,1,4,1.1875,1.0,1.0,1.0,3,3,3.0,3.0,3.0,3.0,"Hypergraph(num_v=19, num_e=4)",False,-0.030717849731445312
1004,STATS,117-114-augF2-full2,orig,1.8114421367645264,1.8242902755737305,0,4,12,9,3,98099.79,23916,174305,80696.0,34376.25,62281.5,108601.25,21939.0,994598240.0,331933410.6666667,600996.0,1180053.0,497889146.5,1,1,4,1.1875,1.0,1.0,1.0,3,3,3.0,3.0,3.0,3.0,"Hypergraph(num_v=19, num_e=4)",False,0.012848138809204102
1005,STATS,117-114-augF2-full3,orig,1.8168432712554932,1.819488286972046,0,4,12,9,3,98099.79,23916,174305,80696.0,34376.25,62281.5,108601.25,21939.0,994598240.0,331933410.6666667,600996.0,1180053.0,497889146.5,1,1,4,1.1875,1.0,1.0,1.0,3,3,3.0,3.0,3.0,3.0,"Hypergraph(num_v=19, num_e=4)",False,0.0026450157165527344
1006,STATS,118-074-full1,orig,11.329040765762329,11.376385927200317,0,6,11,6,5,33976.43,8713,328064,156084.0,51196.25,127632.5,270966.5,16512.0,6844591.0,1438127.2,54430.0,80960.0,194143.0,1,1,4,1.1666666666666667,1.0,1.0,1.0,5,5,5.0,5.0,5.0,5.0,"Hypergraph(num_v=35, num_e=6)",True,0.04734516143798828
1007,STATS,118-074-full2,rewr,11.646909713745117,11.560763120651245,0,6,11,6,5,33976.43,8713,328064,156084.0,51196.25,127632.5,270966.5,16512.0,6844591.0,1438127.2,54430.0,80960.0,194143.0,1,1,4,1.1666666666666667,1.0,1.0,1.0,5,5,5.0,5.0,5.0,5.0,"Hypergraph(num_v=35, num_e=6)",True,-0.08614659309387207
1008,STATS,118-074-full3,rewr,11.482635736465454,11.375395774841309,0,6,11,6,5,33976.43,8713,328064,156084.0,51196.25,127632.5,270966.5,16512.0,6844591.0,1438127.2,54430.0,80960.0,194143.0,1,1,4,1.1666666666666667,1.0,1.0,1.0,5,5,5.0,5.0,5.0,5.0,"Hypergraph(num_v=35, num_e=6)",True,-0.10723996162414551
1009,STATS,118-074-augF1-full1,orig,0.031199932098388672,0.08194255828857422,0,6,11,6,5,18365.37,1,192979,92470.83333333331,20246.0,91746.0,159391.75,9.0,6170.0,1264.0,9.0,31.0,101.0,1,1,4,1.1666666666666667,1.0,1.0,1.0,5,5,5.0,5.0,5.0,5.0,"Hypergraph(num_v=35, num_e=6)",False,0.05074262619018555
1010,STATS,118-074-augF1-full2,orig,0.029515743255615234,0.08064079284667969,0,6,11,6,5,18365.37,1,192979,92470.83333333331,20246.0,91746.0,159391.75,9.0,6170.0,1264.0,9.0,31.0,101.0,1,1,4,1.1666666666666667,1.0,1.0,1.0,5,5,5.0,5.0,5.0,5.0,"Hypergraph(num_v=35, num_e=6)",False,0.05112504959106445
1011,STATS,118-074-augF1-full3,orig,0.029494285583496094,0.0812230110168457,0,6,11,6,5,18365.37,1,192979,92470.83333333331,20246.0,91746.0,159391.75,9.0,6170.0,1264.0,9.0,31.0,101.0,1,1,4,1.1666666666666667,1.0,1.0,1.0,5,5,5.0,5.0,5.0,5.0,"Hypergraph(num_v=35, num_e=6)",False,0.05172872543334961
1012,STATS,118-074-augF2-full1,rewr,12.835600852966309,12.525563716888428,0,6,11,6,5,34060.4,8802,328064,156098.83333333334,51196.25,127632.5,270966.5,16681.0,6914643.0,1452680.2,54987.0,80960.0,196130.0,1,1,4,1.1666666666666667,1.0,1.0,1.0,5,5,5.0,5.0,5.0,5.0,"Hypergraph(num_v=35, num_e=6)",False,-0.31003713607788086
1013,STATS,118-074-augF2-full2,rewr,13.068645715713501,12.63145661354065,0,6,11,6,5,34060.4,8802,328064,156098.83333333334,51196.25,127632.5,270966.5,16681.0,6914643.0,1452680.2,54987.0,80960.0,196130.0,1,1,4,1.1666666666666667,1.0,1.0,1.0,5,5,5.0,5.0,5.0,5.0,"Hypergraph(num_v=35, num_e=6)",False,-0.43718910217285156
1014,STATS,118-074-augF2-full3,rewr,13.049323797225952,12.719012022018433,0,6,11,6,5,34060.4,8802,328064,156098.83333333334,51196.25,127632.5,270966.5,16681.0,6914643.0,1452680.2,54987.0,80960.0,196130.0,1,1,4,1.1666666666666667,1.0,1.0,1.0,5,5,5.0,5.0,5.0,5.0,"Hypergraph(num_v=35, num_e=6)",False,-0.33031177520751953
1015,STATS,119-098-full1,rewr,11.701613187789917,10.796570301055908,0,4,9,6,3,93547.93,39902,325524,145572.75,41895.5,108432.5,212109.75,34134.0,655243865.0,218795567.0,571418.0,1108702.0,328176283.5,1,1,4,1.125,1.0,1.0,1.0,3,3,3.0,3.0,3.0,3.0,"Hypergraph(num_v=27, num_e=4)",True,-0.9050428867340088
1016,STATS,119-098-full2,rewr,11.771099328994751,10.974933624267578,0,4,9,6,3,93547.93,39902,325524,145572.75,41895.5,108432.5,212109.75,34134.0,655243865.0,218795567.0,571418.0,1108702.0,328176283.5,1,1,4,1.125,1.0,1.0,1.0,3,3,3.0,3.0,3.0,3.0,"Hypergraph(num_v=27, num_e=4)",True,-0.7961657047271729
1017,STATS,119-098-full3,rewr,11.620322465896606,10.902188062667847,0,4,9,6,3,93547.93,39902,325524,145572.75,41895.5,108432.5,212109.75,34134.0,655243865.0,218795567.0,571418.0,1108702.0,328176283.5,1,1,4,1.125,1.0,1.0,1.0,3,3,3.0,3.0,3.0,3.0,"Hypergraph(num_v=27, num_e=4)",True,-0.7181344032287598
1018,STATS,119-098-augF1-full1,rewr,11.769888162612915,11.099960327148438,0,4,9,6,3,93625.3,39902,325524,145584.25,41930.0,108455.5,212109.75,34134.0,655952070.0,219032035.0,572017.5,1109901.0,328530985.5,1,1,4,1.125,1.0,1.0,1.0,3,3,3.0,3.0,3.0,3.0,"Hypergraph(num_v=27, num_e=4)",False,-0.6699278354644775
1019,STATS,119-098-augF1-full2,rewr,11.638784646987915,10.835942268371582,0,4,9,6,3,93625.3,39902,325524,145584.25,41930.0,108455.5,212109.75,34134.0,655952070.0,219032035.0,572017.5,1109901.0,328530985.5,1,1,4,1.125,1.0,1.0,1.0,3,3,3.0,3.0,3.0,3.0,"Hypergraph(num_v=27, num_e=4)",False,-0.802842378616333
1020,STATS,119-098-augF1-full3,rewr,11.679415941238403,10.687170267105103,0,4,9,6,3,93625.3,39902,325524,145584.25,41930.0,108455.5,212109.75,34134.0,655952070.0,219032035.0,572017.5,1109901.0,328530985.5,1,1,4,1.125,1.0,1.0,1.0,3,3,3.0,3.0,3.0,3.0,"Hypergraph(num_v=27, num_e=4)",False,-0.9922456741333008
1021,STATS,119-098-augF2-full1,orig,0.013931512832641602,0.022328615188598633,0,4,9,6,3,12260.14,1,191485,91448.0,1.0,87153.0,178600.0,15.0,15396.0,5142.333333333333,15.5,16.0,7706.0,1,1,4,1.125,1.0,1.0,1.0,3,3,3.0,3.0,3.0,3.0,"Hypergraph(num_v=27, num_e=4)",False,0.008397102355957031
1022,STATS,119-098-augF2-full2,orig,0.013750553131103516,0.021530628204345703,0,4,9,6,3,12260.14,1,191485,91448.0,1.0,87153.0,178600.0,15.0,15396.0,5142.333333333333,15.5,16.0,7706.0,1,1,4,1.125,1.0,1.0,1.0,3,3,3.0,3.0,3.0,3.0,"Hypergraph(num_v=27, num_e=4)",False,0.0077800750732421875
1023,STATS,119-098-augF2-full3,orig,0.013777017593383789,0.022169828414916992,0,4,9,6,3,12260.14,1,191485,91448.0,1.0,87153.0,178600.0,15.0,15396.0,5142.333333333333,15.5,16.0,7706.0,1,1,4,1.125,1.0,1.0,1.0,3,3,3.0,3.0,3.0,3.0,"Hypergraph(num_v=27, num_e=4)",False,0.008392810821533203
1024,STATS,120-115-full1,orig,11.71329665184021,11.847328662872314,0,4,9,6,3,1011029.63,40802,303187,148509.5,69533.75,125024.5,204000.25,278853.0,12158575517.0,4057854734.6666665,7494343.5,14709834.0,6086642675.5,1,1,4,1.1875,1.0,1.0,1.0,3,3,3.0,3.0,3.0,3.0,"Hypergraph(num_v=19, num_e=4)",True,0.1340320110321045
1025,STATS,120-115-full2,orig,11.553803443908691,11.806761741638184,0,4,9,6,3,1011029.63,40802,303187,148509.5,69533.75,125024.5,204000.25,278853.0,12158575517.0,4057854734.6666665,7494343.5,14709834.0,6086642675.5,1,1,4,1.1875,1.0,1.0,1.0,3,3,3.0,3.0,3.0,3.0,"Hypergraph(num_v=19, num_e=4)",True,0.2529582977294922
1026,STATS,120-115-full3,rewr,11.98641037940979,11.856053113937378,0,4,9,6,3,1011029.63,40802,303187,148509.5,69533.75,125024.5,204000.25,278853.0,12158575517.0,4057854734.6666665,7494343.5,14709834.0,6086642675.5,1,1,4,1.1875,1.0,1.0,1.0,3,3,3.0,3.0,3.0,3.0,"Hypergraph(num_v=19, num_e=4)",True,-0.1303572654724121
1027,STATS,120-115-augF1-full1,orig,18.665953397750854,18.83847689628601,0,4,9,6,3,1016100.63,41014,303187,148562.5,69586.75,125024.5,204000.25,280301.0,12221749333.0,4078938632.6666665,7533282.5,14786264.0,6118267798.5,1,1,4,1.1875,1.0,1.0,1.0,3,3,3.0,3.0,3.0,3.0,"Hypergraph(num_v=19, num_e=4)",False,0.17252349853515625
1028,STATS,120-115-augF1-full2,orig,18.79361891746521,19.123708963394165,0,4,9,6,3,1016100.63,41014,303187,148562.5,69586.75,125024.5,204000.25,280301.0,12221749333.0,4078938632.6666665,7533282.5,14786264.0,6118267798.5,1,1,4,1.1875,1.0,1.0,1.0,3,3,3.0,3.0,3.0,3.0,"Hypergraph(num_v=19, num_e=4)",False,0.3300900459289551
1029,STATS,120-115-augF1-full3,orig,18.539916276931763,19.667712450027466,0,4,9,6,3,1016100.63,41014,303187,148562.5,69586.75,125024.5,204000.25,280301.0,12221749333.0,4078938632.6666665,7533282.5,14786264.0,6118267798.5,1,1,4,1.1875,1.0,1.0,1.0,3,3,3.0,3.0,3.0,3.0,"Hypergraph(num_v=19, num_e=4)",False,1.1277961730957031
1030,STATS,120-115-augF2-full1,rewr,11.568281888961792,11.303767442703247,0,4,9,6,3,345966.48,13045,303187,141570.25,62594.5,125024.5,204000.25,89153.0,3887275566.0,1297355890.0,2396052.0,4702951.0,1945989258.5,1,1,4,1.1875,1.0,1.0,1.0,3,3,3.0,3.0,3.0,3.0,"Hypergraph(num_v=19, num_e=4)",False,-0.2645144462585449
1031,STATS,120-115-augF2-full2,rewr,11.59696626663208,11.027384519577026,0,4,9,6,3,345966.48,13045,303187,141570.25,62594.5,125024.5,204000.25,89153.0,3887275566.0,1297355890.0,2396052.0,4702951.0,1945989258.5,1,1,4,1.1875,1.0,1.0,1.0,3,3,3.0,3.0,3.0,3.0,"Hypergraph(num_v=19, num_e=4)",False,-0.5695817470550537
1032,STATS,120-115-augF2-full3,rewr,11.65462613105774,11.081239461898804,0,4,9,6,3,345966.48,13045,303187,141570.25,62594.5,125024.5,204000.25,89153.0,3887275566.0,1297355890.0,2396052.0,4702951.0,1945989258.5,1,1,4,1.1875,1.0,1.0,1.0,3,3,3.0,3.0,3.0,3.0,"Hypergraph(num_v=19, num_e=4)",False,-0.5733866691589355
1033,STATS,121-097-full1,rewr,15.92385196685791,14.35767126083374,0,4,16,13,3,20328.88,2576,328064,136039.25,31307.75,106758.5,211490.0,2515.0,40560534.0,13544115.0,35905.5,69296.0,20314915.0,1,1,4,1.125,1.0,1.0,1.0,3,3,3.0,3.0,3.0,3.0,"Hypergraph(num_v=27, num_e=4)",True,-1.56618070602417
1034,STATS,121-097-full2,rewr,16.01055383682251,14.459559917449951,0,4,16,13,3,20328.88,2576,328064,136039.25,31307.75,106758.5,211490.0,2515.0,40560534.0,13544115.0,35905.5,69296.0,20314915.0,1,1,4,1.125,1.0,1.0,1.0,3,3,3.0,3.0,3.0,3.0,"Hypergraph(num_v=27, num_e=4)",True,-1.5509939193725586
1035,STATS,121-097-full3,rewr,15.8626229763031,14.52550745010376,0,4,16,13,3,20328.88,2576,328064,136039.25,31307.75,106758.5,211490.0,2515.0,40560534.0,13544115.0,35905.5,69296.0,20314915.0,1,1,4,1.125,1.0,1.0,1.0,3,3,3.0,3.0,3.0,3.0,"Hypergraph(num_v=27, num_e=4)",True,-1.3371155261993408
1036,STATS,121-097-augF1-full1,orig,0.11448383331298828,0.28804445266723633,0,4,16,13,3,14346.45,1,192979,91409.25,19.0,86328.5,177718.75,24.0,393634.0,131351.33333333334,210.0,396.0,197015.0,1,1,4,1.125,1.0,1.0,1.0,3,3,3.0,3.0,3.0,3.0,"Hypergraph(num_v=27, num_e=4)",False,0.17356061935424805
1037,STATS,121-097-augF1-full2,orig,0.11424469947814941,0.2767624855041504,0,4,16,13,3,14346.45,1,192979,91409.25,19.0,86328.5,177718.75,24.0,393634.0,131351.33333333334,210.0,396.0,197015.0,1,1,4,1.125,1.0,1.0,1.0,3,3,3.0,3.0,3.0,3.0,"Hypergraph(num_v=27, num_e=4)",False,0.16251778602600098
1038,STATS,121-097-augF1-full3,orig,0.11513853073120117,0.2831301689147949,0,4,16,13,3,14346.45,1,192979,91409.25,19.0,86328.5,177718.75,24.0,393634.0,131351.33333333334,210.0,396.0,197015.0,1,1,4,1.125,1.0,1.0,1.0,3,3,3.0,3.0,3.0,3.0,"Hypergraph(num_v=27, num_e=4)",False,0.16799163818359375
1039,STATS,121-097-augF2-full1,rewr,15.806450128555298,14.527050018310547,0,4,16,13,3,20344.97,2587,328064,136042.0,31310.5,106758.5,211490.0,2526.0,40733718.0,13601945.0,36058.5,69591.0,20401654.5,1,1,4,1.125,1.0,1.0,1.0,3,3,3.0,3.0,3.0,3.0,"Hypergraph(num_v=27, num_e=4)",False,-1.279400110244751
1040,STATS,121-097-augF2-full2,rewr,16.338735342025757,15.394897222518921,0,4,16,13,3,20344.97,2587,328064,136042.0,31310.5,106758.5,211490.0,2526.0,40733718.0,13601945.0,36058.5,69591.0,20401654.5,1,1,4,1.125,1.0,1.0,1.0,3,3,3.0,3.0,3.0,3.0,"Hypergraph(num_v=27, num_e=4)",False,-0.9438381195068359
1041,STATS,121-097-augF2-full3,rewr,15.98080039024353,14.47587513923645,0,4,16,13,3,20344.97,2587,328064,136042.0,31310.5,106758.5,211490.0,2526.0,40733718.0,13601945.0,36058.5,69591.0,20401654.5,1,1,4,1.125,1.0,1.0,1.0,3,3,3.0,3.0,3.0,3.0,"Hypergraph(num_v=27, num_e=4)",False,-1.50492525100708
1042,STATS,122-071-full1,rewr,16.67633032798767,16.028533220291138,0,6,8,3,5,31643.41,12050,102532,60238.0,28615.5,67297.0,89222.0,2634.0,727646.0,149995.4,2656.0,4991.0,12050.0,1,1,5,1.1724137931034482,1.0,1.0,1.0,5,5,5.0,5.0,5.0,5.0,"Hypergraph(num_v=34, num_e=6)",True,-0.6477971076965332
1043,STATS,122-071-full2,rewr,16.603474378585815,15.742160081863403,0,6,8,3,5,31643.41,12050,102532,60238.0,28615.5,67297.0,89222.0,2634.0,727646.0,149995.4,2656.0,4991.0,12050.0,1,1,5,1.1724137931034482,1.0,1.0,1.0,5,5,5.0,5.0,5.0,5.0,"Hypergraph(num_v=34, num_e=6)",True,-0.8613142967224121
1044,STATS,122-071-full3,rewr,16.562296390533447,15.810545206069946,0,6,8,3,5,31643.41,12050,102532,60238.0,28615.5,67297.0,89222.0,2634.0,727646.0,149995.4,2656.0,4991.0,12050.0,1,1,5,1.1724137931034482,1.0,1.0,1.0,5,5,5.0,5.0,5.0,5.0,"Hypergraph(num_v=34, num_e=6)",True,-0.751751184463501
1045,STATS,122-071-augF1-full1,orig,0.02256155014038086,0.20102882385253906,0,6,8,3,5,16859.25,1,102532,44908.833333333336,14106.5,36955.0,74128.5,1.0,86.0,18.0,1.0,1.0,1.0,1,1,5,1.1724137931034482,1.0,1.0,1.0,5,5,5.0,5.0,5.0,5.0,"Hypergraph(num_v=34, num_e=6)",False,0.1784672737121582
1046,STATS,122-071-augF1-full2,orig,0.020966291427612305,0.19598627090454102,0,6,8,3,5,16859.25,1,102532,44908.833333333336,14106.5,36955.0,74128.5,1.0,86.0,18.0,1.0,1.0,1.0,1,1,5,1.1724137931034482,1.0,1.0,1.0,5,5,5.0,5.0,5.0,5.0,"Hypergraph(num_v=34, num_e=6)",False,0.1750199794769287
1047,STATS,122-071-augF1-full3,orig,0.021156787872314453,0.19653105735778809,0,6,8,3,5,16859.25,1,102532,44908.833333333336,14106.5,36955.0,74128.5,1.0,86.0,18.0,1.0,1.0,1.0,1,1,5,1.1724137931034482,1.0,1.0,1.0,5,5,5.0,5.0,5.0,5.0,"Hypergraph(num_v=34, num_e=6)",False,0.17537426948547363
1048,STATS,122-071-augF2-full1,rewr,19.370153427124023,18.663159132003784,0,6,8,3,5,28574.47,12050,102532,58114.833333333336,25430.75,60927.5,89222.0,2008.0,554826.0,115069.0,2656.0,3805.0,12050.0,1,1,5,1.1724137931034482,1.0,1.0,1.0,5,5,5.0,5.0,5.0,5.0,"Hypergraph(num_v=34, num_e=6)",False,-0.7069942951202393
1049,STATS,122-071-augF2-full2,rewr,19.705647706985474,19.219923734664917,0,6,8,3,5,28574.47,12050,102532,58114.833333333336,25430.75,60927.5,89222.0,2008.0,554826.0,115069.0,2656.0,3805.0,12050.0,1,1,5,1.1724137931034482,1.0,1.0,1.0,5,5,5.0,5.0,5.0,5.0,"Hypergraph(num_v=34, num_e=6)",False,-0.48572397232055664
1050,STATS,122-071-augF2-full3,rewr,19.648619890213013,18.630640029907227,0,6,8,3,5,28574.47,12050,102532,58114.833333333336,25430.75,60927.5,89222.0,2008.0,554826.0,115069.0,2656.0,3805.0,12050.0,1,1,5,1.1724137931034482,1.0,1.0,1.0,5,5,5.0,5.0,5.0,5.0,"Hypergraph(num_v=34, num_e=6)",False,-1.0179798603057861
1051,STATS,123-047-full1,rewr,17.56811499595642,16.536898612976074,0,5,12,8,4,21215.07,1,174305,44547.6,798.0,4541.0,43093.0,300.0,159266031.0,39826767.75,303.0,20370.0,39846834.75,1,1,5,1.1428571428571428,1.0,1.0,1.0,4,4,4.0,4.0,4.0,4.0,"Hypergraph(num_v=32, num_e=5)",True,-1.0312163829803467
1052,STATS,123-047-full2,rewr,17.57483458518982,15.661945343017578,0,5,12,8,4,21215.07,1,174305,44547.6,798.0,4541.0,43093.0,300.0,159266031.0,39826767.75,303.0,20370.0,39846834.75,1,1,5,1.1428571428571428,1.0,1.0,1.0,4,4,4.0,4.0,4.0,4.0,"Hypergraph(num_v=32, num_e=5)",True,-1.9128892421722412
1053,STATS,123-047-full3,rewr,17.72462034225464,15.739721536636353,0,5,12,8,4,21215.07,1,174305,44547.6,798.0,4541.0,43093.0,300.0,159266031.0,39826767.75,303.0,20370.0,39846834.75,1,1,5,1.1428571428571428,1.0,1.0,1.0,4,4,4.0,4.0,4.0,4.0,"Hypergraph(num_v=32, num_e=5)",True,-1.9848988056182861
1054,STATS,123-047-augF1-full1,orig,0.03588080406188965,0.07329726219177246,0,5,12,8,4,16848.85,1,174305,40839.4,1.0,4541.0,25349.0,1.0,117453.0,29368.25,1.0,9.5,29376.75,1,1,5,1.1428571428571428,1.0,1.0,1.0,4,4,4.0,4.0,4.0,4.0,"Hypergraph(num_v=32, num_e=5)",False,0.03741645812988281
1055,STATS,123-047-augF1-full2,orig,0.035585641860961914,0.07126855850219727,0,5,12,8,4,16848.85,1,174305,40839.4,1.0,4541.0,25349.0,1.0,117453.0,29368.25,1.0,9.5,29376.75,1,1,5,1.1428571428571428,1.0,1.0,1.0,4,4,4.0,4.0,4.0,4.0,"Hypergraph(num_v=32, num_e=5)",False,0.03568291664123535
1056,STATS,123-047-augF1-full3,orig,0.03620791435241699,0.0752415657043457,0,5,12,8,4,16848.85,1,174305,40839.4,1.0,4541.0,25349.0,1.0,117453.0,29368.25,1.0,9.5,29376.75,1,1,5,1.1428571428571428,1.0,1.0,1.0,4,4,4.0,4.0,4.0,4.0,"Hypergraph(num_v=32, num_e=5)",False,0.03903365135192871
1057,STATS,123-047-augF2-full1,rewr,18.31136441230774,15.78774642944336,0,5,12,8,4,21260.42,1,174305,44563.0,798.0,4618.0,43093.0,305.0,161966700.0,40502109.0,308.0,20715.5,40522516.5,1,1,5,1.1428571428571428,1.0,1.0,1.0,4,4,4.0,4.0,4.0,4.0,"Hypergraph(num_v=32, num_e=5)",False,-2.52361798286438
1058,STATS,123-047-augF2-full2,rewr,17.61007571220398,15.708257675170898,0,5,12,8,4,21260.42,1,174305,44563.0,798.0,4618.0,43093.0,305.0,161966700.0,40502109.0,308.0,20715.5,40522516.5,1,1,5,1.1428571428571428,1.0,1.0,1.0,4,4,4.0,4.0,4.0,4.0,"Hypergraph(num_v=32, num_e=5)",False,-1.901818037033081
1059,STATS,123-047-augF2-full3,rewr,17.599953413009644,15.961608648300171,0,5,12,8,4,21260.42,1,174305,44563.0,798.0,4618.0,43093.0,305.0,161966700.0,40502109.0,308.0,20715.5,40522516.5,1,1,5,1.1428571428571428,1.0,1.0,1.0,4,4,4.0,4.0,4.0,4.0,"Hypergraph(num_v=32, num_e=5)",False,-1.6383447647094727
1060,STATS,124-070-full1,orig,22.76593255996704,22.918893814086914,0,6,16,11,5,29457.84,2638,178345,87937.33333333333,29047.75,90777.5,140155.5,346.0,513000.0,103673.4,382.0,1080.0,3559.0,1,1,5,1.1724137931034482,1.0,1.0,1.0,5,5,5.0,5.0,5.0,5.0,"Hypergraph(num_v=34, num_e=6)",True,0.15296125411987305
1061,STATS,124-070-full2,rewr,22.502808809280396,22.2291316986084,0,6,16,11,5,29457.84,2638,178345,87937.33333333333,29047.75,90777.5,140155.5,346.0,513000.0,103673.4,382.0,1080.0,3559.0,1,1,5,1.1724137931034482,1.0,1.0,1.0,5,5,5.0,5.0,5.0,5.0,"Hypergraph(num_v=34, num_e=6)",True,-0.27367711067199707
1062,STATS,124-070-full3,rewr,22.73329186439514,22.355348110198975,0,6,16,11,5,29457.84,2638,178345,87937.33333333333,29047.75,90777.5,140155.5,346.0,513000.0,103673.4,382.0,1080.0,3559.0,1,1,5,1.1724137931034482,1.0,1.0,1.0,5,5,5.0,5.0,5.0,5.0,"Hypergraph(num_v=34, num_e=6)",True,-0.377943754196167
1063,STATS,124-070-augF1-full1,rewr,23.575345277786255,22.61455202102661,0,6,16,11,5,29457.87,2640,178345,87937.66666666667,29047.75,90777.5,140155.5,346.0,513000.0,103673.4,382.0,1080.0,3559.0,1,1,5,1.1724137931034482,1.0,1.0,1.0,5,5,5.0,5.0,5.0,5.0,"Hypergraph(num_v=34, num_e=6)",False,-0.9607932567596436
1064,STATS,124-070-augF1-full2,rewr,23.395572900772095,22.132872343063354,0,6,16,11,5,29457.87,2640,178345,87937.66666666667,29047.75,90777.5,140155.5,346.0,513000.0,103673.4,382.0,1080.0,3559.0,1,1,5,1.1724137931034482,1.0,1.0,1.0,5,5,5.0,5.0,5.0,5.0,"Hypergraph(num_v=34, num_e=6)",False,-1.2627005577087402
1065,STATS,124-070-augF1-full3,rewr,23.02749466896057,22.10668706893921,0,6,16,11,5,29457.87,2640,178345,87937.66666666667,29047.75,90777.5,140155.5,346.0,513000.0,103673.4,382.0,1080.0,3559.0,1,1,5,1.1724137931034482,1.0,1.0,1.0,5,5,5.0,5.0,5.0,5.0,"Hypergraph(num_v=34, num_e=6)",False,-0.9208076000213623
1066,STATS,124-070-augF2-full1,orig,0.08374905586242676,0.5287961959838867,0,6,16,11,5,21750.84,391,178345,87562.83333333333,29047.75,90777.5,140155.5,51.0,75805.0,15319.6,56.0,160.0,526.0,1,1,5,1.1724137931034482,1.0,1.0,1.0,5,5,5.0,5.0,5.0,5.0,"Hypergraph(num_v=34, num_e=6)",False,0.44504714012145996
1067,STATS,124-070-augF2-full2,orig,0.08144903182983398,0.5128307342529297,0,6,16,11,5,21750.84,391,178345,87562.83333333333,29047.75,90777.5,140155.5,51.0,75805.0,15319.6,56.0,160.0,526.0,1,1,5,1.1724137931034482,1.0,1.0,1.0,5,5,5.0,5.0,5.0,5.0,"Hypergraph(num_v=34, num_e=6)",False,0.4313817024230957
1068,STATS,124-070-augF2-full3,orig,0.08361554145812988,0.5131433010101318,0,6,16,11,5,21750.84,391,178345,87562.83333333333,29047.75,90777.5,140155.5,51.0,75805.0,15319.6,56.0,160.0,526.0,1,1,5,1.1724137931034482,1.0,1.0,1.0,5,5,5.0,5.0,5.0,5.0,"Hypergraph(num_v=34, num_e=6)",False,0.42952775955200195
1069,STATS,125-051-full1,rewr,25.830839157104492,23.446090698242188,0,5,13,9,4,14891307.13,40762,172281,85022.6,42324.0,78568.0,91178.0,41195.0,881840283407.0,220520447619.25,1082848.25,120732937.5,220640097708.5,1,1,5,1.16,1.0,1.0,1.0,4,4,4.0,4.0,4.0,4.0,"Hypergraph(num_v=29, num_e=5)",True,-2.3847484588623047
1070,STATS,125-051-full2,rewr,25.941141366958618,23.180317640304565,0,5,13,9,4,14891307.13,40762,172281,85022.6,42324.0,78568.0,91178.0,41195.0,881840283407.0,220520447619.25,1082848.25,120732937.5,220640097708.5,1,1,5,1.16,1.0,1.0,1.0,4,4,4.0,4.0,4.0,4.0,"Hypergraph(num_v=29, num_e=5)",True,-2.7608237266540527
1071,STATS,125-051-full3,rewr,25.73825192451477,23.04164409637451,0,5,13,9,4,14891307.13,40762,172281,85022.6,42324.0,78568.0,91178.0,41195.0,881840283407.0,220520447619.25,1082848.25,120732937.5,220640097708.5,1,1,5,1.16,1.0,1.0,1.0,4,4,4.0,4.0,4.0,4.0,"Hypergraph(num_v=29, num_e=5)",True,-2.696607828140259
1072,STATS,125-051-augF1-full1,rewr,1.122230052947998,1.0491018295288086,0,5,13,9,4,661314.47,1688,172281,76895.4,40762.0,78568.0,91178.0,1643.0,35170259047.0,8794972757.75,43187.0,4815170.5,8799744741.25,1,1,5,1.16,1.0,1.0,1.0,4,4,4.0,4.0,4.0,4.0,"Hypergraph(num_v=29, num_e=5)",False,-0.07312822341918945
1073,STATS,125-051-augF1-full2,rewr,1.122917652130127,1.0446209907531738,0,5,13,9,4,661314.47,1688,172281,76895.4,40762.0,78568.0,91178.0,1643.0,35170259047.0,8794972757.75,43187.0,4815170.5,8799744741.25,1,1,5,1.16,1.0,1.0,1.0,4,4,4.0,4.0,4.0,4.0,"Hypergraph(num_v=29, num_e=5)",False,-0.07829666137695312
1074,STATS,125-051-augF1-full3,rewr,1.1262891292572021,1.0454771518707275,0,5,13,9,4,661314.47,1688,172281,76895.4,40762.0,78568.0,91178.0,1643.0,35170259047.0,8794972757.75,43187.0,4815170.5,8799744741.25,1,1,5,1.16,1.0,1.0,1.0,4,4,4.0,4.0,4.0,4.0,"Hypergraph(num_v=29, num_e=5)",False,-0.08081197738647461
1075,STATS,125-051-augF2-full1,rewr,1.5344834327697754,1.271458387374878,0,5,13,9,4,1374899.53,8069,91178,52180.2,40762.0,42324.0,78568.0,41195.0,41302106017.0,10385903271.75,1082848.25,120732937.5,10505553361.0,1,1,5,1.16,1.0,1.0,1.0,4,4,4.0,4.0,4.0,4.0,"Hypergraph(num_v=29, num_e=5)",False,-0.26302504539489746
1076,STATS,125-051-augF2-full2,rewr,1.4969518184661865,1.2417993545532227,0,5,13,9,4,1374899.53,8069,91178,52180.2,40762.0,42324.0,78568.0,41195.0,41302106017.0,10385903271.75,1082848.25,120732937.5,10505553361.0,1,1,5,1.16,1.0,1.0,1.0,4,4,4.0,4.0,4.0,4.0,"Hypergraph(num_v=29, num_e=5)",False,-0.25515246391296387
1077,STATS,125-051-augF2-full3,rewr,1.4966137409210205,1.2569842338562012,0,5,13,9,4,1374899.53,8069,91178,52180.2,40762.0,42324.0,78568.0,41195.0,41302106017.0,10385903271.75,1082848.25,120732937.5,10505553361.0,1,1,5,1.16,1.0,1.0,1.0,4,4,4.0,4.0,4.0,4.0,"Hypergraph(num_v=29, num_e=5)",False,-0.23962950706481934
1078,STATS,126-059-full1,rewr,26.11058211326599,23.519843816757202,0,6,15,10,5,49544.94,1,325524,85802.0,7333.75,46008.0,88623.5,670.0,110061310.0,22148482.6,732.0,23983.0,655718.0,1,1,5,1.1666666666666667,1.0,1.0,1.0,5,5,5.0,5.0,5.0,5.0,"Hypergraph(num_v=35, num_e=6)",True,-2.590738296508789
1079,STATS,126-059-full2,rewr,26.78596591949463,23.145813703536987,0,6,15,10,5,49544.94,1,325524,85802.0,7333.75,46008.0,88623.5,670.0,110061310.0,22148482.6,732.0,23983.0,655718.0,1,1,5,1.1666666666666667,1.0,1.0,1.0,5,5,5.0,5.0,5.0,5.0,"Hypergraph(num_v=35, num_e=6)",True,-3.6401522159576416
1080,STATS,126-059-full3,rewr,25.833768129348755,23.05527377128601,0,6,15,10,5,49544.94,1,325524,85802.0,7333.75,46008.0,88623.5,670.0,110061310.0,22148482.6,732.0,23983.0,655718.0,1,1,5,1.1666666666666667,1.0,1.0,1.0,5,5,5.0,5.0,5.0,5.0,"Hypergraph(num_v=35, num_e=6)",True,-2.778494358062744
1081,STATS,126-059-augF1-full1,rewr,26.121779203414917,23.045170307159424,0,6,15,10,5,30477.69,1,191485,63462.16666666666,7333.75,46008.0,88623.5,236.0,38696635.0,7786387.8,732.0,3791.0,230545.0,1,1,5,1.1666666666666667,1.0,1.0,1.0,5,5,5.0,5.0,5.0,5.0,"Hypergraph(num_v=35, num_e=6)",False,-3.076608896255493
1082,STATS,126-059-augF1-full2,rewr,26.283697605133057,23.200376749038696,0,6,15,10,5,30477.69,1,191485,63462.16666666666,7333.75,46008.0,88623.5,236.0,38696635.0,7786387.8,732.0,3791.0,230545.0,1,1,5,1.1666666666666667,1.0,1.0,1.0,5,5,5.0,5.0,5.0,5.0,"Hypergraph(num_v=35, num_e=6)",False,-3.0833208560943604
1083,STATS,126-059-augF1-full3,rewr,26.27520513534546,23.094038724899292,0,6,15,10,5,30927.69,1,191485,63462.16666666666,7333.75,46008.0,88623.5,236.0,38696635.0,7786387.8,732.0,3791.0,230545.0,1,1,5,1.1666666666666667,1.0,1.0,1.0,5,5,5.0,5.0,5.0,5.0,"Hypergraph(num_v=35, num_e=6)",False,-3.181166410446167
1084,STATS,126-059-augF2-full1,rewr,26.35593318939209,23.615076065063477,0,6,15,10,5,51062.72,1,328036,86220.66666666667,7333.75,46008.0,88623.5,670.0,110910657.0,22319361.2,732.0,23983.0,660764.0,1,1,5,1.1666666666666667,1.0,1.0,1.0,5,5,5.0,5.0,5.0,5.0,"Hypergraph(num_v=35, num_e=6)",False,-2.7408571243286133
1085,STATS,126-059-augF2-full2,rewr,26.39999771118164,23.4376118183136,0,6,15,10,5,51062.72,1,328036,86220.66666666667,7333.75,46008.0,88623.5,670.0,110910657.0,22319361.2,732.0,23983.0,660764.0,1,1,5,1.1666666666666667,1.0,1.0,1.0,5,5,5.0,5.0,5.0,5.0,"Hypergraph(num_v=35, num_e=6)",False,-2.962385892868042
1086,STATS,126-059-augF2-full3,rewr,25.67273235321045,23.295459508895874,0,6,15,10,5,49772.72,1,328036,86220.66666666667,7333.75,46008.0,88623.5,670.0,110910657.0,22319361.2,732.0,23983.0,660764.0,1,1,5,1.1666666666666667,1.0,1.0,1.0,5,5,5.0,5.0,5.0,5.0,"Hypergraph(num_v=35, num_e=6)",False,-2.377272844314575
1087,STATS,127-038-full1,rewr,27.864620685577393,27.429782390594482,0,4,10,7,3,132650.35,41275,132771,74266.0,42506.5,61509.0,93268.5,39930.0,2301198064.0,767740758.0,1012105.0,1984280.0,1151591172.0,1,1,4,1.1875,1.0,1.0,1.0,3,3,3.0,3.0,3.0,3.0,"Hypergraph(num_v=19, num_e=4)",True,-0.43483829498291016
1088,STATS,127-038-full2,orig,27.36057710647583,27.581584453582764,0,4,10,7,3,132650.35,41275,132771,74266.0,42506.5,61509.0,93268.5,39930.0,2301198064.0,767740758.0,1012105.0,1984280.0,1151591172.0,1,1,4,1.1875,1.0,1.0,1.0,3,3,3.0,3.0,3.0,3.0,"Hypergraph(num_v=19, num_e=4)",True,0.2210073471069336
1089,STATS,127-038-full3,orig,27.37438416481018,27.498703002929688,0,4,10,7,3,132650.35,41275,132771,74266.0,42506.5,61509.0,93268.5,39930.0,2301198064.0,767740758.0,1012105.0,1984280.0,1151591172.0,1,1,4,1.1875,1.0,1.0,1.0,3,3,3.0,3.0,3.0,3.0,"Hypergraph(num_v=19, num_e=4)",True,0.12431883811950684
1090,STATS,127-038-augF1-full1,rewr,8.939881801605225,8.795295238494873,0,4,10,7,3,70601.25,41275,80101,53752.0,42506.5,46816.0,58061.5,39930.0,878996608.0,293673606.0,1012105.0,1984280.0,440490444.0,1,1,4,1.1875,1.0,1.0,1.0,3,3,3.0,3.0,3.0,3.0,"Hypergraph(num_v=19, num_e=4)",False,-0.14458656311035156
1091,STATS,127-038-augF1-full2,rewr,8.96988844871521,8.853395700454712,0,4,10,7,3,70601.25,41275,80101,53752.0,42506.5,46816.0,58061.5,39930.0,878996608.0,293673606.0,1012105.0,1984280.0,440490444.0,1,1,4,1.1875,1.0,1.0,1.0,3,3,3.0,3.0,3.0,3.0,"Hypergraph(num_v=19, num_e=4)",False,-0.11649274826049805
1092,STATS,127-038-augF1-full3,rewr,8.92126989364624,8.866074323654175,0,4,10,7,3,70601.25,41275,80101,53752.0,42506.5,46816.0,58061.5,39930.0,878996608.0,293673606.0,1012105.0,1984280.0,440490444.0,1,1,4,1.1875,1.0,1.0,1.0,3,3,3.0,3.0,3.0,3.0,"Hypergraph(num_v=19, num_e=4)",False,-0.05519556999206543
1093,STATS,127-038-augF2-full1,orig,27.297805547714233,28.3049213886261,0,4,10,7,3,132687.37,41275,132771,74269.5,42517.0,61516.0,93268.5,39943.0,2301948733.0,767991201.0,1012435.0,1984927.0,1151966830.0,1,1,4,1.1875,1.0,1.0,1.0,3,3,3.0,3.0,3.0,3.0,"Hypergraph(num_v=19, num_e=4)",False,1.0071158409118652
1094,STATS,127-038-augF2-full2,orig,27.481147527694702,27.532287120819092,0,4,10,7,3,132687.37,41275,132771,74269.5,42517.0,61516.0,93268.5,39943.0,2301948733.0,767991201.0,1012435.0,1984927.0,1151966830.0,1,1,4,1.1875,1.0,1.0,1.0,3,3,3.0,3.0,3.0,3.0,"Hypergraph(num_v=19, num_e=4)",False,0.05113959312438965
1095,STATS,127-038-augF2-full3,rewr,27.953468322753906,27.64445209503174,0,4,10,7,3,132687.37,41275,132771,74269.5,42517.0,61516.0,93268.5,39943.0,2301948733.0,767991201.0,1012435.0,1984927.0,1151966830.0,1,1,4,1.1875,1.0,1.0,1.0,3,3,3.0,3.0,3.0,3.0,"Hypergraph(num_v=19, num_e=4)",False,-0.30901622772216797
1096,STATS,128-069-full1,orig,27.38052535057068,28.33761978149414,0,6,10,5,5,144353.6,11056,327033,149821.0,51390.5,108058.0,261179.25,4993.0,7374408.0,1499380.2,7336.0,24182.0,85982.0,1,1,5,1.1724137931034482,1.0,1.0,1.0,5,5,5.0,5.0,5.0,5.0,"Hypergraph(num_v=34, num_e=6)",True,0.9570944309234619
1097,STATS,128-069-full2,orig,27.75305199623108,28.88295865058899,0,6,10,5,5,144353.6,11056,327033,149821.0,51390.5,108058.0,261179.25,4993.0,7374408.0,1499380.2,7336.0,24182.0,85982.0,1,1,5,1.1724137931034482,1.0,1.0,1.0,5,5,5.0,5.0,5.0,5.0,"Hypergraph(num_v=34, num_e=6)",True,1.1299066543579102
1098,STATS,128-069-full3,orig,27.875025987625122,28.759598970413208,0,6,10,5,5,144353.6,11056,327033,149821.0,51390.5,108058.0,261179.25,4993.0,7374408.0,1499380.2,7336.0,24182.0,85982.0,1,1,5,1.1724137931034482,1.0,1.0,1.0,5,5,5.0,5.0,5.0,5.0,"Hypergraph(num_v=34, num_e=6)",True,0.8845729827880859
1099,STATS,128-069-augF1-full1,orig,0.05543828010559082,0.14711499214172363,0,6,10,5,5,18875.88,94,192372,90388.5,28168.0,80232.0,153998.75,23.0,17068.0,3487.8,35.0,117.0,196.0,1,1,5,1.1724137931034482,1.0,1.0,1.0,5,5,5.0,5.0,5.0,5.0,"Hypergraph(num_v=34, num_e=6)",False,0.09167671203613281
1100,STATS,128-069-augF1-full2,orig,0.055054426193237305,0.14655113220214844,0,6,10,5,5,18875.88,94,192372,90388.5,28168.0,80232.0,153998.75,23.0,17068.0,3487.8,35.0,117.0,196.0,1,1,5,1.1724137931034482,1.0,1.0,1.0,5,5,5.0,5.0,5.0,5.0,"Hypergraph(num_v=34, num_e=6)",False,0.09149670600891113
1101,STATS,128-069-augF1-full3,orig,0.05510425567626953,0.14372014999389648,0,6,10,5,5,18875.88,94,192372,90388.5,28168.0,80232.0,153998.75,23.0,17068.0,3487.8,35.0,117.0,196.0,1,1,5,1.1724137931034482,1.0,1.0,1.0,5,5,5.0,5.0,5.0,5.0,"Hypergraph(num_v=34, num_e=6)",False,0.08861589431762695
1102,STATS,128-069-augF2-full1,orig,27.19594955444336,28.31907892227173,0,6,10,5,5,144727.0,11056,328036,149988.16666666666,51390.5,108058.0,261179.25,4993.0,7397050.0,1503961.4,7336.0,24182.0,86246.0,1,1,5,1.1724137931034482,1.0,1.0,1.0,5,5,5.0,5.0,5.0,5.0,"Hypergraph(num_v=34, num_e=6)",False,1.1231293678283691
1103,STATS,128-069-augF2-full2,orig,27.428099870681763,28.898006200790405,0,6,10,5,5,144727.0,11056,328036,149988.16666666666,51390.5,108058.0,261179.25,4993.0,7397050.0,1503961.4,7336.0,24182.0,86246.0,1,1,5,1.1724137931034482,1.0,1.0,1.0,5,5,5.0,5.0,5.0,5.0,"Hypergraph(num_v=34, num_e=6)",False,1.4699063301086426
1104,STATS,128-069-augF2-full3,orig,27.460933685302734,28.85016655921936,0,6,10,5,5,144727.0,11056,328036,149988.16666666666,51390.5,108058.0,261179.25,4993.0,7397050.0,1503961.4,7336.0,24182.0,86246.0,1,1,5,1.1724137931034482,1.0,1.0,1.0,5,5,5.0,5.0,5.0,5.0,"Hypergraph(num_v=34, num_e=6)",False,1.389232873916626
1105,STATS,129-140-full1,rewr,33.56283187866211,31.000709295272827,0,7,18,12,6,20205.25,1,189135,77154.57142857143,6677.0,79504.0,129044.0,272.0,456517.0,76901.33333333333,286.75,607.0,2570.5,1,1,5,1.1764705882352942,1.0,1.0,1.0,6,6,6.0,6.0,6.0,6.0,"Hypergraph(num_v=40, num_e=7)",True,-2.5621225833892822
1106,STATS,129-140-full2,rewr,33.34095740318298,30.352291584014893,0,7,18,12,6,20205.25,1,189135,77154.57142857143,6677.0,79504.0,129044.0,272.0,456517.0,76901.33333333333,286.75,607.0,2570.5,1,1,5,1.1764705882352942,1.0,1.0,1.0,6,6,6.0,6.0,6.0,6.0,"Hypergraph(num_v=40, num_e=7)",True,-2.988665819168091
1107,STATS,129-140-full3,rewr,32.18051600456238,29.977742433547974,0,7,18,12,6,20205.25,1,189135,77154.57142857143,6677.0,79504.0,129044.0,272.0,456517.0,76901.33333333333,286.75,607.0,2570.5,1,1,5,1.1764705882352942,1.0,1.0,1.0,6,6,6.0,6.0,6.0,6.0,"Hypergraph(num_v=40, num_e=7)",True,-2.2027735710144043
1111,STATS,129-140-augF2-full1,rewr,6.719715595245361,6.58912467956543,0,7,18,12,6,19968.83,1,189135,77046.71428571429,6299.5,79504.0,129044.0,198.0,331913.0,55911.66666666666,208.75,441.5,1869.0,1,1,5,1.1764705882352942,1.0,1.0,1.0,6,6,6.0,6.0,6.0,6.0,"Hypergraph(num_v=40, num_e=7)",False,-0.13059091567993164
1112,STATS,129-140-augF2-full2,rewr,6.40824031829834,6.2973313331604,0,7,18,12,6,19968.83,1,189135,77046.71428571429,6299.5,79504.0,129044.0,198.0,331913.0,55911.66666666666,208.75,441.5,1869.0,1,1,5,1.1764705882352942,1.0,1.0,1.0,6,6,6.0,6.0,6.0,6.0,"Hypergraph(num_v=40, num_e=7)",False,-0.11090898513793945
1113,STATS,129-140-augF2-full3,orig,6.649469614028931,6.666045188903809,0,7,18,12,6,19968.83,1,189135,77046.71428571429,6299.5,79504.0,129044.0,198.0,331913.0,55911.66666666666,208.75,441.5,1869.0,1,1,5,1.1764705882352942,1.0,1.0,1.0,6,6,6.0,6.0,6.0,6.0,"Hypergraph(num_v=40, num_e=7)",False,0.01657557487487793
1114,STATS,130-123-full1,rewr,43.51574969291687,40.161877393722534,0,4,7,4,3,42001.37,6021,303187,107846.25,32418.0,61088.5,136516.75,215381.0,6487357.0,2328142.333333333,248535.0,281689.0,3384523.0,1,1,4,1.1428571428571428,1.0,1.0,1.0,3,3,3.0,3.0,3.0,3.0,"Hypergraph(num_v=24, num_e=4)",True,-3.353872299194336
1115,STATS,130-123-full2,rewr,43.35751962661743,41.10778093338013,0,4,7,4,3,42001.37,6021,303187,107846.25,32418.0,61088.5,136516.75,215381.0,6487357.0,2328142.333333333,248535.0,281689.0,3384523.0,1,1,4,1.1428571428571428,1.0,1.0,1.0,3,3,3.0,3.0,3.0,3.0,"Hypergraph(num_v=24, num_e=4)",True,-2.2497386932373047
1116,STATS,130-123-full3,rewr,43.28159761428833,40.742337465286255,0,4,7,4,3,42001.37,6021,303187,107846.25,32418.0,61088.5,136516.75,215381.0,6487357.0,2328142.333333333,248535.0,281689.0,3384523.0,1,1,4,1.1428571428571428,1.0,1.0,1.0,3,3,3.0,3.0,3.0,3.0,"Hypergraph(num_v=24, num_e=4)",True,-2.539260149002075
1117,STATS,130-123-augF1-full1,rewr,43.2730131149292,40.277374267578125,0,4,7,4,3,42286.5,6092,303187,107864.0,32435.75,61088.5,136516.75,217921.0,6563856.0,2354488.6666666665,249805.0,281689.0,3422772.5,1,1,4,1.1428571428571428,1.0,1.0,1.0,3,3,3.0,3.0,3.0,3.0,"Hypergraph(num_v=24, num_e=4)",False,-2.995638847351074
1118,STATS,130-123-augF1-full2,rewr,43.60998773574829,41.36916661262512,0,4,7,4,3,42286.5,6092,303187,107864.0,32435.75,61088.5,136516.75,217921.0,6563856.0,2354488.6666666665,249805.0,281689.0,3422772.5,1,1,4,1.1428571428571428,1.0,1.0,1.0,3,3,3.0,3.0,3.0,3.0,"Hypergraph(num_v=24, num_e=4)",False,-2.240821123123169
1119,STATS,130-123-augF1-full3,rewr,43.10707068443298,41.528955936431885,0,4,7,4,3,42286.5,6092,303187,107864.0,32435.75,61088.5,136516.75,217921.0,6563856.0,2354488.6666666665,249805.0,281689.0,3422772.5,1,1,4,1.1428571428571428,1.0,1.0,1.0,3,3,3.0,3.0,3.0,3.0,"Hypergraph(num_v=24, num_e=4)",False,-1.5781147480010986
1120,STATS,130-123-augF2-full1,orig,0.12821173667907715,0.26266980171203613,0,4,7,4,3,10518.77,1,303187,96039.25,7.0,40484.5,136516.75,9.0,9698.0,3241.6666666666665,13.5,18.0,4858.0,1,1,4,1.1428571428571428,1.0,1.0,1.0,3,3,3.0,3.0,3.0,3.0,"Hypergraph(num_v=24, num_e=4)",False,0.13445806503295898
1121,STATS,130-123-augF2-full2,orig,0.12794208526611328,0.26200246810913086,0,4,7,4,3,10518.77,1,303187,96039.25,7.0,40484.5,136516.75,9.0,9698.0,3241.6666666666665,13.5,18.0,4858.0,1,1,4,1.1428571428571428,1.0,1.0,1.0,3,3,3.0,3.0,3.0,3.0,"Hypergraph(num_v=24, num_e=4)",False,0.13406038284301758
1122,STATS,130-123-augF2-full3,orig,0.12747931480407715,0.26488208770751953,0,4,7,4,3,10518.77,1,303187,96039.25,7.0,40484.5,136516.75,9.0,9698.0,3241.6666666666665,13.5,18.0,4858.0,1,1,4,1.1428571428571428,1.0,1.0,1.0,3,3,3.0,3.0,3.0,3.0,"Hypergraph(num_v=24, num_e=4)",False,0.13740277290344238
1123,STATS,131-143-full1,rewr,45.12826156616211,41.14345908164978,0,7,14,8,6,20877.49,1,178345,75379.57142857143,8523.5,77045.0,127609.5,720.0,1032241.0,174013.0,784.0,1507.0,6046.75,1,1,5,1.1764705882352942,1.0,1.0,1.0,6,6,6.0,6.0,6.0,6.0,"Hypergraph(num_v=40, num_e=7)",True,-3.984802484512329
1124,STATS,131-143-full2,rewr,46.17368197441101,41.77633333206177,0,7,14,8,6,20877.49,1,178345,75379.57142857143,8523.5,77045.0,127609.5,720.0,1032241.0,174013.0,784.0,1507.0,6046.75,1,1,5,1.1764705882352942,1.0,1.0,1.0,6,6,6.0,6.0,6.0,6.0,"Hypergraph(num_v=40, num_e=7)",True,-4.397348642349243
1125,STATS,131-143-full3,rewr,45.8804292678833,43.34390950202942,0,7,14,8,6,20877.49,1,178345,75379.57142857143,8523.5,77045.0,127609.5,720.0,1032241.0,174013.0,784.0,1507.0,6046.75,1,1,5,1.1764705882352942,1.0,1.0,1.0,6,6,6.0,6.0,6.0,6.0,"Hypergraph(num_v=40, num_e=7)",True,-2.536519765853882
1126,STATS,131-143-augF1-full1,orig,0.8478689193725586,1.165731430053711,0,7,14,8,6,16555.17,1,178345,60150.142857142855,318.0,11056.0,115506.5,5.0,6040.0,1048.8333333333333,7.25,28.5,150.25,1,1,5,1.1764705882352942,1.0,1.0,1.0,6,6,6.0,6.0,6.0,6.0,"Hypergraph(num_v=40, num_e=7)",False,0.31786251068115234
1127,STATS,131-143-augF1-full2,orig,0.8159964084625244,1.1350228786468506,0,7,14,8,6,16555.17,1,178345,60150.142857142855,318.0,11056.0,115506.5,5.0,6040.0,1048.8333333333333,7.25,28.5,150.25,1,1,5,1.1764705882352942,1.0,1.0,1.0,6,6,6.0,6.0,6.0,6.0,"Hypergraph(num_v=40, num_e=7)",False,0.31902647018432617
1128,STATS,131-143-augF1-full3,orig,0.8155465126037598,1.1700084209442139,0,7,14,8,6,16555.17,1,178345,60150.142857142855,318.0,11056.0,115506.5,5.0,6040.0,1048.8333333333333,7.25,28.5,150.25,1,1,5,1.1764705882352942,1.0,1.0,1.0,6,6,6.0,6.0,6.0,6.0,"Hypergraph(num_v=40, num_e=7)",False,0.3544619083404541
1132,STATS,132-105-full1,rewr,57.513683557510376,47.617618560791016,0,4,9,6,3,173117.48,41119,328064,201467.0,110403.25,218342.5,309406.25,130897.0,1480522254.0,498186891.3333333,7019210.0,13907523.0,747214888.5,1,1,4,1.1578947368421053,1.0,1.0,1.0,3,3,3.0,3.0,3.0,3.0,"Hypergraph(num_v=22, num_e=4)",True,-9.89606499671936
1133,STATS,132-105-full2,rewr,57.14975023269653,48.92590022087097,0,4,9,6,3,173117.48,41119,328064,201467.0,110403.25,218342.5,309406.25,130897.0,1480522254.0,498186891.3333333,7019210.0,13907523.0,747214888.5,1,1,4,1.1578947368421053,1.0,1.0,1.0,3,3,3.0,3.0,3.0,3.0,"Hypergraph(num_v=22, num_e=4)",True,-8.223850011825562
1134,STATS,132-105-full3,rewr,57.462586641311646,48.30597734451294,0,4,9,6,3,173117.48,41119,328064,201467.0,110403.25,218342.5,309406.25,130897.0,1480522254.0,498186891.3333333,7019210.0,13907523.0,747214888.5,1,1,4,1.1578947368421053,1.0,1.0,1.0,3,3,3.0,3.0,3.0,3.0,"Hypergraph(num_v=22, num_e=4)",True,-9.156609296798706
1135,STATS,132-105-augF1-full1,rewr,4.082198143005371,0.4178769588470459,0,4,9,6,3,163098.47,34365,328064,199778.5,108714.75,218342.5,309406.25,109396.0,1237339119.0,417118679.3333333,7008459.5,13907523.0,625623321.0,1,1,4,1.1578947368421053,1.0,1.0,1.0,3,3,3.0,3.0,3.0,3.0,"Hypergraph(num_v=22, num_e=4)",False,-3.664321184158325
1136,STATS,132-105-augF1-full2,rewr,4.121598958969116,0.41329383850097656,0,4,9,6,3,163098.47,34365,328064,199778.5,108714.75,218342.5,309406.25,109396.0,1237339119.0,417118679.3333333,7008459.5,13907523.0,625623321.0,1,1,4,1.1578947368421053,1.0,1.0,1.0,3,3,3.0,3.0,3.0,3.0,"Hypergraph(num_v=22, num_e=4)",False,-3.7083051204681396
1137,STATS,132-105-augF1-full3,rewr,4.064275026321411,0.4174535274505615,0,4,9,6,3,163098.47,34365,328064,199778.5,108714.75,218342.5,309406.25,109396.0,1237339119.0,417118679.3333333,7008459.5,13907523.0,625623321.0,1,1,4,1.1578947368421053,1.0,1.0,1.0,3,3,3.0,3.0,3.0,3.0,"Hypergraph(num_v=22, num_e=4)",False,-3.6468214988708496
1138,STATS,132-105-augF2-full1,rewr,56.815831422805786,47.760164737701416,0,4,9,6,3,175504.07,41119,328064,201783.25,111352.0,218975.0,309406.25,132137.0,1494551382.0,502863680.6666667,7019830.0,13907523.0,754229452.5,1,1,4,1.1578947368421053,1.0,1.0,1.0,3,3,3.0,3.0,3.0,3.0,"Hypergraph(num_v=22, num_e=4)",False,-9.05566668510437
1139,STATS,132-105-augF2-full2,rewr,56.39107322692871,48.014331102371216,0,4,9,6,3,175504.07,41119,328064,201783.25,111352.0,218975.0,309406.25,132137.0,1494551382.0,502863680.6666667,7019830.0,13907523.0,754229452.5,1,1,4,1.1578947368421053,1.0,1.0,1.0,3,3,3.0,3.0,3.0,3.0,"Hypergraph(num_v=22, num_e=4)",False,-8.376742124557495
1140,STATS,132-105-augF2-full3,rewr,56.78033757209778,47.34316873550415,0,4,9,6,3,175504.07,41119,328064,201783.25,111352.0,218975.0,309406.25,132137.0,1494551382.0,502863680.6666667,7019830.0,13907523.0,754229452.5,1,1,4,1.1578947368421053,1.0,1.0,1.0,3,3,3.0,3.0,3.0,3.0,"Hypergraph(num_v=22, num_e=4)",False,-9.437168836593628
1141,STATS,133-052-full1,orig,58.66558313369751,59.196457386016846,0,5,15,11,4,1432212.75,1158,303187,119378.0,38724.0,79516.0,174305.0,40685.0,78043795737.0,19516274453.0,208659.5,10630695.0,19526696488.5,1,1,5,1.16,1.0,1.0,1.0,4,4,4.0,4.0,4.0,4.0,"Hypergraph(num_v=29, num_e=5)",True,0.5308742523193359
1142,STATS,133-052-full2,orig,58.70776104927063,59.54848551750183,0,5,15,11,4,1432212.75,1158,303187,119378.0,38724.0,79516.0,174305.0,40685.0,78043795737.0,19516274453.0,208659.5,10630695.0,19526696488.5,1,1,5,1.16,1.0,1.0,1.0,4,4,4.0,4.0,4.0,4.0,"Hypergraph(num_v=29, num_e=5)",True,0.8407244682312012
1147,STATS,133-052-augF2-full1,rewr,1.3972842693328857,1.3518989086151123,0,5,15,11,4,1385316.43,1158,303187,119117.8,37423.0,79516.0,174305.0,40685.0,75421778945.0,18860591676.75,201991.25,10273538.5,18870663224.0,1,1,5,1.16,1.0,1.0,1.0,4,4,4.0,4.0,4.0,4.0,"Hypergraph(num_v=29, num_e=5)",False,-0.04538536071777344
1148,STATS,133-052-augF2-full2,rewr,1.4024574756622314,1.3196384906768799,0,5,15,11,4,1385316.43,1158,303187,119117.8,37423.0,79516.0,174305.0,40685.0,75421778945.0,18860591676.75,201991.25,10273538.5,18870663224.0,1,1,5,1.16,1.0,1.0,1.0,4,4,4.0,4.0,4.0,4.0,"Hypergraph(num_v=29, num_e=5)",False,-0.08281898498535156
1149,STATS,133-052-augF2-full3,rewr,1.4219021797180176,1.3408710956573486,0,5,15,11,4,1385316.43,1158,303187,119117.8,37423.0,79516.0,174305.0,40685.0,75421778945.0,18860591676.75,201991.25,10273538.5,18870663224.0,1,1,5,1.16,1.0,1.0,1.0,4,4,4.0,4.0,4.0,4.0,"Hypergraph(num_v=29, num_e=5)",False,-0.08103108406066895
1156,STATS,134-030-augF2-full1,orig,27.755820512771606,28.892862558364868,0,4,8,5,3,14215.91,15505,328064,116451.0,34832.5,61117.5,142736.0,15281.0,123162.0,61594.66666666666,30811.0,46341.0,84751.5,1,1,4,1.1363636363636365,1.0,1.0,1.0,3,3,3.0,3.0,3.0,3.0,"Hypergraph(num_v=25, num_e=4)",False,1.1370420455932617
1157,STATS,134-030-augF2-full2,orig,27.997992515563965,28.931886196136475,0,4,8,5,3,14215.91,15505,328064,116451.0,34832.5,61117.5,142736.0,15281.0,123162.0,61594.66666666666,30811.0,46341.0,84751.5,1,1,4,1.1363636363636365,1.0,1.0,1.0,3,3,3.0,3.0,3.0,3.0,"Hypergraph(num_v=25, num_e=4)",False,0.9338936805725098
1158,STATS,134-030-augF2-full3,orig,27.944992542266846,29.024406671524048,0,4,8,5,3,14215.91,15505,328064,116451.0,34832.5,61117.5,142736.0,15281.0,123162.0,61594.66666666666,30811.0,46341.0,84751.5,1,1,4,1.1363636363636365,1.0,1.0,1.0,3,3,3.0,3.0,3.0,3.0,"Hypergraph(num_v=25, num_e=4)",False,1.0794141292572021
1162,STATS,135-136-augF1-full1,rewr,0.028792619705200195,0.028689146041870117,0,5,15,11,4,17815.57,1,178345,85707.2,2.0,80960.0,169228.0,2.0,29209848.0,7315330.5,447.5,25736.0,7340619.0,1,1,5,1.16,1.0,1.0,1.0,4,4,4.0,4.0,4.0,4.0,"Hypergraph(num_v=29, num_e=5)",False,-0.00010347366333007812
1163,STATS,135-136-augF1-full2,rewr,0.029415130615234375,0.02776336669921875,0,5,15,11,4,17815.57,1,178345,85707.2,2.0,80960.0,169228.0,2.0,29209848.0,7315330.5,447.5,25736.0,7340619.0,1,1,5,1.16,1.0,1.0,1.0,4,4,4.0,4.0,4.0,4.0,"Hypergraph(num_v=29, num_e=5)",False,-0.001651763916015625
1164,STATS,135-136-augF1-full3,rewr,0.028315305709838867,0.027930498123168945,0,5,15,11,4,17815.57,1,178345,85707.2,2.0,80960.0,169228.0,2.0,29209848.0,7315330.5,447.5,25736.0,7340619.0,1,1,5,1.16,1.0,1.0,1.0,4,4,4.0,4.0,4.0,4.0,"Hypergraph(num_v=29, num_e=5)",False,-0.0003848075866699219
1174,STATS,136-142-augF2-full1,rewr,5.547348976135254,5.413570880889893,0,7,17,11,6,20270.48,1,191208,78467.0,10221.0,78742.0,129438.0,141.0,243063.0,40936.833333333336,150.0,316.0,1346.75,1,1,5,1.1764705882352942,1.0,1.0,1.0,6,6,6.0,6.0,6.0,6.0,"Hypergraph(num_v=40, num_e=7)",False,-0.13377809524536133
1175,STATS,136-142-augF2-full2,rewr,5.421188831329346,5.380986928939819,0,7,17,11,6,20270.48,1,191208,78467.0,10221.0,78742.0,129438.0,141.0,243063.0,40936.833333333336,150.0,316.0,1346.75,1,1,5,1.1764705882352942,1.0,1.0,1.0,6,6,6.0,6.0,6.0,6.0,"Hypergraph(num_v=40, num_e=7)",False,-0.04020190238952637
1176,STATS,136-142-augF2-full3,rewr,5.567104339599609,5.533570051193237,0,7,17,11,6,20270.48,1,191208,78467.0,10221.0,78742.0,129438.0,141.0,243063.0,40936.833333333336,150.0,316.0,1346.75,1,1,5,1.1764705882352942,1.0,1.0,1.0,6,6,6.0,6.0,6.0,6.0,"Hypergraph(num_v=40, num_e=7)",False,-0.03353428840637207
1180,STATS,137-141-augF1-full1,orig,0.020152568817138672,0.06398391723632812,0,7,11,5,6,17977.54,1,192979,80839.14285714286,5528.5,80960.0,140438.5,1.0,943.0,159.0,1.0,1.5,5.0,1,1,5,1.1764705882352942,1.0,1.0,1.0,6,6,6.0,6.0,6.0,6.0,"Hypergraph(num_v=40, num_e=7)",False,0.04383134841918945
1181,STATS,137-141-augF1-full2,orig,0.020920515060424805,0.0642237663269043,0,7,11,5,6,17977.54,1,192979,80839.14285714286,5528.5,80960.0,140438.5,1.0,943.0,159.0,1.0,1.5,5.0,1,1,5,1.1764705882352942,1.0,1.0,1.0,6,6,6.0,6.0,6.0,6.0,"Hypergraph(num_v=40, num_e=7)",False,0.04330325126647949
1182,STATS,137-141-augF1-full3,orig,0.020730972290039062,0.06390237808227539,0,7,11,5,6,17977.54,1,192979,80839.14285714286,5528.5,80960.0,140438.5,1.0,943.0,159.0,1.0,1.5,5.0,1,1,5,1.1764705882352942,1.0,1.0,1.0,6,6,6.0,6.0,6.0,6.0,"Hypergraph(num_v=40, num_e=7)",False,0.04317140579223633
1183,STATS,137-141-augF2-full1,orig,0.020855426788330078,0.03090524673461914,0,7,11,5,6,15055.24,1,192979,79259.85714285714,1.0,80960.0,140438.5,1.0,2144.0,361.3333333333333,1.5,3.5,12.25,1,1,5,1.1764705882352942,1.0,1.0,1.0,6,6,6.0,6.0,6.0,6.0,"Hypergraph(num_v=40, num_e=7)",False,0.010049819946289062
1184,STATS,137-141-augF2-full2,orig,0.02040839195251465,0.028904438018798828,0,7,11,5,6,15055.24,1,192979,79259.85714285714,1.0,80960.0,140438.5,1.0,2144.0,361.3333333333333,1.5,3.5,12.25,1,1,5,1.1764705882352942,1.0,1.0,1.0,6,6,6.0,6.0,6.0,6.0,"Hypergraph(num_v=40, num_e=7)",False,0.00849604606628418
1185,STATS,137-141-augF2-full3,orig,0.020659923553466797,0.030083417892456055,0,7,11,5,6,15055.24,1,192979,79259.85714285714,1.0,80960.0,140438.5,1.0,2144.0,361.3333333333333,1.5,3.5,12.25,1,1,5,1.1764705882352942,1.0,1.0,1.0,6,6,6.0,6.0,6.0,6.0,"Hypergraph(num_v=40, num_e=7)",False,0.009423494338989258
1189,STATS,138-107-augF1-full1,rewr,5.916057825088501,5.475152969360352,0,4,10,7,3,13759.33,1,78679,26113.5,803.5,12887.0,38197.0,116.0,799664.0,268160.3333333333,2408.5,4701.0,402182.5,1,1,4,1.1764705882352942,1.0,1.0,1.0,3,3,3.0,3.0,3.0,3.0,"Hypergraph(num_v=20, num_e=4)",False,-0.4409048557281494
1190,STATS,138-107-augF1-full2,rewr,5.926453351974487,5.473501205444336,0,4,10,7,3,13759.33,1,78679,26113.5,803.5,12887.0,38197.0,116.0,799664.0,268160.3333333333,2408.5,4701.0,402182.5,1,1,4,1.1764705882352942,1.0,1.0,1.0,3,3,3.0,3.0,3.0,3.0,"Hypergraph(num_v=20, num_e=4)",False,-0.45295214653015137
1191,STATS,138-107-augF1-full3,rewr,5.879854202270508,5.416094779968262,0,4,10,7,3,13759.33,1,78679,26113.5,803.5,12887.0,38197.0,116.0,799664.0,268160.3333333333,2408.5,4701.0,402182.5,1,1,4,1.1764705882352942,1.0,1.0,1.0,3,3,3.0,3.0,3.0,3.0,"Hypergraph(num_v=20, num_e=4)",False,-0.4637594223022461
1192,STATS,138-107-augF2-full1,rewr,14.623652219772339,13.293202638626099,0,4,10,7,3,13885.7,1,24703,13521.5,6959.5,14691.0,21253.0,2181.0,1770891.0,594494.0,6295.5,10410.0,890650.5,1,1,4,1.1764705882352942,1.0,1.0,1.0,3,3,3.0,3.0,3.0,3.0,"Hypergraph(num_v=20, num_e=4)",False,-1.3304495811462402
1193,STATS,138-107-augF2-full2,rewr,14.846254587173462,13.295082569122314,0,4,10,7,3,13885.7,1,24703,13521.5,6959.5,14691.0,21253.0,2181.0,1770891.0,594494.0,6295.5,10410.0,890650.5,1,1,4,1.1764705882352942,1.0,1.0,1.0,3,3,3.0,3.0,3.0,3.0,"Hypergraph(num_v=20, num_e=4)",False,-1.5511720180511475
1194,STATS,138-107-augF2-full3,rewr,14.656870603561401,13.297350883483887,0,4,10,7,3,13885.7,1,24703,13521.5,6959.5,14691.0,21253.0,2181.0,1770891.0,594494.0,6295.5,10410.0,890650.5,1,1,4,1.1764705882352942,1.0,1.0,1.0,3,3,3.0,3.0,3.0,3.0,"Hypergraph(num_v=20, num_e=4)",False,-1.3595197200775146
1198,STATS,139-034-augF1-full1,orig,0.21756744384765625,0.3224818706512451,0,4,6,3,3,14443.55,20497,328064,113572.75,23701.75,52865.0,142736.0,17671.0,72692276.0,24252304.0,32318.0,46965.0,36369620.5,1,1,4,1.1764705882352942,1.0,1.0,1.0,3,3,3.0,3.0,3.0,3.0,"Hypergraph(num_v=20, num_e=4)",False,0.10491442680358887
1199,STATS,139-034-augF1-full2,orig,0.21388459205627441,0.32481956481933594,0,4,6,3,3,14443.55,20497,328064,113572.75,23701.75,52865.0,142736.0,17671.0,72692276.0,24252304.0,32318.0,46965.0,36369620.5,1,1,4,1.1764705882352942,1.0,1.0,1.0,3,3,3.0,3.0,3.0,3.0,"Hypergraph(num_v=20, num_e=4)",False,0.11093497276306152
1200,STATS,139-034-augF1-full3,orig,0.21252083778381348,0.3193042278289795,0,4,6,3,3,14443.55,20497,328064,113572.75,23701.75,52865.0,142736.0,17671.0,72692276.0,24252304.0,32318.0,46965.0,36369620.5,1,1,4,1.1764705882352942,1.0,1.0,1.0,3,3,3.0,3.0,3.0,3.0,"Hypergraph(num_v=20, num_e=4)",False,0.10678339004516602
1201,STATS,139-034-augF2-full1,rewr,10.208199977874756,8.873194932937622,0,4,6,3,3,15503.9,1237,328064,112874.75,31237.75,61099.0,142736.0,35552.0,7303669.0,2477903.0,65020.0,94488.0,3699078.5,1,1,4,1.1764705882352942,1.0,1.0,1.0,3,3,3.0,3.0,3.0,3.0,"Hypergraph(num_v=20, num_e=4)",False,-1.3350050449371338
1202,STATS,139-034-augF2-full2,rewr,10.20030403137207,9.159965753555298,0,4,6,3,3,15503.9,1237,328064,112874.75,31237.75,61099.0,142736.0,35552.0,7303669.0,2477903.0,65020.0,94488.0,3699078.5,1,1,4,1.1764705882352942,1.0,1.0,1.0,3,3,3.0,3.0,3.0,3.0,"Hypergraph(num_v=20, num_e=4)",False,-1.0403382778167725
1203,STATS,139-034-augF2-full3,rewr,10.567101001739502,9.102497100830078,0,4,6,3,3,15503.9,1237,328064,112874.75,31237.75,61099.0,142736.0,35552.0,7303669.0,2477903.0,65020.0,94488.0,3699078.5,1,1,4,1.1764705882352942,1.0,1.0,1.0,3,3,3.0,3.0,3.0,3.0,"Hypergraph(num_v=20, num_e=4)",False,-1.4646039009094238
1210,STATS,140-108-augF2-full1,rewr,10.850205898284912,9.858739614486694,0,4,6,3,3,17109.52,1,328064,102478.25,666.25,40924.0,142736.0,874.0,9058375.0,3062880.333333333,65133.0,129392.0,4593883.5,1,1,4,1.1764705882352942,1.0,1.0,1.0,3,3,3.0,3.0,3.0,3.0,"Hypergraph(num_v=20, num_e=4)",False,-0.9914662837982178
1211,STATS,140-108-augF2-full2,rewr,10.821148157119751,9.867022037506104,0,4,6,3,3,17109.52,1,328064,102478.25,666.25,40924.0,142736.0,874.0,9058375.0,3062880.333333333,65133.0,129392.0,4593883.5,1,1,4,1.1764705882352942,1.0,1.0,1.0,3,3,3.0,3.0,3.0,3.0,"Hypergraph(num_v=20, num_e=4)",False,-0.9541261196136475
1212,STATS,140-108-augF2-full3,rewr,10.974209547042847,9.821427822113037,0,4,6,3,3,17109.52,1,328064,102478.25,666.25,40924.0,142736.0,874.0,9058375.0,3062880.333333333,65133.0,129392.0,4593883.5,1,1,4,1.1764705882352942,1.0,1.0,1.0,3,3,3.0,3.0,3.0,3.0,"Hypergraph(num_v=20, num_e=4)",False,-1.1527817249298096
1225,STATS,142-135-augF1-full1,orig,0.057918548583984375,0.27674174308776855,0,5,10,6,4,15425.83,1,178345,78892.6,1.0,80960.0,135156.0,1.0,11945735.0,2993029.25,229.0,13190.5,3005990.75,1,1,5,1.16,1.0,1.0,1.0,4,4,4.0,4.0,4.0,4.0,"Hypergraph(num_v=29, num_e=5)",False,0.21882319450378418
1226,STATS,142-135-augF1-full2,orig,0.05753922462463379,0.27565908432006836,0,5,10,6,4,15425.83,1,178345,78892.6,1.0,80960.0,135156.0,1.0,11945735.0,2993029.25,229.0,13190.5,3005990.75,1,1,5,1.16,1.0,1.0,1.0,4,4,4.0,4.0,4.0,4.0,"Hypergraph(num_v=29, num_e=5)",False,0.21811985969543457
1227,STATS,142-135-augF1-full3,orig,0.05856943130493164,0.2795083522796631,0,5,10,6,4,15425.83,1,178345,78892.6,1.0,80960.0,135156.0,1.0,11945735.0,2993029.25,229.0,13190.5,3005990.75,1,1,5,1.16,1.0,1.0,1.0,4,4,4.0,4.0,4.0,4.0,"Hypergraph(num_v=29, num_e=5)",False,0.22093892097473145
1249,STATS,145-120-augF1-full1,orig,1.5074381828308105,1.6739237308502197,0,4,7,4,3,10916.95,1,300283,95315.75,14.5,40489.5,135790.75,18.0,20025.0,6692.666666666667,26.5,35.0,10030.0,1,1,4,1.1428571428571428,1.0,1.0,1.0,3,3,3.0,3.0,3.0,3.0,"Hypergraph(num_v=24, num_e=4)",False,0.16648554801940918
1250,STATS,145-120-augF1-full2,orig,1.4987852573394775,1.6930367946624756,0,4,7,4,3,10916.95,1,300283,95315.75,14.5,40489.5,135790.75,18.0,20025.0,6692.666666666667,26.5,35.0,10030.0,1,1,4,1.1428571428571428,1.0,1.0,1.0,3,3,3.0,3.0,3.0,3.0,"Hypergraph(num_v=24, num_e=4)",False,0.19425153732299805
1251,STATS,145-120-augF1-full3,orig,1.5036251544952393,1.7003672122955322,0,4,7,4,3,10916.95,1,300283,95315.75,14.5,40489.5,135790.75,18.0,20025.0,6692.666666666667,26.5,35.0,10030.0,1,1,4,1.1428571428571428,1.0,1.0,1.0,3,3,3.0,3.0,3.0,3.0,"Hypergraph(num_v=24, num_e=4)",False,0.19674205780029297
1252,STATS,145-120-augF2-full1,orig,21.94340682029724,22.229653120040894,0,4,7,4,3,204586.45,20049,300283,123076.75,65732.25,85987.5,143332.0,135708.0,47244219.0,15882038.333333334,200948.0,266188.0,23755203.5,1,1,4,1.1428571428571428,1.0,1.0,1.0,3,3,3.0,3.0,3.0,3.0,"Hypergraph(num_v=24, num_e=4)",False,0.28624629974365234
1253,STATS,145-120-augF2-full2,rewr,22.190011978149414,22.10164785385132,0,4,7,4,3,204586.45,20049,300283,123076.75,65732.25,85987.5,143332.0,135708.0,47244219.0,15882038.333333334,200948.0,266188.0,23755203.5,1,1,4,1.1428571428571428,1.0,1.0,1.0,3,3,3.0,3.0,3.0,3.0,"Hypergraph(num_v=24, num_e=4)",False,-0.0883641242980957
1254,STATS,145-120-augF2-full3,rewr,21.73470139503479,21.503401041030884,0,4,7,4,3,204586.45,20049,300283,123076.75,65732.25,85987.5,143332.0,135708.0,47244219.0,15882038.333333334,200948.0,266188.0,23755203.5,1,1,4,1.1428571428571428,1.0,1.0,1.0,3,3,3.0,3.0,3.0,3.0,"Hypergraph(num_v=24, num_e=4)",False,-0.23130035400390625
1264,SNAP,dblp-path02-full1,orig,21.509237051010132,24.066145181655884,0,4,2,0,2,2248947.85,1049866,1049866,1049866.0,1049866.0,1049866.0,1049866.0,7061145.0,47491554.0,27276349.5,17168747.25,27276349.5,37383951.75,1,1,2,1.2,1.0,1.0,1.0,2,2,2.0,2.0,2.0,2.0,"Hypergraph(num_v=6, num_e=3)",True,2.556908130645752
1265,SNAP,dblp-path02-full2,orig,21.499707221984863,24.13064217567444,0,3,2,0,2,2248947.85,1049866,1049866,1049866.0,1049866.0,1049866.0,1049866.0,7061145.0,47491554.0,27276349.5,17168747.25,27276349.5,37383951.75,1,1,2,1.2,1.0,1.0,1.0,2,2,2.0,2.0,2.0,2.0,"Hypergraph(num_v=6, num_e=3)",True,2.630934953689575
1266,SNAP,dblp-path02-full3,orig,23.5670108795166,26.3411705493927,0,3,2,0,2,2248947.85,1049866,1049866,1049866.0,1049866.0,1049866.0,1049866.0,7061145.0,47491554.0,27276349.5,17168747.25,27276349.5,37383951.75,1,1,2,1.2,1.0,1.0,1.0,2,2,2.0,2.0,2.0,2.0,"Hypergraph(num_v=6, num_e=3)",True,2.7741596698760986
1384,JOB,2a-full1,orig,0.5356967449188232,2.059082508087158,0,5,7,2,5,1657.59,1,410,84.0,1.0,1.0,7.0,8.0,221.0,67.25,8.0,20.0,79.25,2,1,3,1.1111111111111112,1.0,1.0,1.0,1,3,2.0,2.0,1.5,2.5,"Hypergraph(num_v=30, num_e=5)",True,1.523385763168335
1385,JOB,2a-full2,orig,0.5441958904266357,2.0400915145874023,0,5,7,2,5,1657.59,1,410,84.0,1.0,1.0,7.0,8.0,221.0,67.25,8.0,20.0,79.25,2,1,3,1.1111111111111112,1.0,1.0,1.0,1,3,2.0,2.0,1.5,2.5,"Hypergraph(num_v=30, num_e=5)",True,1.4958956241607666
1386,JOB,2a-full3,orig,0.534698486328125,2.0475645065307617,0,5,7,2,5,1657.59,1,410,84.0,1.0,1.0,7.0,8.0,221.0,67.25,8.0,20.0,79.25,2,1,3,1.1111111111111112,1.0,1.0,1.0,1,3,2.0,2.0,1.5,2.5,"Hypergraph(num_v=30, num_e=5)",True,1.5128660202026367
1387,JOB,2a-augF1-full1,orig,0.0024309158325195312,1.9410877227783203,0,5,7,2,5,1657.59,1,410,84.0,1.0,1.0,7.0,8.0,221.0,67.25,8.0,20.0,79.25,2,1,3,1.1111111111111112,1.0,1.0,1.0,1,3,2.0,2.0,1.5,2.5,"Hypergraph(num_v=30, num_e=5)",False,1.9386568069458008
1388,JOB,2a-augF1-full2,orig,0.002472400665283203,1.9677174091339111,0,5,7,2,5,1657.59,1,410,84.0,1.0,1.0,7.0,8.0,221.0,67.25,8.0,20.0,79.25,2,1,3,1.1111111111111112,1.0,1.0,1.0,1,3,2.0,2.0,1.5,2.5,"Hypergraph(num_v=30, num_e=5)",False,1.965245008468628
1389,JOB,2a-augF1-full3,orig,0.002732992172241211,1.979715347290039,0,5,7,2,5,1657.59,1,410,84.0,1.0,1.0,7.0,8.0,221.0,67.25,8.0,20.0,79.25,2,1,3,1.1111111111111112,1.0,1.0,1.0,1,3,2.0,2.0,1.5,2.5,"Hypergraph(num_v=30, num_e=5)",False,1.9769823551177979
1390,JOB,2a-augF2-full1,orig,0.03152966499328613,1.9676272869110107,0,5,7,2,5,1657.59,1,410,84.0,1.0,1.0,7.0,8.0,221.0,67.25,8.0,20.0,79.25,2,1,3,1.1111111111111112,1.0,1.0,1.0,1,3,2.0,2.0,1.5,2.5,"Hypergraph(num_v=30, num_e=5)",False,1.9360976219177246
1391,JOB,2a-augF2-full2,orig,0.03292417526245117,1.9577758312225342,0,5,7,2,5,1657.59,1,410,84.0,1.0,1.0,7.0,8.0,221.0,67.25,8.0,20.0,79.25,2,1,3,1.1111111111111112,1.0,1.0,1.0,1,3,2.0,2.0,1.5,2.5,"Hypergraph(num_v=30, num_e=5)",False,1.924851655960083
1392,JOB,2a-augF2-full3,orig,0.03280377388000488,1.963069200515747,0,5,7,2,5,1657.59,1,410,84.0,1.0,1.0,7.0,8.0,221.0,67.25,8.0,20.0,79.25,2,1,3,1.1111111111111112,1.0,1.0,1.0,1,3,2.0,2.0,1.5,2.5,"Hypergraph(num_v=30, num_e=5)",False,1.9302654266357422
1393,JOB,2b-full1,orig,0.5479521751403809,2.0618796348571777,0,5,7,2,5,1654.86,1,410,84.0,1.0,1.0,7.0,2.0,221.0,64.25,2.0,17.0,79.25,2,1,3,1.1111111111111112,1.0,1.0,1.0,1,3,2.0,2.0,1.5,2.5,"Hypergraph(num_v=30, num_e=5)",True,1.5139274597167969
1394,JOB,2b-full2,orig,0.5306117534637451,2.015037775039673,0,5,7,2,5,1654.86,1,410,84.0,1.0,1.0,7.0,2.0,221.0,64.25,2.0,17.0,79.25,2,1,3,1.1111111111111112,1.0,1.0,1.0,1,3,2.0,2.0,1.5,2.5,"Hypergraph(num_v=30, num_e=5)",True,1.4844260215759277
1395,JOB,2b-full3,orig,0.5321903228759766,2.0510780811309814,0,5,7,2,5,1654.86,1,410,84.0,1.0,1.0,7.0,2.0,221.0,64.25,2.0,17.0,79.25,2,1,3,1.1111111111111112,1.0,1.0,1.0,1,3,2.0,2.0,1.5,2.5,"Hypergraph(num_v=30, num_e=5)",True,1.5188877582550049
1396,JOB,2b-augF1-full1,orig,0.0018928050994873047,1.9859371185302734,0,5,7,2,5,1654.86,1,410,84.0,1.0,1.0,7.0,2.0,221.0,64.25,2.0,17.0,79.25,2,1,3,1.1111111111111112,1.0,1.0,1.0,1,3,2.0,2.0,1.5,2.5,"Hypergraph(num_v=30, num_e=5)",False,1.9840443134307861
1397,JOB,2b-augF1-full2,orig,0.0016372203826904297,1.9307358264923096,0,5,7,2,5,1654.86,1,410,84.0,1.0,1.0,7.0,2.0,221.0,64.25,2.0,17.0,79.25,2,1,3,1.1111111111111112,1.0,1.0,1.0,1,3,2.0,2.0,1.5,2.5,"Hypergraph(num_v=30, num_e=5)",False,1.9290986061096191
1398,JOB,2b-augF1-full3,orig,0.0017483234405517578,1.953235149383545,0,5,7,2,5,1654.86,1,410,84.0,1.0,1.0,7.0,2.0,221.0,64.25,2.0,17.0,79.25,2,1,3,1.1111111111111112,1.0,1.0,1.0,1,3,2.0,2.0,1.5,2.5,"Hypergraph(num_v=30, num_e=5)",False,1.9514868259429932
1399,JOB,2b-augF2-full1,orig,0.0012171268463134766,1.873448371887207,0,5,7,2,5,1654.86,1,410,84.0,1.0,1.0,7.0,2.0,221.0,64.25,2.0,17.0,79.25,2,1,3,1.1111111111111112,1.0,1.0,1.0,1,3,2.0,2.0,1.5,2.5,"Hypergraph(num_v=30, num_e=5)",False,1.8722312450408936
1400,JOB,2b-augF2-full2,orig,0.0011532306671142578,1.8357117176055908,0,5,7,2,5,1654.86,1,410,84.0,1.0,1.0,7.0,2.0,221.0,64.25,2.0,17.0,79.25,2,1,3,1.1111111111111112,1.0,1.0,1.0,1,3,2.0,2.0,1.5,2.5,"Hypergraph(num_v=30, num_e=5)",False,1.8345584869384766
1401,JOB,2b-augF2-full3,orig,0.0011522769927978516,1.8074848651885986,0,5,7,2,5,1654.86,1,410,84.0,1.0,1.0,7.0,2.0,221.0,64.25,2.0,17.0,79.25,2,1,3,1.1111111111111112,1.0,1.0,1.0,1,3,2.0,2.0,1.5,2.5,"Hypergraph(num_v=30, num_e=5)",False,1.8063325881958008
1402,JOB,2c-full1,orig,0.526045560836792,1.8611514568328857,0,5,7,2,5,1654.41,1,410,84.0,1.0,1.0,7.0,1.0,221.0,63.75,1.0,16.5,79.25,2,1,3,1.1111111111111112,1.0,1.0,1.0,1,3,2.0,2.0,1.5,2.5,"Hypergraph(num_v=30, num_e=5)",True,1.3351058959960938
1403,JOB,2c-full2,orig,0.5181138515472412,1.857125997543335,0,5,7,2,5,1654.41,1,410,84.0,1.0,1.0,7.0,1.0,221.0,63.75,1.0,16.5,79.25,2,1,3,1.1111111111111112,1.0,1.0,1.0,1,3,2.0,2.0,1.5,2.5,"Hypergraph(num_v=30, num_e=5)",True,1.3390121459960938
1404,JOB,2c-full3,orig,0.5178272724151611,1.8653090000152588,0,5,7,2,5,1654.41,1,410,84.0,1.0,1.0,7.0,1.0,221.0,63.75,1.0,16.5,79.25,2,1,3,1.1111111111111112,1.0,1.0,1.0,1,3,2.0,2.0,1.5,2.5,"Hypergraph(num_v=30, num_e=5)",True,1.3474817276000977
1405,JOB,2c-augF1-full1,orig,0.0013875961303710938,1.7835795879364014,0,5,7,2,5,1654.41,1,410,84.0,1.0,1.0,7.0,1.0,221.0,63.75,1.0,16.5,79.25,2,1,3,1.1111111111111112,1.0,1.0,1.0,1,3,2.0,2.0,1.5,2.5,"Hypergraph(num_v=30, num_e=5)",False,1.7821919918060303
1406,JOB,2c-augF1-full2,orig,0.0013875961303710938,1.7906498908996582,0,5,7,2,5,1654.41,1,410,84.0,1.0,1.0,7.0,1.0,221.0,63.75,1.0,16.5,79.25,2,1,3,1.1111111111111112,1.0,1.0,1.0,1,3,2.0,2.0,1.5,2.5,"Hypergraph(num_v=30, num_e=5)",False,1.789262294769287
1407,JOB,2c-augF1-full3,orig,0.0015256404876708984,1.8331623077392578,0,5,7,2,5,1654.41,1,410,84.0,1.0,1.0,7.0,1.0,221.0,63.75,1.0,16.5,79.25,2,1,3,1.1111111111111112,1.0,1.0,1.0,1,3,2.0,2.0,1.5,2.5,"Hypergraph(num_v=30, num_e=5)",False,1.831636667251587
1408,JOB,2c-augF2-full1,orig,0.0013697147369384766,1.8038430213928223,0,5,7,2,5,1654.41,1,410,84.0,1.0,1.0,7.0,1.0,221.0,63.75,1.0,16.5,79.25,2,1,3,1.1111111111111112,1.0,1.0,1.0,1,3,2.0,2.0,1.5,2.5,"Hypergraph(num_v=30, num_e=5)",False,1.8024733066558838
1409,JOB,2c-augF2-full2,orig,0.0013604164123535156,1.7876677513122559,0,5,7,2,5,1654.41,1,410,84.0,1.0,1.0,7.0,1.0,221.0,63.75,1.0,16.5,79.25,2,1,3,1.1111111111111112,1.0,1.0,1.0,1,3,2.0,2.0,1.5,2.5,"Hypergraph(num_v=30, num_e=5)",False,1.7863073348999023
1410,JOB,2c-augF2-full3,orig,0.0013604164123535156,1.7942795753479004,0,5,7,2,5,1654.41,1,410,84.0,1.0,1.0,7.0,1.0,221.0,63.75,1.0,16.5,79.25,2,1,3,1.1111111111111112,1.0,1.0,1.0,1,3,2.0,2.0,1.5,2.5,"Hypergraph(num_v=30, num_e=5)",False,1.7929191589355469
1411,JOB,2d-full1,orig,0.40018320083618164,3.130347967147827,0,5,7,2,5,1668.99,1,410,84.0,1.0,1.0,7.0,32.0,221.0,92.25,32.0,58.0,118.25,2,1,3,1.1111111111111112,1.0,1.0,1.0,1,3,2.0,2.0,1.5,2.5,"Hypergraph(num_v=30, num_e=5)",True,2.7301647663116455
1412,JOB,2d-full2,orig,0.250518798828125,2.8729021549224854,0,5,7,2,5,1668.99,1,410,84.0,1.0,1.0,7.0,32.0,221.0,92.25,32.0,58.0,118.25,2,1,3,1.1111111111111112,1.0,1.0,1.0,1,3,2.0,2.0,1.5,2.5,"Hypergraph(num_v=30, num_e=5)",True,2.6223833560943604
1413,JOB,2d-full3,orig,0.4280393123626709,3.3911898136138916,0,5,7,2,5,1668.99,1,410,84.0,1.0,1.0,7.0,32.0,221.0,92.25,32.0,58.0,118.25,2,1,3,1.1111111111111112,1.0,1.0,1.0,1,3,2.0,2.0,1.5,2.5,"Hypergraph(num_v=30, num_e=5)",True,2.9631505012512207
1414,JOB,2d-augF1-full1,orig,0.0011081695556640625,2.5713534355163574,0,5,7,2,5,1668.99,1,410,84.0,1.0,1.0,7.0,32.0,221.0,92.25,32.0,58.0,118.25,2,1,3,1.1111111111111112,1.0,1.0,1.0,1,3,2.0,2.0,1.5,2.5,"Hypergraph(num_v=30, num_e=5)",False,2.5702452659606934
1415,JOB,2d-augF1-full2,orig,0.0010828971862792969,2.5504488945007324,0,5,7,2,5,1668.99,1,410,84.0,1.0,1.0,7.0,32.0,221.0,92.25,32.0,58.0,118.25,2,1,3,1.1111111111111112,1.0,1.0,1.0,1,3,2.0,2.0,1.5,2.5,"Hypergraph(num_v=30, num_e=5)",False,2.549365997314453
1416,JOB,2d-augF1-full3,orig,0.0010895729064941406,2.563154458999634,0,5,7,2,5,1668.99,1,410,84.0,1.0,1.0,7.0,32.0,221.0,92.25,32.0,58.0,118.25,2,1,3,1.1111111111111112,1.0,1.0,1.0,1,3,2.0,2.0,1.5,2.5,"Hypergraph(num_v=30, num_e=5)",False,2.5620648860931396
1417,JOB,2d-augF2-full1,orig,0.0010857582092285156,2.6515533924102783,0,5,7,2,5,1668.99,1,410,84.0,1.0,1.0,7.0,32.0,221.0,92.25,32.0,58.0,118.25,2,1,3,1.1111111111111112,1.0,1.0,1.0,1,3,2.0,2.0,1.5,2.5,"Hypergraph(num_v=30, num_e=5)",False,2.65046763420105
1418,JOB,2d-augF2-full2,orig,0.0011179447174072266,2.6720387935638428,0,5,7,2,5,1668.99,1,410,84.0,1.0,1.0,7.0,32.0,221.0,92.25,32.0,58.0,118.25,2,1,3,1.1111111111111112,1.0,1.0,1.0,1,3,2.0,2.0,1.5,2.5,"Hypergraph(num_v=30, num_e=5)",False,2.6709208488464355
1419,JOB,2d-augF2-full3,orig,0.0011556148529052734,2.69529390335083,0,5,7,2,5,1668.99,1,410,84.0,1.0,1.0,7.0,32.0,221.0,92.25,32.0,58.0,118.25,2,1,3,1.1111111111111112,1.0,1.0,1.0,1,3,2.0,2.0,1.5,2.5,"Hypergraph(num_v=30, num_e=5)",False,2.694138288497925
1420,JOB,3a-full1,orig,0.0461726188659668,0.07296037673950195,0,4,7,3,4,24558.03,1,410,106.5,1.0,7.5,113.0,89.0,446.0,260.3333333333333,167.5,246.0,346.0,1,1,3,1.15,1.0,1.0,1.0,3,3,3.0,3.0,3.0,3.0,"Hypergraph(num_v=23, num_e=4)",True,0.026787757873535156
1421,JOB,3a-full2,orig,0.045946359634399414,0.07632923126220703,0,4,7,3,4,24558.03,1,410,106.5,1.0,7.5,113.0,89.0,446.0,260.3333333333333,167.5,246.0,346.0,1,1,3,1.15,1.0,1.0,1.0,3,3,3.0,3.0,3.0,3.0,"Hypergraph(num_v=23, num_e=4)",True,0.030382871627807617
1422,JOB,3a-full3,orig,0.04529380798339844,0.07259631156921387,0,4,7,3,4,24558.03,1,410,106.5,1.0,7.5,113.0,89.0,446.0,260.3333333333333,167.5,246.0,346.0,1,1,3,1.15,1.0,1.0,1.0,3,3,3.0,3.0,3.0,3.0,"Hypergraph(num_v=23, num_e=4)",True,0.02730250358581543
1423,JOB,3a-augF1-full1,orig,0.04431962966918945,0.07264852523803711,0,4,7,3,4,24455.98,1,410,106.5,1.0,7.5,113.0,73.0,446.0,240.0,137.0,201.0,323.5,1,1,3,1.15,1.0,1.0,1.0,3,3,3.0,3.0,3.0,3.0,"Hypergraph(num_v=23, num_e=4)",False,0.028328895568847656
1424,JOB,3a-augF1-full2,orig,0.04352116584777832,0.0731050968170166,0,4,7,3,4,24455.98,1,410,106.5,1.0,7.5,113.0,73.0,446.0,240.0,137.0,201.0,323.5,1,1,3,1.15,1.0,1.0,1.0,3,3,3.0,3.0,3.0,3.0,"Hypergraph(num_v=23, num_e=4)",False,0.02958393096923828
1425,JOB,3a-augF1-full3,orig,0.04464316368103027,0.07296586036682129,0,4,7,3,4,24455.98,1,410,106.5,1.0,7.5,113.0,73.0,446.0,240.0,137.0,201.0,323.5,1,1,3,1.15,1.0,1.0,1.0,3,3,3.0,3.0,3.0,3.0,"Hypergraph(num_v=23, num_e=4)",False,0.028322696685791016
1426,JOB,3a-augF2-full1,orig,0.0480036735534668,2.0559821128845215,0,4,7,3,4,24461.19,1,410,106.5,1.0,7.5,113.0,35.0,446.0,242.3333333333333,140.5,246.0,346.0,1,1,3,1.15,1.0,1.0,1.0,3,3,3.0,3.0,3.0,3.0,"Hypergraph(num_v=23, num_e=4)",False,2.0079784393310547
1427,JOB,3a-augF2-full2,orig,0.048501014709472656,2.043018102645874,0,4,7,3,4,24461.19,1,410,106.5,1.0,7.5,113.0,35.0,446.0,242.3333333333333,140.5,246.0,346.0,1,1,3,1.15,1.0,1.0,1.0,3,3,3.0,3.0,3.0,3.0,"Hypergraph(num_v=23, num_e=4)",False,1.9945170879364014
1428,JOB,3a-augF2-full3,orig,0.04846525192260742,2.064134120941162,0,4,7,3,4,24461.19,1,410,106.5,1.0,7.5,113.0,35.0,446.0,242.3333333333333,140.5,246.0,346.0,1,1,3,1.15,1.0,1.0,1.0,3,3,3.0,3.0,3.0,3.0,"Hypergraph(num_v=23, num_e=4)",False,2.0156688690185547
1429,JOB,3b-full1,orig,0.05430459976196289,1.2708210945129395,0,4,7,3,4,24297.3,1,410,106.5,1.0,7.5,113.0,1.0,446.0,204.66666666666663,84.0,167.0,306.5,1,1,3,1.15,1.0,1.0,1.0,3,3,3.0,3.0,3.0,3.0,"Hypergraph(num_v=23, num_e=4)",True,1.2165164947509766
1430,JOB,3b-full2,orig,0.05542182922363281,1.2499523162841797,0,4,7,3,4,24297.3,1,410,106.5,1.0,7.5,113.0,1.0,446.0,204.66666666666663,84.0,167.0,306.5,1,1,3,1.15,1.0,1.0,1.0,3,3,3.0,3.0,3.0,3.0,"Hypergraph(num_v=23, num_e=4)",True,1.1945304870605469
1431,JOB,3b-full3,orig,0.05551314353942871,1.251399040222168,0,4,7,3,4,24297.3,1,410,106.5,1.0,7.5,113.0,1.0,446.0,204.66666666666663,84.0,167.0,306.5,1,1,3,1.15,1.0,1.0,1.0,3,3,3.0,3.0,3.0,3.0,"Hypergraph(num_v=23, num_e=4)",True,1.1958858966827393
1432,JOB,3b-augF1-full1,orig,0.06037712097167969,1.5067362785339355,0,4,7,3,4,24523.11,1,410,106.5,1.0,7.5,113.0,1.0,446.0,247.0,147.5,294.0,370.0,1,1,3,1.15,1.0,1.0,1.0,3,3,3.0,3.0,3.0,3.0,"Hypergraph(num_v=23, num_e=4)",False,1.4463591575622559
1433,JOB,3b-augF1-full2,orig,0.06032514572143555,1.4936723709106445,0,4,7,3,4,24523.11,1,410,106.5,1.0,7.5,113.0,1.0,446.0,247.0,147.5,294.0,370.0,1,1,3,1.15,1.0,1.0,1.0,3,3,3.0,3.0,3.0,3.0,"Hypergraph(num_v=23, num_e=4)",False,1.433347225189209
1434,JOB,3b-augF1-full3,orig,0.059728384017944336,1.5114116668701172,0,4,7,3,4,24523.11,1,410,106.5,1.0,7.5,113.0,1.0,446.0,247.0,147.5,294.0,370.0,1,1,3,1.15,1.0,1.0,1.0,3,3,3.0,3.0,3.0,3.0,"Hypergraph(num_v=23, num_e=4)",False,1.4516832828521729
1435,JOB,3b-augF2-full1,orig,0.08145260810852051,1.2610225677490234,0,4,7,3,4,24297.3,1,410,106.5,1.0,7.5,113.0,1.0,446.0,204.66666666666663,84.0,167.0,306.5,1,1,3,1.15,1.0,1.0,1.0,3,3,3.0,3.0,3.0,3.0,"Hypergraph(num_v=23, num_e=4)",False,1.179569959640503
1436,JOB,3b-augF2-full2,orig,0.08178162574768066,1.2767696380615234,0,4,7,3,4,24297.3,1,410,106.5,1.0,7.5,113.0,1.0,446.0,204.66666666666663,84.0,167.0,306.5,1,1,3,1.15,1.0,1.0,1.0,3,3,3.0,3.0,3.0,3.0,"Hypergraph(num_v=23, num_e=4)",False,1.1949880123138428
1437,JOB,3b-augF2-full3,orig,0.08224153518676758,1.2599804401397705,0,4,7,3,4,24297.3,1,410,106.5,1.0,7.5,113.0,1.0,446.0,204.66666666666663,84.0,167.0,306.5,1,1,3,1.15,1.0,1.0,1.0,3,3,3.0,3.0,3.0,3.0,"Hypergraph(num_v=23, num_e=4)",False,1.177738904953003
1438,JOB,3c-full1,orig,0.07247090339660645,5.216886758804321,0,4,7,3,4,24781.92,1,410,106.75,1.75,8.0,113.0,342.0,659.0,482.3333333333333,394.0,446.0,552.5,1,1,3,1.15,1.0,1.0,1.0,3,3,3.0,3.0,3.0,3.0,"Hypergraph(num_v=23, num_e=4)",True,5.144415855407715
1439,JOB,3c-full2,orig,0.07433843612670898,5.211682558059692,0,4,7,3,4,24781.92,1,410,106.75,1.75,8.0,113.0,342.0,659.0,482.3333333333333,394.0,446.0,552.5,1,1,3,1.15,1.0,1.0,1.0,3,3,3.0,3.0,3.0,3.0,"Hypergraph(num_v=23, num_e=4)",True,5.137344121932983
1440,JOB,3c-full3,orig,0.07319331169128418,5.265295028686523,0,4,7,3,4,24781.92,1,410,106.75,1.75,8.0,113.0,342.0,659.0,482.3333333333333,394.0,446.0,552.5,1,1,3,1.15,1.0,1.0,1.0,3,3,3.0,3.0,3.0,3.0,"Hypergraph(num_v=23, num_e=4)",True,5.192101716995239
1441,JOB,3c-augF1-full1,orig,0.31723451614379883,5.65592885017395,0,4,7,3,4,24781.92,1,410,106.75,1.75,8.0,113.0,342.0,659.0,482.3333333333333,394.0,446.0,552.5,1,1,3,1.15,1.0,1.0,1.0,3,3,3.0,3.0,3.0,3.0,"Hypergraph(num_v=23, num_e=4)",False,5.338694334030151
1442,JOB,3c-augF1-full2,orig,0.3201439380645752,5.678501844406128,0,4,7,3,4,24781.92,1,410,106.75,1.75,8.0,113.0,342.0,659.0,482.3333333333333,394.0,446.0,552.5,1,1,3,1.15,1.0,1.0,1.0,3,3,3.0,3.0,3.0,3.0,"Hypergraph(num_v=23, num_e=4)",False,5.358357906341553
1443,JOB,3c-augF1-full3,orig,0.31834840774536133,5.791183233261108,0,4,7,3,4,24781.92,1,410,106.75,1.75,8.0,113.0,342.0,659.0,482.3333333333333,394.0,446.0,552.5,1,1,3,1.15,1.0,1.0,1.0,3,3,3.0,3.0,3.0,3.0,"Hypergraph(num_v=23, num_e=4)",False,5.472834825515747
1444,JOB,3c-augF2-full1,orig,0.07759904861450195,3.786966323852539,0,4,7,3,4,24703.33,1,410,106.75,1.75,8.0,113.0,342.0,534.0,440.6666666666667,394.0,446.0,490.0,1,1,3,1.15,1.0,1.0,1.0,3,3,3.0,3.0,3.0,3.0,"Hypergraph(num_v=23, num_e=4)",False,3.709367275238037
1445,JOB,3c-augF2-full2,orig,0.07744407653808594,3.7817301750183105,0,4,7,3,4,24703.33,1,410,106.75,1.75,8.0,113.0,342.0,534.0,440.6666666666667,394.0,446.0,490.0,1,1,3,1.15,1.0,1.0,1.0,3,3,3.0,3.0,3.0,3.0,"Hypergraph(num_v=23, num_e=4)",False,3.7042860984802246
1446,JOB,3c-augF2-full3,orig,0.07692837715148926,3.765479564666748,0,4,7,3,4,24703.33,1,410,106.75,1.75,8.0,113.0,342.0,534.0,440.6666666666667,394.0,446.0,490.0,1,1,3,1.15,1.0,1.0,1.0,3,3,3.0,3.0,3.0,3.0,"Hypergraph(num_v=23, num_e=4)",False,3.688551187515259
1447,JOB,5a-full1,orig,0.23810434341430664,3.0359480381011963,0,5,10,5,5,68081.56,1,493,99.4,1.0,1.0,1.0,18.0,123.0,56.75,18.0,43.0,81.75,2,1,3,1.1304347826086956,1.0,1.0,1.0,2,2,2.0,2.0,2.0,2.0,"Hypergraph(num_v=26, num_e=5)",True,2.7978436946868896
1448,JOB,5a-full2,orig,0.2420792579650879,3.02923321723938,0,5,10,5,5,68081.56,1,493,99.4,1.0,1.0,1.0,18.0,123.0,56.75,18.0,43.0,81.75,2,1,3,1.1304347826086956,1.0,1.0,1.0,2,2,2.0,2.0,2.0,2.0,"Hypergraph(num_v=26, num_e=5)",True,2.787153959274292
1449,JOB,5a-full3,orig,0.23662734031677246,3.0235097408294678,0,5,10,5,5,68081.56,1,493,99.4,1.0,1.0,1.0,18.0,123.0,56.75,18.0,43.0,81.75,2,1,3,1.1304347826086956,1.0,1.0,1.0,2,2,2.0,2.0,2.0,2.0,"Hypergraph(num_v=26, num_e=5)",True,2.7868824005126953
1450,JOB,5a-augF1-full1,orig,0.22600269317626953,2.846269130706787,0,5,10,5,5,68034.7,1,493,99.4,1.0,1.0,1.0,12.0,123.0,48.25,12.0,29.0,65.25,2,1,3,1.1304347826086956,1.0,1.0,1.0,2,2,2.0,2.0,2.0,2.0,"Hypergraph(num_v=26, num_e=5)",False,2.6202664375305176
1451,JOB,5a-augF1-full2,orig,0.21725225448608398,2.7001266479492188,0,5,10,5,5,68034.7,1,493,99.4,1.0,1.0,1.0,12.0,123.0,48.25,12.0,29.0,65.25,2,1,3,1.1304347826086956,1.0,1.0,1.0,2,2,2.0,2.0,2.0,2.0,"Hypergraph(num_v=26, num_e=5)",False,2.4828743934631348
1452,JOB,5a-augF1-full3,orig,0.21725845336914062,2.660517454147339,0,5,10,5,5,68034.7,1,493,99.4,1.0,1.0,1.0,12.0,123.0,48.25,12.0,29.0,65.25,2,1,3,1.1304347826086956,1.0,1.0,1.0,2,2,2.0,2.0,2.0,2.0,"Hypergraph(num_v=26, num_e=5)",False,2.4432590007781982
1453,JOB,5a-augF2-full1,orig,0.2276461124420166,2.914107322692871,0,5,10,5,5,69125.87,1,944,212.0,1.0,1.0,113.0,35.0,236.0,109.0,35.0,82.5,156.5,2,1,3,1.1304347826086956,1.0,1.0,1.0,2,2,2.0,2.0,2.0,2.0,"Hypergraph(num_v=26, num_e=5)",False,2.6864612102508545
1454,JOB,5a-augF2-full2,orig,0.22571182250976562,2.918184280395508,0,5,10,5,5,69125.87,1,944,212.0,1.0,1.0,113.0,35.0,236.0,109.0,35.0,82.5,156.5,2,1,3,1.1304347826086956,1.0,1.0,1.0,2,2,2.0,2.0,2.0,2.0,"Hypergraph(num_v=26, num_e=5)",False,2.692472457885742
1455,JOB,5a-augF2-full3,orig,0.21943068504333496,2.733032464981079,0,5,10,5,5,69125.87,1,944,212.0,1.0,1.0,113.0,35.0,236.0,109.0,35.0,82.5,156.5,2,1,3,1.1304347826086956,1.0,1.0,1.0,2,2,2.0,2.0,2.0,2.0,"Hypergraph(num_v=26, num_e=5)",False,2.513601779937744
1456,JOB,5b-full1,orig,0.20932602882385254,1.5098397731781006,0,5,11,6,5,72091.95,1,19,4.8,1.0,1.0,2.0,2.0,5.0,2.75,2.0,2.0,2.75,2,1,3,1.1304347826086956,1.0,1.0,1.0,1,3,2.0,2.0,1.5,2.5,"Hypergraph(num_v=26, num_e=5)",True,1.300513744354248
1457,JOB,5b-full2,orig,0.20834851264953613,1.495826244354248,0,5,11,6,5,72091.95,1,19,4.8,1.0,1.0,2.0,2.0,5.0,2.75,2.0,2.0,2.75,2,1,3,1.1304347826086956,1.0,1.0,1.0,1,3,2.0,2.0,1.5,2.5,"Hypergraph(num_v=26, num_e=5)",True,1.287477731704712
1458,JOB,5b-full3,orig,0.2109363079071045,1.5341434478759766,0,5,11,6,5,72091.95,1,19,4.8,1.0,1.0,2.0,2.0,5.0,2.75,2.0,2.0,2.75,2,1,3,1.1304347826086956,1.0,1.0,1.0,1,3,2.0,2.0,1.5,2.5,"Hypergraph(num_v=26, num_e=5)",True,1.323207139968872
1459,JOB,5b-augF1-full1,orig,0.21112346649169922,1.496042013168335,0,5,11,6,5,72100.52,1,22,5.4,1.0,1.0,2.0,2.0,6.0,3.0,2.0,2.0,3.0,2,1,3,1.1304347826086956,1.0,1.0,1.0,1,3,2.0,2.0,1.5,2.5,"Hypergraph(num_v=26, num_e=5)",False,1.2849185466766357
1460,JOB,5b-augF1-full2,orig,0.20662331581115723,1.490842342376709,0,5,11,6,5,72100.52,1,22,5.4,1.0,1.0,2.0,2.0,6.0,3.0,2.0,2.0,3.0,2,1,3,1.1304347826086956,1.0,1.0,1.0,1,3,2.0,2.0,1.5,2.5,"Hypergraph(num_v=26, num_e=5)",False,1.2842190265655518
1461,JOB,5b-augF1-full3,orig,0.206129789352417,1.4942400455474854,0,5,11,6,5,72100.52,1,22,5.4,1.0,1.0,2.0,2.0,6.0,3.0,2.0,2.0,3.0,2,1,3,1.1304347826086956,1.0,1.0,1.0,1,3,2.0,2.0,1.5,2.5,"Hypergraph(num_v=26, num_e=5)",False,1.2881102561950684
1462,JOB,5b-augF2-full1,orig,0.20822453498840332,1.0924770832061768,0,5,11,6,5,72091.39,1,19,4.6,1.0,1.0,1.0,1.0,5.0,2.25,1.0,1.5,2.75,2,1,3,1.1304347826086956,1.0,1.0,1.0,1,3,2.0,2.0,1.5,2.5,"Hypergraph(num_v=26, num_e=5)",False,0.8842525482177734
1463,JOB,5b-augF2-full2,orig,0.20664644241333008,1.0904850959777832,0,5,11,6,5,72091.39,1,19,4.6,1.0,1.0,1.0,1.0,5.0,2.25,1.0,1.5,2.75,2,1,3,1.1304347826086956,1.0,1.0,1.0,1,3,2.0,2.0,1.5,2.5,"Hypergraph(num_v=26, num_e=5)",False,0.8838386535644531
1464,JOB,5b-augF2-full3,orig,0.20845484733581543,1.1075868606567383,0,5,11,6,5,72091.39,1,19,4.6,1.0,1.0,1.0,1.0,5.0,2.25,1.0,1.5,2.75,2,1,3,1.1304347826086956,1.0,1.0,1.0,1,3,2.0,2.0,1.5,2.5,"Hypergraph(num_v=26, num_e=5)",False,0.8991320133209229
1465,JOB,5c-full1,orig,0.29200077056884766,3.580165386199951,0,5,10,5,5,151649.33,1,96912,19405.8,1.0,2.0,113.0,18592.0,26207.0,23808.5,22819.0,25217.5,26207.0,2,1,3,1.1304347826086956,1.0,1.0,1.0,1,3,2.0,2.0,1.5,2.5,"Hypergraph(num_v=26, num_e=5)",True,3.2881646156311035
1466,JOB,5c-full2,orig,0.27742505073547363,3.799614906311035,0,5,10,5,5,151649.33,1,96912,19405.8,1.0,2.0,113.0,18592.0,26207.0,23808.5,22819.0,25217.5,26207.0,2,1,3,1.1304347826086956,1.0,1.0,1.0,1,3,2.0,2.0,1.5,2.5,"Hypergraph(num_v=26, num_e=5)",True,3.5221898555755615
1467,JOB,5c-full3,orig,0.26192212104797363,3.345757007598877,0,5,10,5,5,151649.33,1,96912,19405.8,1.0,2.0,113.0,18592.0,26207.0,23808.5,22819.0,25217.5,26207.0,2,1,3,1.1304347826086956,1.0,1.0,1.0,1,3,2.0,2.0,1.5,2.5,"Hypergraph(num_v=26, num_e=5)",True,3.0838348865509033
1468,JOB,5c-augF1-full1,orig,0.2571401596069336,1.4195225238800049,0,5,10,5,5,141997.07,1,96912,19405.6,1.0,1.0,113.0,36.0,24228.0,10723.0,36.0,9314.0,20001.0,2,1,3,1.1304347826086956,1.0,1.0,1.0,2,2,2.0,2.0,2.0,2.0,"Hypergraph(num_v=26, num_e=5)",False,1.1623823642730713
1469,JOB,5c-augF1-full2,orig,0.2566342353820801,1.4144721031188965,0,5,10,5,5,141997.07,1,96912,19405.6,1.0,1.0,113.0,36.0,24228.0,10723.0,36.0,9314.0,20001.0,2,1,3,1.1304347826086956,1.0,1.0,1.0,2,2,2.0,2.0,2.0,2.0,"Hypergraph(num_v=26, num_e=5)",False,1.1578378677368164
1470,JOB,5c-augF1-full3,orig,0.26184749603271484,1.5603532791137695,0,5,10,5,5,141997.07,1,96912,19405.6,1.0,1.0,113.0,36.0,24228.0,10723.0,36.0,9314.0,20001.0,2,1,3,1.1304347826086956,1.0,1.0,1.0,2,2,2.0,2.0,2.0,2.0,"Hypergraph(num_v=26, num_e=5)",False,1.2985057830810547
1471,JOB,5c-augF2-full1,orig,0.2810189723968506,3.5662379264831543,0,5,10,5,5,176139.42,1,135864,27196.2,1.0,2.0,113.0,26065.0,36739.0,33377.25,31990.75,35352.5,36739.0,2,1,3,1.1304347826086956,1.0,1.0,1.0,1,3,2.0,2.0,1.5,2.5,"Hypergraph(num_v=26, num_e=5)",False,3.2852189540863037
1472,JOB,5c-augF2-full2,orig,0.28116917610168457,3.5681893825531006,0,5,10,5,5,176139.42,1,135864,27196.2,1.0,2.0,113.0,26065.0,36739.0,33377.25,31990.75,35352.5,36739.0,2,1,3,1.1304347826086956,1.0,1.0,1.0,1,3,2.0,2.0,1.5,2.5,"Hypergraph(num_v=26, num_e=5)",False,3.287020206451416
1473,JOB,5c-augF2-full3,orig,0.2806999683380127,3.688840389251709,0,5,10,5,5,176139.42,1,135864,27196.2,1.0,2.0,113.0,26065.0,36739.0,33377.25,31990.75,35352.5,36739.0,2,1,3,1.1304347826086956,1.0,1.0,1.0,1,3,2.0,2.0,1.5,2.5,"Hypergraph(num_v=26, num_e=5)",False,3.4081404209136963
1474,JOB,17d-full1,orig,8.792699098587036,40.85100507736206,0,7,11,2,9,5558.76,1,410,65.42857142857143,1.0,1.0,22.0,1.0,1155.0,198.5,1.0,1.0,24.25,2,1,4,1.0952380952380951,1.0,1.0,1.0,1,3,2.0,2.0,1.5,2.5,"Hypergraph(num_v=46, num_e=7)",True,32.058305978775024
1475,JOB,17d-full2,orig,8.86396336555481,40.93734955787659,0,7,11,2,9,5558.76,1,410,65.42857142857143,1.0,1.0,22.0,1.0,1155.0,198.5,1.0,1.0,24.25,2,1,4,1.0952380952380951,1.0,1.0,1.0,1,3,2.0,2.0,1.5,2.5,"Hypergraph(num_v=46, num_e=7)",True,32.07338619232178
1476,JOB,17d-full3,orig,8.21654224395752,40.95589637756348,0,7,11,2,9,5558.76,1,410,65.42857142857143,1.0,1.0,22.0,1.0,1155.0,198.5,1.0,1.0,24.25,2,1,4,1.0952380952380951,1.0,1.0,1.0,1,3,2.0,2.0,1.5,2.5,"Hypergraph(num_v=46, num_e=7)",True,32.73935413360596
1477,JOB,17d-augF1-full1,orig,8.449998378753662,42.318105936050415,0,7,11,2,9,5690.26,1,410,65.42857142857143,1.0,1.0,22.0,12.0,1155.0,212.8333333333333,17.0,32.5,33.0,2,1,4,1.0952380952380951,1.0,1.0,1.0,1,3,2.0,2.0,1.5,2.5,"Hypergraph(num_v=46, num_e=7)",False,33.86810755729675
1478,JOB,17d-augF1-full2,orig,8.405533075332642,42.01687550544739,0,7,11,2,9,5690.26,1,410,65.42857142857143,1.0,1.0,22.0,12.0,1155.0,212.8333333333333,17.0,32.5,33.0,2,1,4,1.0952380952380951,1.0,1.0,1.0,1,3,2.0,2.0,1.5,2.5,"Hypergraph(num_v=46, num_e=7)",False,33.611342430114746
1479,JOB,17d-augF1-full3,orig,8.351308584213257,42.14814257621765,0,7,11,2,9,5690.26,1,410,65.42857142857143,1.0,1.0,22.0,12.0,1155.0,212.8333333333333,17.0,32.5,33.0,2,1,4,1.0952380952380951,1.0,1.0,1.0,1,3,2.0,2.0,1.5,2.5,"Hypergraph(num_v=46, num_e=7)",False,33.796833992004395
1480,JOB,17d-augF2-full1,orig,0.005014181137084961,37.05660557746887,0,7,11,2,9,5558.76,1,410,65.42857142857143,1.0,1.0,22.0,1.0,1155.0,198.5,1.0,1.0,24.25,2,1,4,1.0952380952380951,1.0,1.0,1.0,1,3,2.0,2.0,1.5,2.5,"Hypergraph(num_v=46, num_e=7)",False,37.05159139633179
1481,JOB,17d-augF2-full2,orig,0.005186557769775391,36.72655415534973,0,7,11,2,9,5558.76,1,410,65.42857142857143,1.0,1.0,22.0,1.0,1155.0,198.5,1.0,1.0,24.25,2,1,4,1.0952380952380951,1.0,1.0,1.0,1,3,2.0,2.0,1.5,2.5,"Hypergraph(num_v=46, num_e=7)",False,36.721367597579956
1482,JOB,17d-augF2-full3,orig,0.005030155181884766,36.83970379829407,0,7,11,2,9,5558.76,1,410,65.42857142857143,1.0,1.0,22.0,1.0,1155.0,198.5,1.0,1.0,24.25,2,1,4,1.0952380952380951,1.0,1.0,1.0,1,3,2.0,2.0,1.5,2.5,"Hypergraph(num_v=46, num_e=7)",False,36.83467364311218
1483,JOB,17e-full1,orig,2.193122625350952,83.77403712272644,0,7,11,2,9,7648.96,1,410,65.42857142857143,1.0,1.0,22.0,32.0,1263.0,482.5,45.0,152.5,1002.5,2,1,4,1.0952380952380951,1.0,1.0,1.0,1,4,2.0,1.0,1.0,2.5,"Hypergraph(num_v=46, num_e=7)",True,81.58091449737549
1484,JOB,17e-full2,orig,2.2914319038391113,84.56742596626282,0,7,11,2,9,7648.96,1,410,65.42857142857143,1.0,1.0,22.0,32.0,1263.0,482.5,45.0,152.5,1002.5,2,1,4,1.0952380952380951,1.0,1.0,1.0,1,4,2.0,1.0,1.0,2.5,"Hypergraph(num_v=46, num_e=7)",True,82.2759940624237
1485,JOB,17e-full3,orig,2.25337815284729,83.80081057548523,0,7,11,2,9,7648.96,1,410,65.42857142857143,1.0,1.0,22.0,32.0,1263.0,482.5,45.0,152.5,1002.5,2,1,4,1.0952380952380951,1.0,1.0,1.0,1,4,2.0,1.0,1.0,2.5,"Hypergraph(num_v=46, num_e=7)",True,81.54743242263794
1486,JOB,17e-augF1-full1,orig,0.5684421062469482,78.96557021141052,0,7,11,2,9,2285.2,1,410,65.42857142857143,1.0,1.0,22.0,1.0,221.0,47.16666666666666,4.25,14.0,27.5,2,1,4,1.0952380952380951,1.0,1.0,1.0,1,4,2.0,1.0,1.0,2.5,"Hypergraph(num_v=46, num_e=7)",False,78.39712810516357
1487,JOB,17e-augF1-full2,orig,0.5756587982177734,79.48696160316467,0,7,11,2,9,2285.2,1,410,65.42857142857143,1.0,1.0,22.0,1.0,221.0,47.16666666666666,4.25,14.0,27.5,2,1,4,1.0952380952380951,1.0,1.0,1.0,1,4,2.0,1.0,1.0,2.5,"Hypergraph(num_v=46, num_e=7)",False,78.9113028049469
1488,JOB,17e-augF1-full3,orig,0.5709660053253174,79.50084686279297,0,7,11,2,9,2285.2,1,410,65.42857142857143,1.0,1.0,22.0,1.0,221.0,47.16666666666666,4.25,14.0,27.5,2,1,4,1.0952380952380951,1.0,1.0,1.0,1,4,2.0,1.0,1.0,2.5,"Hypergraph(num_v=46, num_e=7)",False,78.92988085746765
1489,JOB,17e-augF2-full1,orig,0.04793906211853027,82.4254310131073,0,7,11,2,9,7648.96,1,410,65.42857142857143,1.0,1.0,22.0,32.0,1263.0,482.5,45.0,152.5,1002.5,2,1,4,1.0952380952380951,1.0,1.0,1.0,1,4,2.0,1.0,1.0,2.5,"Hypergraph(num_v=46, num_e=7)",False,82.37749195098877
1490,JOB,17e-augF2-full2,orig,0.04798555374145508,81.0458288192749,0,7,11,2,9,7648.96,1,410,65.42857142857143,1.0,1.0,22.0,32.0,1263.0,482.5,45.0,152.5,1002.5,2,1,4,1.0952380952380951,1.0,1.0,1.0,1,4,2.0,1.0,1.0,2.5,"Hypergraph(num_v=46, num_e=7)",False,80.99784326553345
1491,JOB,17e-augF2-full3,orig,0.04750370979309082,81.55266451835632,0,7,11,2,9,7648.96,1,410,65.42857142857143,1.0,1.0,22.0,32.0,1263.0,482.5,45.0,152.5,1002.5,2,1,4,1.0952380952380951,1.0,1.0,1.0,1,4,2.0,1.0,1.0,2.5,"Hypergraph(num_v=46, num_e=7)",False,81.50516080856323
1492,JOB,17f-full1,orig,2.534212350845337,58.062214612960815,0,7,11,2,9,7570.16,1,410,65.42857142857143,1.0,1.0,22.0,32.0,1155.0,412.0,70.75,360.0,533.0,2,1,4,1.0952380952380951,1.0,1.0,1.0,1,3,2.0,2.0,1.5,2.5,"Hypergraph(num_v=46, num_e=7)",True,55.52800226211548
1493,JOB,17f-full2,orig,2.4490530490875244,58.22609305381775,0,7,11,2,9,7570.16,1,410,65.42857142857143,1.0,1.0,22.0,32.0,1155.0,412.0,70.75,360.0,533.0,2,1,4,1.0952380952380951,1.0,1.0,1.0,1,3,2.0,2.0,1.5,2.5,"Hypergraph(num_v=46, num_e=7)",True,55.777040004730225
1494,JOB,17f-full3,orig,2.4951608180999756,58.21408653259277,0,7,11,2,9,7570.16,1,410,65.42857142857143,1.0,1.0,22.0,32.0,1155.0,412.0,70.75,360.0,533.0,2,1,4,1.0952380952380951,1.0,1.0,1.0,1,3,2.0,2.0,1.5,2.5,"Hypergraph(num_v=46, num_e=7)",True,55.7189257144928
1495,JOB,17f-augF1-full1,orig,2.4847159385681152,48.94864821434021,0,7,11,2,9,6948.25,1,410,65.42857142857143,1.0,1.0,22.0,32.0,1155.0,346.5,56.0,247.0,366.0,2,1,4,1.0952380952380951,1.0,1.0,1.0,1,3,2.0,2.0,1.5,2.5,"Hypergraph(num_v=46, num_e=7)",False,46.463932275772095
1496,JOB,17f-augF1-full2,orig,2.3450429439544678,49.307947397232056,0,7,11,2,9,6948.25,1,410,65.42857142857143,1.0,1.0,22.0,32.0,1155.0,346.5,56.0,247.0,366.0,2,1,4,1.0952380952380951,1.0,1.0,1.0,1,3,2.0,2.0,1.5,2.5,"Hypergraph(num_v=46, num_e=7)",False,46.96290445327759
1497,JOB,17f-augF1-full3,orig,2.4511499404907227,48.574514389038086,0,7,11,2,9,6948.25,1,410,65.42857142857143,1.0,1.0,22.0,32.0,1155.0,346.5,56.0,247.0,366.0,2,1,4,1.0952380952380951,1.0,1.0,1.0,1,3,2.0,2.0,1.5,2.5,"Hypergraph(num_v=46, num_e=7)",False,46.12336444854736
1498,JOB,17f-augF2-full1,orig,0.0029189586639404297,53.44491100311279,0,7,11,2,9,7570.16,1,410,65.42857142857143,1.0,1.0,22.0,32.0,1155.0,412.0,70.75,360.0,533.0,2,1,4,1.0952380952380951,1.0,1.0,1.0,1,3,2.0,2.0,1.5,2.5,"Hypergraph(num_v=46, num_e=7)",False,53.44199204444885
1499,JOB,17f-augF2-full2,orig,0.0029087066650390625,52.33627772331238,0,7,11,2,9,7570.16,1,410,65.42857142857143,1.0,1.0,22.0,32.0,1155.0,412.0,70.75,360.0,533.0,2,1,4,1.0952380952380951,1.0,1.0,1.0,1,3,2.0,2.0,1.5,2.5,"Hypergraph(num_v=46, num_e=7)",False,52.33336901664734
1500,JOB,17f-augF2-full3,orig,0.003098011016845703,53.50225853919983,0,7,11,2,9,7570.16,1,410,65.42857142857143,1.0,1.0,22.0,32.0,1155.0,412.0,70.75,360.0,533.0,2,1,4,1.0952380952380951,1.0,1.0,1.0,1,3,2.0,2.0,1.5,2.5,"Hypergraph(num_v=46, num_e=7)",False,53.49916052818298
1501,JOB,20a-full1,orig,0.3802604675292969,40.81818723678589,0,10,19,7,12,12676.5,1,410,46.3,1.0,1.0,6.5,1.0,253.0,61.888888888888886,2.0,7.0,29.0,2,1,4,1.0851063829787233,1.0,1.0,1.0,1,5,2.25,1.5,1.0,2.75,"Hypergraph(num_v=51, num_e=10)",True,40.43792676925659
1502,JOB,20a-full2,orig,0.38146138191223145,40.81244516372681,0,10,19,7,12,12676.5,1,410,46.3,1.0,1.0,6.5,1.0,253.0,61.888888888888886,2.0,7.0,29.0,2,1,4,1.0851063829787233,1.0,1.0,1.0,1,5,2.25,1.5,1.0,2.75,"Hypergraph(num_v=51, num_e=10)",True,40.430983781814575
1503,JOB,20a-full3,orig,0.3902101516723633,40.63812255859375,0,10,19,7,12,12676.5,1,410,46.3,1.0,1.0,6.5,1.0,253.0,61.888888888888886,2.0,7.0,29.0,2,1,4,1.0851063829787233,1.0,1.0,1.0,1,5,2.25,1.5,1.0,2.75,"Hypergraph(num_v=51, num_e=10)",True,40.24791240692139
1504,JOB,20a-augF1-full1,orig,0.17192840576171875,40.653355836868286,0,10,19,7,12,12676.5,1,410,46.3,1.0,1.0,6.5,1.0,253.0,61.888888888888886,2.0,7.0,29.0,2,1,4,1.0851063829787233,1.0,1.0,1.0,1,5,2.25,1.5,1.0,2.75,"Hypergraph(num_v=51, num_e=10)",False,40.48142743110657
1505,JOB,20a-augF1-full2,orig,0.1717362403869629,40.59730315208435,0,10,19,7,12,12676.5,1,410,46.3,1.0,1.0,6.5,1.0,253.0,61.888888888888886,2.0,7.0,29.0,2,1,4,1.0851063829787233,1.0,1.0,1.0,1,5,2.25,1.5,1.0,2.75,"Hypergraph(num_v=51, num_e=10)",False,40.42556691169739
1506,JOB,20a-augF1-full3,orig,0.1693129539489746,40.561548471450806,0,10,19,7,12,12676.5,1,410,46.3,1.0,1.0,6.5,1.0,253.0,61.888888888888886,2.0,7.0,29.0,2,1,4,1.0851063829787233,1.0,1.0,1.0,1,5,2.25,1.5,1.0,2.75,"Hypergraph(num_v=51, num_e=10)",False,40.39223551750183
1507,JOB,20a-augF2-full1,orig,0.38386106491088867,40.323373794555664,0,10,19,7,12,12676.49,1,410,46.3,1.0,1.0,6.5,1.0,253.0,61.888888888888886,2.0,7.0,29.0,2,1,4,1.0851063829787233,1.0,1.0,1.0,1,5,2.25,1.5,1.0,2.75,"Hypergraph(num_v=51, num_e=10)",False,39.939512729644775
1508,JOB,20a-augF2-full2,orig,0.3745090961456299,40.51502299308777,0,10,19,7,12,12676.49,1,410,46.3,1.0,1.0,6.5,1.0,253.0,61.888888888888886,2.0,7.0,29.0,2,1,4,1.0851063829787233,1.0,1.0,1.0,1,5,2.25,1.5,1.0,2.75,"Hypergraph(num_v=51, num_e=10)",False,40.14051389694214
1509,JOB,20a-augF2-full3,orig,0.3779330253601074,40.440422773361206,0,10,19,7,12,12676.49,1,410,46.3,1.0,1.0,6.5,1.0,253.0,61.888888888888886,2.0,7.0,29.0,2,1,4,1.0851063829787233,1.0,1.0,1.0,1,5,2.25,1.5,1.0,2.75,"Hypergraph(num_v=51, num_e=10)",False,40.0624897480011
1510,JOB,20b-full1,orig,0.26459789276123047,0.7387979030609131,0,10,20,8,12,12604.85,1,410,46.3,1.0,1.0,6.5,1.0,253.0,52.333333333333336,1.0,5.0,21.0,2,1,4,1.0851063829787233,1.0,1.0,1.0,1,4,2.25,2.0,1.75,2.5,"Hypergraph(num_v=51, num_e=10)",True,0.4742000102996826
1511,JOB,20b-full2,orig,0.25380611419677734,0.6934912204742432,0,10,20,8,12,12604.85,1,410,46.3,1.0,1.0,6.5,1.0,253.0,52.333333333333336,1.0,5.0,21.0,2,1,4,1.0851063829787233,1.0,1.0,1.0,1,4,2.25,2.0,1.75,2.5,"Hypergraph(num_v=51, num_e=10)",True,0.4396851062774658
1512,JOB,20b-full3,orig,0.33626437187194824,0.820716381072998,0,10,20,8,12,12604.85,1,410,46.3,1.0,1.0,6.5,1.0,253.0,52.333333333333336,1.0,5.0,21.0,2,1,4,1.0851063829787233,1.0,1.0,1.0,1,4,2.25,2.0,1.75,2.5,"Hypergraph(num_v=51, num_e=10)",True,0.4844520092010498
1513,JOB,20b-augF1-full1,orig,0.2550325393676758,0.639319896697998,0,10,20,8,12,12604.84,1,410,46.3,1.0,1.0,6.5,1.0,253.0,52.333333333333336,1.0,5.0,21.0,2,1,4,1.0851063829787233,1.0,1.0,1.0,1,4,2.25,2.0,1.75,2.5,"Hypergraph(num_v=51, num_e=10)",False,0.38428735733032227
1514,JOB,20b-augF1-full2,orig,0.2532508373260498,0.6432671546936035,0,10,20,8,12,12604.84,1,410,46.3,1.0,1.0,6.5,1.0,253.0,52.333333333333336,1.0,5.0,21.0,2,1,4,1.0851063829787233,1.0,1.0,1.0,1,4,2.25,2.0,1.75,2.5,"Hypergraph(num_v=51, num_e=10)",False,0.3900163173675537
1515,JOB,20b-augF1-full3,orig,0.2603309154510498,0.6943280696868896,0,10,20,8,12,12604.84,1,410,46.3,1.0,1.0,6.5,1.0,253.0,52.333333333333336,1.0,5.0,21.0,2,1,4,1.0851063829787233,1.0,1.0,1.0,1,4,2.25,2.0,1.75,2.5,"Hypergraph(num_v=51, num_e=10)",False,0.43399715423583984
1516,JOB,20b-augF2-full1,orig,0.019680261611938477,0.5026979446411133,0,10,20,8,12,1667.91,1,410,45.6,1.0,1.0,1.75,1.0,32.0,7.0,1.0,1.0,3.0,2,1,4,1.0851063829787233,1.0,1.0,1.0,1,4,2.25,2.0,1.75,2.5,"Hypergraph(num_v=51, num_e=10)",False,0.4830176830291748
1517,JOB,20b-augF2-full2,orig,0.018807172775268555,0.47467947006225586,0,10,20,8,12,1667.91,1,410,45.6,1.0,1.0,1.75,1.0,32.0,7.0,1.0,1.0,3.0,2,1,4,1.0851063829787233,1.0,1.0,1.0,1,4,2.25,2.0,1.75,2.5,"Hypergraph(num_v=51, num_e=10)",False,0.4558722972869873
1518,JOB,20b-augF2-full3,orig,0.018754959106445312,0.4658188819885254,0,10,20,8,12,1667.91,1,410,45.6,1.0,1.0,1.75,1.0,32.0,7.0,1.0,1.0,3.0,2,1,4,1.0851063829787233,1.0,1.0,1.0,1,4,2.25,2.0,1.75,2.5,"Hypergraph(num_v=51, num_e=10)",False,0.4470639228820801
1522,LSQB,q4-full1,orig,11.166679620742798,16.372451543807983,0,4,3,0,3,1.841784108953773e+17,815205,3148317,1609327.625,1135242.5,1290166.0,1896094.25,48023143921.0,1.2278560618272776e+19,4.092853572477311e+18,49579578584.0,51136013247.0,6.139280334704394e+18,1,1,4,1.6,1.0,1.0,1.0,3,3,3.0,3.0,3.0,3.0,"Hypergraph(num_v=8, num_e=4)",True,5.2057719230651855
1523,LSQB,q4-full2,orig,11.148036479949951,16.367714881896973,0,4,3,0,3,1.841784108953773e+17,815205,3148317,1609327.625,1135242.5,1290166.0,1896094.25,48023143921.0,1.2278560618272776e+19,4.092853572477311e+18,49579578584.0,51136013247.0,6.139280334704394e+18,1,1,4,1.6,1.0,1.0,1.0,3,3,3.0,3.0,3.0,3.0,"Hypergraph(num_v=8, num_e=4)",True,5.2196784019470215
1524,LSQB,q4-full3,orig,11.369459390640259,16.583033561706543,0,4,3,0,3,1.841784108953773e+17,815205,3148317,1609327.625,1135242.5,1290166.0,1896094.25,48023143921.0,1.2278560618272776e+19,4.092853572477311e+18,49579578584.0,51136013247.0,6.139280334704394e+18,1,1,4,1.6,1.0,1.0,1.0,3,3,3.0,3.0,3.0,3.0,"Hypergraph(num_v=8, num_e=4)",True,5.213574171066284
1525,HETIO,2-01-CbGaD-full1,orig,0.05735969543457031,0.09463644027709961,0,5,4,0,4,1172.31,1,25246,10015.6,137.0,1552.0,23142.0,626.0,2361.0,1200.75,626.0,908.0,1482.75,2,1,3,1.4285714285714286,1.0,1.0,1.5,1,3,2.0,2.0,1.5,2.5,"Hypergraph(num_v=10, num_e=5)",True,0.0372767448425293
1526,HETIO,2-01-CbGaD-full2,orig,0.05852794647216797,0.09149432182312012,0,5,4,0,4,1172.31,1,25246,10015.6,137.0,1552.0,23142.0,626.0,2361.0,1200.75,626.0,908.0,1482.75,2,1,3,1.4285714285714286,1.0,1.0,1.5,1,3,2.0,2.0,1.5,2.5,"Hypergraph(num_v=10, num_e=5)",True,0.03296637535095215
1527,HETIO,2-01-CbGaD-full3,orig,0.06021404266357422,0.09178376197814941,0,5,4,0,4,1172.31,1,25246,10015.6,137.0,1552.0,23142.0,626.0,2361.0,1200.75,626.0,908.0,1482.75,2,1,3,1.4285714285714286,1.0,1.0,1.5,1,3,2.0,2.0,1.5,2.5,"Hypergraph(num_v=10, num_e=5)",True,0.031569719314575195
1528,HETIO,2-02-CdGuD-full1,orig,0.07176089286804199,0.19779205322265625,0,5,4,0,4,10496.72,137,261930,106646.8,1552.0,20945.0,248670.0,3079.0,589170.0,158604.0,3079.0,21083.5,176608.5,2,1,3,1.4285714285714286,1.0,1.0,1.5,1,3,2.0,2.0,1.5,2.5,"Hypergraph(num_v=10, num_e=5)",True,0.12603116035461426
1529,HETIO,2-02-CdGuD-full2,orig,0.07251596450805664,0.19847464561462402,0,5,4,0,4,10496.72,137,261930,106646.8,1552.0,20945.0,248670.0,3079.0,589170.0,158604.0,3079.0,21083.5,176608.5,2,1,3,1.4285714285714286,1.0,1.0,1.5,1,3,2.0,2.0,1.5,2.5,"Hypergraph(num_v=10, num_e=5)",True,0.12595868110656738
1530,HETIO,2-02-CdGuD-full3,orig,0.07172870635986328,0.19821834564208984,0,5,4,0,4,10496.72,137,261930,106646.8,1552.0,20945.0,248670.0,3079.0,589170.0,158604.0,3079.0,21083.5,176608.5,2,1,3,1.4285714285714286,1.0,1.0,1.5,1,3,2.0,2.0,1.5,2.5,"Hypergraph(num_v=10, num_e=5)",True,0.12648963928222656
1531,HETIO,2-03-CrCtD-full1,orig,0.0062923431396484375,0.03795146942138672,0,5,4,0,4,455.56,137,14058,3761.8,1510.0,1552.0,1552.0,446.0,4595.0,2520.5,446.0,2520.5,4595.0,2,1,3,1.4285714285714286,1.0,1.0,1.5,2,2,2.0,2.0,2.0,2.0,"Hypergraph(num_v=10, num_e=5)",True,0.03165912628173828
1532,HETIO,2-03-CrCtD-full2,orig,0.006417036056518555,0.038684844970703125,0,5,4,0,4,455.56,137,14058,3761.8,1510.0,1552.0,1552.0,446.0,4595.0,2520.5,446.0,2520.5,4595.0,2,1,3,1.4285714285714286,1.0,1.0,1.5,2,2,2.0,2.0,2.0,2.0,"Hypergraph(num_v=10, num_e=5)",True,0.03226780891418457
1533,HETIO,2-03-CrCtD-full3,orig,0.006346225738525391,0.03857016563415527,0,5,4,0,4,455.56,137,14058,3761.8,1510.0,1552.0,1552.0,446.0,4595.0,2520.5,446.0,2520.5,4595.0,2,1,3,1.4285714285714286,1.0,1.0,1.5,2,2,2.0,2.0,2.0,2.0,"Hypergraph(num_v=10, num_e=5)",True,0.03222393989562988
1534,HETIO,2-04-CtDrD-full1,orig,0.0054776668548583984,0.02588653564453125,0,5,4,0,4,352.2,137,14058,3478.8,137.0,1510.0,1552.0,133.0,1366.0,598.25,368.5,447.0,676.75,2,1,3,1.4285714285714286,1.0,1.0,1.5,2,2,2.0,2.0,2.0,2.0,"Hypergraph(num_v=10, num_e=5)",True,0.02040886878967285
1535,HETIO,2-04-CtDrD-full2,orig,0.0054912567138671875,0.0265655517578125,0,5,4,0,4,352.2,137,14058,3478.8,137.0,1510.0,1552.0,133.0,1366.0,598.25,368.5,447.0,676.75,2,1,3,1.4285714285714286,1.0,1.0,1.5,2,2,2.0,2.0,2.0,2.0,"Hypergraph(num_v=10, num_e=5)",True,0.021074295043945312
1536,HETIO,2-04-CtDrD-full3,orig,0.0054090023040771484,0.026305675506591797,0,5,4,0,4,352.2,137,14058,3478.8,137.0,1510.0,1552.0,133.0,1366.0,598.25,368.5,447.0,676.75,2,1,3,1.4285714285714286,1.0,1.0,1.5,2,2,2.0,2.0,2.0,2.0,"Hypergraph(num_v=10, num_e=5)",True,0.02089667320251465
1537,HETIO,2-05-CuGdD-full1,orig,0.06955528259277344,0.1960456371307373,0,5,4,0,4,10486.53,137,261930,106646.8,1552.0,20945.0,248670.0,3450.0,589173.0,157737.25,3450.0,19163.0,173450.25,2,1,3,1.4285714285714286,1.0,1.0,1.5,1,3,2.0,2.0,1.5,2.5,"Hypergraph(num_v=10, num_e=5)",True,0.12649035453796387
1538,HETIO,2-05-CuGdD-full2,orig,0.06901669502258301,0.19936800003051758,0,5,4,0,4,10486.53,137,261930,106646.8,1552.0,20945.0,248670.0,3450.0,589173.0,157737.25,3450.0,19163.0,173450.25,2,1,3,1.4285714285714286,1.0,1.0,1.5,1,3,2.0,2.0,1.5,2.5,"Hypergraph(num_v=10, num_e=5)",True,0.13035130500793457
1539,HETIO,2-05-CuGdD-full3,orig,0.06967973709106445,0.1944441795349121,0,5,4,0,4,10486.53,137,261930,106646.8,1552.0,20945.0,248670.0,3450.0,589173.0,157737.25,3450.0,19163.0,173450.25,2,1,3,1.4285714285714286,1.0,1.0,1.5,1,3,2.0,2.0,1.5,2.5,"Hypergraph(num_v=10, num_e=5)",True,0.12476444244384766
1540,HETIO,3-01-CbGbCtD-full1,orig,0.24208998680114746,0.31011080741882324,0,7,6,0,6,1540.61,1,23142,7290.857142857143,823.5,1552.0,12347.0,446.0,32425.0,7962.0,682.75,1393.0,9100.0,2,1,3,1.2727272727272727,1.0,1.0,1.0,1,4,2.0,1.0,1.0,2.5,"Hypergraph(num_v=14, num_e=7)",True,0.06802082061767578
1541,HETIO,3-01-CbGbCtD-full2,orig,0.23968815803527832,0.30434727668762207,0,7,6,0,6,1540.61,1,23142,7290.857142857143,823.5,1552.0,12347.0,446.0,32425.0,7962.0,682.75,1393.0,9100.0,2,1,3,1.2727272727272727,1.0,1.0,1.0,1,4,2.0,1.0,1.0,2.5,"Hypergraph(num_v=14, num_e=7)",True,0.06465911865234375
1542,HETIO,3-01-CbGbCtD-full3,orig,0.23941683769226074,0.30063605308532715,0,7,6,0,6,1540.61,1,23142,7290.857142857143,823.5,1552.0,12347.0,446.0,32425.0,7962.0,682.75,1393.0,9100.0,2,1,3,1.2727272727272727,1.0,1.0,1.0,1,4,2.0,1.0,1.0,2.5,"Hypergraph(num_v=14, num_e=7)",True,0.061219215393066406
1543,HETIO,3-02-CbGeAlD-full1,rewr,3.7555744647979736,3.037217855453491,0,7,6,0,6,18111.08,137,438672,70293.42857142857,977.0,7204.0,22043.5,1859.0,20709.0,11590.5,9742.0,10705.5,14783.75,2,1,3,1.2727272727272727,1.0,1.0,1.0,1,4,2.0,1.0,1.0,2.5,"Hypergraph(num_v=14, num_e=7)",True,-0.7183566093444824
1544,HETIO,3-02-CbGeAlD-full2,rewr,3.1750099658966064,2.926527500152588,0,7,6,0,6,18111.08,137,438672,70293.42857142857,977.0,7204.0,22043.5,1859.0,20709.0,11590.5,9742.0,10705.5,14783.75,2,1,3,1.2727272727272727,1.0,1.0,1.0,1,4,2.0,1.0,1.0,2.5,"Hypergraph(num_v=14, num_e=7)",True,-0.24848246574401855
1545,HETIO,3-02-CbGeAlD-full3,rewr,3.188969135284424,2.9317479133605957,0,7,6,0,6,18111.08,137,438672,70293.42857142857,977.0,7204.0,22043.5,1859.0,20709.0,11590.5,9742.0,10705.5,14783.75,2,1,3,1.2727272727272727,1.0,1.0,1.0,1,4,2.0,1.0,1.0,2.5,"Hypergraph(num_v=14, num_e=7)",True,-0.2572212219238281
1546,HETIO,3-03-CbGiGaD2-full1,orig,0.4581601619720459,0.47081780433654785,0,7,6,0,6,7896.53,1,294328,52193.0,844.5,20945.0,24194.0,626.0,25205.0,13026.666666666666,3386.75,15843.0,20017.0,2,1,3,1.2727272727272727,1.0,1.0,1.0,2,2,2.0,2.0,2.0,2.0,"Hypergraph(num_v=14, num_e=7)",True,0.012657642364501953
1547,HETIO,3-03-CbGiGaD2-full2,rewr,0.509634256362915,0.4681100845336914,0,7,6,0,6,7896.53,1,294328,52193.0,844.5,20945.0,24194.0,626.0,25205.0,13026.666666666666,3386.75,15843.0,20017.0,2,1,3,1.2727272727272727,1.0,1.0,1.0,2,2,2.0,2.0,2.0,2.0,"Hypergraph(num_v=14, num_e=7)",True,-0.04152417182922363
1548,HETIO,3-03-CbGiGaD2-full3,orig,0.467632532119751,0.4715409278869629,0,7,6,0,6,7896.53,1,294328,52193.0,844.5,20945.0,24194.0,626.0,25205.0,13026.666666666666,3386.75,15843.0,20017.0,2,1,3,1.2727272727272727,1.0,1.0,1.0,2,2,2.0,2.0,2.0,2.0,"Hypergraph(num_v=14, num_e=7)",True,0.003908395767211914
1549,HETIO,3-04-CcSEcCtD-full1,rewr,8.969758987426758,8.816438674926758,0,7,6,0,6,15487.21,137,277888,80894.42857142857,1531.0,1552.0,141811.0,446.0,1024617.0,195404.5,4017.75,14733.0,91772.25,2,1,3,1.2727272727272727,1.0,1.0,1.0,1,4,2.0,1.0,1.0,2.5,"Hypergraph(num_v=14, num_e=7)",True,-0.1533203125
1550,HETIO,3-04-CcSEcCtD-full2,rewr,9.047385692596436,8.945511102676392,0,7,6,0,6,15487.21,137,277888,80894.42857142857,1531.0,1552.0,141811.0,446.0,1024617.0,195404.5,4017.75,14733.0,91772.25,2,1,3,1.2727272727272727,1.0,1.0,1.0,1,4,2.0,1.0,1.0,2.5,"Hypergraph(num_v=14, num_e=7)",True,-0.10187458992004395
1551,HETIO,3-04-CcSEcCtD-full3,orig,8.533588171005249,8.794604063034058,0,7,6,0,6,15487.21,137,277888,80894.42857142857,1531.0,1552.0,141811.0,446.0,1024617.0,195404.5,4017.75,14733.0,91772.25,2,1,3,1.2727272727272727,1.0,1.0,1.0,1,4,2.0,1.0,1.0,2.5,"Hypergraph(num_v=14, num_e=7)",True,0.2610158920288086
1552,HETIO,3-05-CdGdCtD-full1,orig,0.3913705348968506,0.6228127479553223,0,7,6,0,6,11082.56,137,261930,63100.28571428572,1531.0,1552.0,87510.5,446.0,746328.0,131765.33333333334,870.0,2142.0,29851.5,2,1,3,1.2727272727272727,1.0,1.0,1.0,1,4,2.0,1.0,1.0,2.5,"Hypergraph(num_v=14, num_e=7)",True,0.23144221305847168
1553,HETIO,3-05-CdGdCtD-full2,orig,0.39617252349853516,0.6232993602752686,0,7,6,0,6,11082.56,137,261930,63100.28571428572,1531.0,1552.0,87510.5,446.0,746328.0,131765.33333333334,870.0,2142.0,29851.5,2,1,3,1.2727272727272727,1.0,1.0,1.0,1,4,2.0,1.0,1.0,2.5,"Hypergraph(num_v=14, num_e=7)",True,0.2271268367767334
1554,HETIO,3-05-CdGdCtD-full3,orig,0.4034919738769531,0.627077579498291,0,7,6,0,6,11082.56,137,261930,63100.28571428572,1531.0,1552.0,87510.5,446.0,746328.0,131765.33333333334,870.0,2142.0,29851.5,2,1,3,1.2727272727272727,1.0,1.0,1.0,1,4,2.0,1.0,1.0,2.5,"Hypergraph(num_v=14, num_e=7)",True,0.2235856056213379
1555,HETIO,3-06-CdGuCtD-full1,orig,0.1472020149230957,0.25796079635620117,0,7,6,0,6,11002.24,137,261930,76613.71428571429,1531.0,1552.0,134807.5,446.0,838675.0,147903.16666666666,1430.0,4382.0,30411.5,2,1,3,1.2727272727272727,1.0,1.0,1.0,2,2,2.0,2.0,2.0,2.0,"Hypergraph(num_v=14, num_e=7)",True,0.11075878143310547
1556,HETIO,3-06-CdGuCtD-full2,orig,0.14753198623657227,0.26547956466674805,0,7,6,0,6,11002.24,137,261930,76613.71428571429,1531.0,1552.0,134807.5,446.0,838675.0,147903.16666666666,1430.0,4382.0,30411.5,2,1,3,1.2727272727272727,1.0,1.0,1.0,2,2,2.0,2.0,2.0,2.0,"Hypergraph(num_v=14, num_e=7)",True,0.11794757843017578
1557,HETIO,3-06-CdGuCtD-full3,orig,0.14572739601135254,0.25765323638916016,0,7,6,0,6,11002.24,137,261930,76613.71428571429,1531.0,1552.0,134807.5,446.0,838675.0,147903.16666666666,1430.0,4382.0,30411.5,2,1,3,1.2727272727272727,1.0,1.0,1.0,2,2,2.0,2.0,2.0,2.0,"Hypergraph(num_v=14, num_e=7)",True,0.11192584037780762
1558,HETIO,3-07-CiPCiCtD-full1,rewr,0.41886210441589355,0.304018497467041,0,7,6,0,5,7040.81,137,2058,1316.0,927.5,1552.0,1805.0,219.0,451707.0,150659.5,275.75,555.0,338192.5,2,1,3,1.2727272727272727,1.0,1.0,1.0,1,3,2.0,2.0,1.5,2.5,"Hypergraph(num_v=14, num_e=7)",True,-0.11484360694885254
1559,HETIO,3-07-CiPCiCtD-full2,rewr,0.4006376266479492,0.29140400886535645,0,7,6,0,5,7040.81,137,2058,1316.0,927.5,1552.0,1805.0,219.0,451707.0,150659.5,275.75,555.0,338192.5,2,1,3,1.2727272727272727,1.0,1.0,1.0,1,3,2.0,2.0,1.5,2.5,"Hypergraph(num_v=14, num_e=7)",True,-0.10923361778259277
1560,HETIO,3-07-CiPCiCtD-full3,rewr,0.4099273681640625,0.29909777641296387,0,7,6,0,5,7040.81,137,2058,1316.0,927.5,1552.0,1805.0,219.0,451707.0,150659.5,275.75,555.0,338192.5,2,1,3,1.2727272727272727,1.0,1.0,1.0,1,3,2.0,2.0,1.5,2.5,"Hypergraph(num_v=14, num_e=7)",True,-0.11082959175109863
1561,HETIO,3-08-CpDpCtD-full1,orig,0.004412412643432617,0.03518939018249512,0,7,6,0,6,197.89,137,1552,921.1428571428572,458.5,780.0,1531.0,394.0,4830.0,1237.5,446.0,487.5,717.25,2,1,3,1.2727272727272727,1.0,1.0,1.0,1,3,2.0,2.0,1.5,2.5,"Hypergraph(num_v=14, num_e=7)",True,0.0307769775390625
1562,HETIO,3-08-CpDpCtD-full2,orig,0.004456520080566406,0.03510618209838867,0,7,6,0,6,197.89,137,1552,921.1428571428572,458.5,780.0,1531.0,394.0,4830.0,1237.5,446.0,487.5,717.25,2,1,3,1.2727272727272727,1.0,1.0,1.0,1,3,2.0,2.0,1.5,2.5,"Hypergraph(num_v=14, num_e=7)",True,0.030649662017822266
1563,HETIO,3-08-CpDpCtD-full3,orig,0.00435185432434082,0.03329968452453613,0,7,6,0,6,197.89,137,1552,921.1428571428572,458.5,780.0,1531.0,394.0,4830.0,1237.5,446.0,487.5,717.25,2,1,3,1.2727272727272727,1.0,1.0,1.0,1,3,2.0,2.0,1.5,2.5,"Hypergraph(num_v=14, num_e=7)",True,0.028947830200195312
1564,HETIO,3-09-CrCrCtD-full1,orig,0.06089615821838379,0.15219402313232422,0,7,6,0,6,1317.57,137,14058,4917.0,1531.0,1552.0,7805.0,446.0,67979.0,15353.166666666666,1483.25,4595.0,11692.25,2,1,3,1.2727272727272727,1.0,1.0,1.0,1,3,2.0,2.0,1.5,2.5,"Hypergraph(num_v=14, num_e=7)",True,0.09129786491394043
1565,HETIO,3-09-CrCrCtD-full2,orig,0.060346364974975586,0.1509227752685547,0,7,6,0,6,1317.57,137,14058,4917.0,1531.0,1552.0,7805.0,446.0,67979.0,15353.166666666666,1483.25,4595.0,11692.25,2,1,3,1.2727272727272727,1.0,1.0,1.0,1,3,2.0,2.0,1.5,2.5,"Hypergraph(num_v=14, num_e=7)",True,0.0905764102935791
1566,HETIO,3-09-CrCrCtD-full3,orig,0.05981254577636719,0.14761614799499512,0,7,6,0,6,1317.57,137,14058,4917.0,1531.0,1552.0,7805.0,446.0,67979.0,15353.166666666666,1483.25,4595.0,11692.25,2,1,3,1.2727272727272727,1.0,1.0,1.0,1,3,2.0,2.0,1.5,2.5,"Hypergraph(num_v=14, num_e=7)",True,0.08780360221862793
1567,HETIO,3-10-CrCbGaD-full1,orig,0.27323436737060547,0.33031177520751953,0,7,6,0,6,1638.4,1,25246,9384.0,844.5,1552.0,18600.0,626.0,10335.0,4245.5,767.0,1775.5,8341.5,2,1,3,1.2727272727272727,1.0,1.0,1.0,2,2,2.0,2.0,2.0,2.0,"Hypergraph(num_v=14, num_e=7)",True,0.05707740783691406
1568,HETIO,3-10-CrCbGaD-full2,orig,0.26119208335876465,0.32373785972595215,0,7,6,0,6,1638.4,1,25246,9384.0,844.5,1552.0,18600.0,626.0,10335.0,4245.5,767.0,1775.5,8341.5,2,1,3,1.2727272727272727,1.0,1.0,1.0,2,2,2.0,2.0,2.0,2.0,"Hypergraph(num_v=14, num_e=7)",True,0.0625457763671875
1569,HETIO,3-10-CrCbGaD-full3,orig,0.2713663578033447,0.3282017707824707,0,7,6,0,6,1638.4,1,25246,9384.0,844.5,1552.0,18600.0,626.0,10335.0,4245.5,767.0,1775.5,8341.5,2,1,3,1.2727272727272727,1.0,1.0,1.0,2,2,2.0,2.0,2.0,2.0,"Hypergraph(num_v=14, num_e=7)",True,0.05683541297912598
1570,HETIO,3-11-CtDdGdD-full1,orig,0.1244049072265625,0.29427647590637207,0,7,6,0,6,10919.08,137,261930,78305.85714285714,823.5,1552.0,141437.5,1510.0,438724.0,79179.0,3460.25,3491.0,19178.75,2,1,3,1.2727272727272727,1.0,1.0,1.0,1,4,2.0,1.0,1.0,2.5,"Hypergraph(num_v=14, num_e=7)",True,0.16987156867980957
1571,HETIO,3-11-CtDdGdD-full2,orig,0.1217646598815918,0.27867817878723145,0,7,6,0,6,10919.08,137,261930,78305.85714285714,823.5,1552.0,141437.5,1510.0,438724.0,79179.0,3460.25,3491.0,19178.75,2,1,3,1.2727272727272727,1.0,1.0,1.0,1,4,2.0,1.0,1.0,2.5,"Hypergraph(num_v=14, num_e=7)",True,0.15691351890563965
1572,HETIO,3-11-CtDdGdD-full3,orig,0.1173408031463623,0.2832629680633545,0,7,6,0,6,10919.08,137,261930,78305.85714285714,823.5,1552.0,141437.5,1510.0,438724.0,79179.0,3460.25,3491.0,19178.75,2,1,3,1.2727272727272727,1.0,1.0,1.0,1,4,2.0,1.0,1.0,2.5,"Hypergraph(num_v=14, num_e=7)",True,0.1659221649169922
1573,HETIO,3-12-CtDdGuD-full1,orig,0.09138131141662598,0.14960527420043945,0,7,6,0,6,10660.56,137,261930,76411.57142857143,823.5,1552.0,134807.5,1510.0,362161.0,66280.5,3077.0,3263.5,19168.5,2,1,3,1.2727272727272727,1.0,1.0,1.0,2,2,2.0,2.0,2.0,2.0,"Hypergraph(num_v=14, num_e=7)",True,0.05822396278381348
1574,HETIO,3-12-CtDdGuD-full2,orig,0.08715534210205078,0.14414143562316895,0,7,6,0,6,10660.56,137,261930,76411.57142857143,823.5,1552.0,134807.5,1510.0,362161.0,66280.5,3077.0,3263.5,19168.5,2,1,3,1.2727272727272727,1.0,1.0,1.0,2,2,2.0,2.0,2.0,2.0,"Hypergraph(num_v=14, num_e=7)",True,0.056986093521118164
1575,HETIO,3-12-CtDdGuD-full3,orig,0.0948641300201416,0.1530475616455078,0,7,6,0,6,10660.56,137,261930,76411.57142857143,823.5,1552.0,134807.5,1510.0,362161.0,66280.5,3077.0,3263.5,19168.5,2,1,3,1.2727272727272727,1.0,1.0,1.0,2,2,2.0,2.0,2.0,2.0,"Hypergraph(num_v=14, num_e=7)",True,0.05818343162536621
1576,HETIO,3-13-CtDlAlD-full1,orig,0.10765480995178223,0.19737529754638672,0,7,6,0,6,845.16,137,7204,2592.285714285714,269.5,1510.0,4378.0,1407.0,47314.0,10571.5,1597.25,1859.0,7574.75,2,1,3,1.2727272727272727,1.0,1.0,1.0,1,4,2.0,1.0,1.0,2.5,"Hypergraph(num_v=14, num_e=7)",True,0.08972048759460449
1577,HETIO,3-13-CtDlAlD-full2,orig,0.10860276222229004,0.19980287551879883,0,7,6,0,6,845.16,137,7204,2592.285714285714,269.5,1510.0,4378.0,1407.0,47314.0,10571.5,1597.25,1859.0,7574.75,2,1,3,1.2727272727272727,1.0,1.0,1.0,1,4,2.0,1.0,1.0,2.5,"Hypergraph(num_v=14, num_e=7)",True,0.09120011329650879
1578,HETIO,3-13-CtDlAlD-full3,orig,0.10955071449279785,0.1929931640625,0,7,6,0,6,845.16,137,7204,2592.285714285714,269.5,1510.0,4378.0,1407.0,47314.0,10571.5,1597.25,1859.0,7574.75,2,1,3,1.2727272727272727,1.0,1.0,1.0,1,4,2.0,1.0,1.0,2.5,"Hypergraph(num_v=14, num_e=7)",True,0.08344244956970215
1579,HETIO,3-14-CtDpSpD-full1,orig,0.11010026931762695,0.17493343353271484,0,7,6,0,6,724.83,137,6714,2457.428571428572,287.5,1510.0,4133.0,1342.0,40601.0,9139.666666666666,1552.0,1678.0,6441.25,2,1,3,1.2727272727272727,1.0,1.0,1.0,1,4,2.0,1.0,1.0,2.5,"Hypergraph(num_v=14, num_e=7)",True,0.06483316421508789
1580,HETIO,3-14-CtDpSpD-full2,orig,0.11125612258911133,0.16264891624450684,0,7,6,0,6,724.83,137,6714,2457.428571428572,287.5,1510.0,4133.0,1342.0,40601.0,9139.666666666666,1552.0,1678.0,6441.25,2,1,3,1.2727272727272727,1.0,1.0,1.0,1,4,2.0,1.0,1.0,2.5,"Hypergraph(num_v=14, num_e=7)",True,0.05139279365539551
1581,HETIO,3-14-CtDpSpD-full3,orig,0.11370635032653809,0.16419267654418945,0,7,6,0,6,724.83,137,6714,2457.428571428572,287.5,1510.0,4133.0,1342.0,40601.0,9139.666666666666,1552.0,1678.0,6441.25,2,1,3,1.2727272727272727,1.0,1.0,1.0,1,4,2.0,1.0,1.0,2.5,"Hypergraph(num_v=14, num_e=7)",True,0.05048632621765137
1582,HETIO,3-15-CtDuGdD-full1,orig,0.09088873863220215,0.14382386207580566,0,7,6,0,6,10686.38,137,261930,76411.57142857143,823.5,1552.0,134807.5,1510.0,526763.0,94932.0,3182.0,3491.0,24316.25,2,1,3,1.2727272727272727,1.0,1.0,1.0,2,2,2.0,2.0,2.0,2.0,"Hypergraph(num_v=14, num_e=7)",True,0.052935123443603516
1583,HETIO,3-15-CtDuGdD-full2,orig,0.08926630020141602,0.14350104331970215,0,7,6,0,6,10686.38,137,261930,76411.57142857143,823.5,1552.0,134807.5,1510.0,526763.0,94932.0,3182.0,3491.0,24316.25,2,1,3,1.2727272727272727,1.0,1.0,1.0,2,2,2.0,2.0,2.0,2.0,"Hypergraph(num_v=14, num_e=7)",True,0.05423474311828613
1584,HETIO,3-15-CtDuGdD-full3,orig,0.08814597129821777,0.14167118072509766,0,7,6,0,6,10686.38,137,261930,76411.57142857143,823.5,1552.0,134807.5,1510.0,526763.0,94932.0,3182.0,3491.0,24316.25,2,1,3,1.2727272727272727,1.0,1.0,1.0,2,2,2.0,2.0,2.0,2.0,"Hypergraph(num_v=14, num_e=7)",True,0.05352520942687988
1585,HETIO,3-16-CtDuGuD-full1,orig,0.12018918991088867,0.2792394161224365,0,7,6,0,6,10426.49,137,248670,74517.28571428571,823.5,1552.0,134807.5,1510.0,472232.0,85705.5,3077.0,3078.0,24213.25,2,1,3,1.2727272727272727,1.0,1.0,1.0,1,4,2.0,1.0,1.0,2.5,"Hypergraph(num_v=14, num_e=7)",True,0.15905022621154785
1586,HETIO,3-16-CtDuGuD-full2,orig,0.11818909645080566,0.28728580474853516,0,7,6,0,6,10426.49,137,248670,74517.28571428571,823.5,1552.0,134807.5,1510.0,472232.0,85705.5,3077.0,3078.0,24213.25,2,1,3,1.2727272727272727,1.0,1.0,1.0,1,4,2.0,1.0,1.0,2.5,"Hypergraph(num_v=14, num_e=7)",True,0.1690967082977295
1587,HETIO,3-16-CtDuGuD-full3,orig,0.11571884155273438,0.277925968170166,0,7,6,0,6,10426.49,137,248670,74517.28571428571,823.5,1552.0,134807.5,1510.0,472232.0,85705.5,3077.0,3078.0,24213.25,2,1,3,1.2727272727272727,1.0,1.0,1.0,1,4,2.0,1.0,1.0,2.5,"Hypergraph(num_v=14, num_e=7)",True,0.16220712661743164
1588,HETIO,3-17-CuGdCtD-full1,orig,0.1409463882446289,0.26653289794921875,0,7,6,0,6,10812.0,137,248670,61206.0,1531.0,1552.0,87510.5,446.0,621735.0,110297.83333333331,870.0,2142.0,26692.5,2,1,3,1.2727272727272727,1.0,1.0,1.0,2,2,2.0,2.0,2.0,2.0,"Hypergraph(num_v=14, num_e=7)",True,0.12558650970458984
1589,HETIO,3-17-CuGdCtD-full2,orig,0.13846874237060547,0.26229357719421387,0,7,6,0,6,10812.0,137,248670,61206.0,1531.0,1552.0,87510.5,446.0,621735.0,110297.83333333331,870.0,2142.0,26692.5,2,1,3,1.2727272727272727,1.0,1.0,1.0,2,2,2.0,2.0,2.0,2.0,"Hypergraph(num_v=14, num_e=7)",True,0.1238248348236084
1590,HETIO,3-17-CuGdCtD-full3,orig,0.14130926132202148,0.26311373710632324,0,7,6,0,6,10812.0,137,248670,61206.0,1531.0,1552.0,87510.5,446.0,621735.0,110297.83333333331,870.0,2142.0,26692.5,2,1,3,1.2727272727272727,1.0,1.0,1.0,2,2,2.0,2.0,2.0,2.0,"Hypergraph(num_v=14, num_e=7)",True,0.12180447578430176
1591,HETIO,3-18-CuGuCtD-full1,orig,0.3038597106933594,0.5104978084564209,0,7,6,0,6,10730.2,137,248670,74719.42857142857,1531.0,1552.0,134807.5,446.0,760255.0,134131.16666666666,1430.0,4382.0,27252.5,2,1,3,1.2727272727272727,1.0,1.0,1.0,1,4,2.0,1.0,1.0,2.5,"Hypergraph(num_v=14, num_e=7)",True,0.20663809776306152
1592,HETIO,3-18-CuGuCtD-full2,orig,0.304915189743042,0.5009005069732666,0,7,6,0,6,10730.2,137,248670,74719.42857142857,1531.0,1552.0,134807.5,446.0,760255.0,134131.16666666666,1430.0,4382.0,27252.5,2,1,3,1.2727272727272727,1.0,1.0,1.0,1,4,2.0,1.0,1.0,2.5,"Hypergraph(num_v=14, num_e=7)",True,0.1959853172302246
1593,HETIO,3-18-CuGuCtD-full3,orig,0.2811422348022461,0.5061414241790771,0,7,6,0,6,10730.2,137,248670,74719.42857142857,1531.0,1552.0,134807.5,446.0,760255.0,134131.16666666666,1430.0,4382.0,27252.5,2,1,3,1.2727272727272727,1.0,1.0,1.0,1,4,2.0,1.0,1.0,2.5,"Hypergraph(num_v=14, num_e=7)",True,0.22499918937683105
1594,HETIO,4-01-CbGiGiGaD-full1,rewr,18.60507869720459,18.297413110733032,0,9,8,0,8,27075.35,1,294328,75624.88888888889,1552.0,20945.0,25246.0,626.0,8845690.0,1195413.625,8908.25,19881.0,313398.0,3,1,3,1.2,1.0,1.0,1.0,1,3,2.0,2.0,1.75,2.25,"Hypergraph(num_v=18, num_e=9)",True,-0.3076655864715576
1595,HETIO,4-01-CbGiGiGaD-full2,rewr,19.384327173233032,18.499696254730225,0,9,8,0,8,27053.35,1,294328,75624.88888888889,1552.0,20945.0,25246.0,626.0,8845690.0,1195413.625,8908.25,19881.0,313398.0,3,1,3,1.2,1.0,1.0,1.0,1,3,2.0,2.0,1.75,2.25,"Hypergraph(num_v=18, num_e=9)",True,-0.8846309185028076
1596,HETIO,4-01-CbGiGiGaD-full3,rewr,19.50967836380005,18.924454927444458,0,9,8,0,8,27075.35,1,294328,75624.88888888889,1552.0,20945.0,25246.0,626.0,8845690.0,1195413.625,8908.25,19881.0,313398.0,3,1,3,1.2,1.0,1.0,1.0,1,3,2.0,2.0,1.75,2.25,"Hypergraph(num_v=18, num_e=9)",True,-0.5852234363555908
1600,HETIO,4-03-CbGpPWpGaD-full1,rewr,17.146909475326538,17.124295234680176,0,9,8,0,8,86241.07,1,678887,157999.44444444444,1552.0,12321.0,25246.0,626.0,747385.0,117812.0,5304.5,18652.0,74696.75,3,1,3,1.2,1.0,1.0,1.0,1,3,2.0,2.0,1.0,3.0,"Hypergraph(num_v=18, num_e=9)",True,-0.022614240646362305
1601,HETIO,4-03-CbGpPWpGaD-full2,rewr,18.40243411064148,17.672271966934204,0,9,8,0,8,86241.07,1,678887,157999.44444444444,1552.0,12321.0,25246.0,626.0,747385.0,117812.0,5304.5,18652.0,74696.75,3,1,3,1.2,1.0,1.0,1.0,1,3,2.0,2.0,1.0,3.0,"Hypergraph(num_v=18, num_e=9)",True,-0.7301621437072754
1602,HETIO,4-03-CbGpPWpGaD-full3,orig,17.277347803115845,17.83999514579773,0,9,8,0,8,86241.07,1,678887,157999.44444444444,1552.0,12321.0,25246.0,626.0,747385.0,117812.0,5304.5,18652.0,74696.75,3,1,3,1.2,1.0,1.0,1.0,1,3,2.0,2.0,1.0,3.0,"Hypergraph(num_v=18, num_e=9)",True,0.5626473426818848
1603,HETIO,5-01-DaGaD-full1,orig,0.00865483283996582,0.025875568389892578,0,5,6,2,4,923.73,1,25246,10099.0,1.0,1.0,25246.0,1.0,5.0,3.0,1.0,3.0,5.0,2,1,3,1.4285714285714286,1.0,1.0,1.5,2,2,2.0,2.0,2.0,2.0,"Hypergraph(num_v=10, num_e=5)",True,0.017220735549926758
1604,HETIO,5-01-DaGaD-full2,orig,0.008698463439941406,0.02363872528076172,0,5,6,2,4,923.73,1,25246,10099.0,1.0,1.0,25246.0,1.0,5.0,3.0,1.0,3.0,5.0,2,1,3,1.4285714285714286,1.0,1.0,1.5,2,2,2.0,2.0,2.0,2.0,"Hypergraph(num_v=10, num_e=5)",True,0.014940261840820312
1605,HETIO,5-01-DaGaD-full3,orig,0.008700847625732422,0.024081945419311523,0,5,6,2,4,923.73,1,25246,10099.0,1.0,1.0,25246.0,1.0,5.0,3.0,1.0,3.0,5.0,2,1,3,1.4285714285714286,1.0,1.0,1.5,2,2,2.0,2.0,2.0,2.0,"Hypergraph(num_v=10, num_e=5)",True,0.015381097793579102
1606,HETIO,5-01-DaGaD-augF1-full1,orig,0.00941157341003418,0.023679733276367188,0,5,6,2,4,923.73,1,25246,10099.0,1.0,1.0,25246.0,1.0,5.0,3.0,1.0,3.0,5.0,2,1,3,1.4285714285714286,1.0,1.0,1.5,2,2,2.0,2.0,2.0,2.0,"Hypergraph(num_v=10, num_e=5)",False,0.014268159866333008
1607,HETIO,5-01-DaGaD-augF1-full2,orig,0.009385824203491211,0.023665189743041992,0,5,6,2,4,923.73,1,25246,10099.0,1.0,1.0,25246.0,1.0,5.0,3.0,1.0,3.0,5.0,2,1,3,1.4285714285714286,1.0,1.0,1.5,2,2,2.0,2.0,2.0,2.0,"Hypergraph(num_v=10, num_e=5)",False,0.014279365539550781
1608,HETIO,5-01-DaGaD-augF1-full3,orig,0.009359598159790039,0.022974729537963867,0,5,6,2,4,923.73,1,25246,10099.0,1.0,1.0,25246.0,1.0,5.0,3.0,1.0,3.0,5.0,2,1,3,1.4285714285714286,1.0,1.0,1.5,2,2,2.0,2.0,2.0,2.0,"Hypergraph(num_v=10, num_e=5)",False,0.013615131378173828
1609,HETIO,5-01-DaGaD-augF2-full1,orig,0.005766868591308594,0.02284836769104004,0,5,6,2,4,923.73,1,25246,10099.0,1.0,1.0,25246.0,1.0,5.0,3.0,1.0,3.0,5.0,2,1,3,1.4285714285714286,1.0,1.0,1.5,2,2,2.0,2.0,2.0,2.0,"Hypergraph(num_v=10, num_e=5)",False,0.017081499099731445
1610,HETIO,5-01-DaGaD-augF2-full2,orig,0.0057680606842041016,0.023311138153076172,0,5,6,2,4,923.73,1,25246,10099.0,1.0,1.0,25246.0,1.0,5.0,3.0,1.0,3.0,5.0,2,1,3,1.4285714285714286,1.0,1.0,1.5,2,2,2.0,2.0,2.0,2.0,"Hypergraph(num_v=10, num_e=5)",False,0.01754307746887207
1611,HETIO,5-01-DaGaD-augF2-full3,orig,0.005769491195678711,0.022609710693359375,0,5,6,2,4,923.73,1,25246,10099.0,1.0,1.0,25246.0,1.0,5.0,3.0,1.0,3.0,5.0,2,1,3,1.4285714285714286,1.0,1.0,1.5,2,2,2.0,2.0,2.0,2.0,"Hypergraph(num_v=10, num_e=5)",False,0.016840219497680664
1612,HETIO,6-01-BPpGeA-full1,orig,0.12357354164123535,0.14391756057739258,0,5,6,2,4,31466.44,1,678887,223512.4,1.0,1.0,438672.0,1.0,41.0,20.5,1.0,20.0,39.5,2,1,3,1.4285714285714286,1.0,1.0,1.5,2,2,2.0,2.0,2.0,2.0,"Hypergraph(num_v=10, num_e=5)",True,0.020344018936157227
1613,HETIO,6-01-BPpGeA-full2,orig,0.12837505340576172,0.1477031707763672,0,5,6,2,4,31466.44,1,678887,223512.4,1.0,1.0,438672.0,1.0,41.0,20.5,1.0,20.0,39.5,2,1,3,1.4285714285714286,1.0,1.0,1.5,2,2,2.0,2.0,2.0,2.0,"Hypergraph(num_v=10, num_e=5)",True,0.01932811737060547
1614,HETIO,6-01-BPpGeA-full3,orig,0.12614130973815918,0.15840578079223633,0,5,6,2,4,31466.44,1,678887,223512.4,1.0,1.0,438672.0,1.0,41.0,20.5,1.0,20.0,39.5,2,1,3,1.4285714285714286,1.0,1.0,1.5,2,2,2.0,2.0,2.0,2.0,"Hypergraph(num_v=10, num_e=5)",True,0.03226447105407715
1615,HETIO,6-01-BPpGeA-augF1-full1,rewr,0.13441991806030273,0.1343543529510498,0,5,6,2,4,31466.44,1,678887,223512.4,1.0,1.0,438672.0,1.0,41.0,20.5,1.0,20.0,39.5,2,1,3,1.4285714285714286,1.0,1.0,1.5,2,2,2.0,2.0,2.0,2.0,"Hypergraph(num_v=10, num_e=5)",False,-6.556510925292969e-05
1616,HETIO,6-01-BPpGeA-augF1-full2,orig,0.14096546173095703,0.1483762264251709,0,5,6,2,4,31466.44,1,678887,223512.4,1.0,1.0,438672.0,1.0,41.0,20.5,1.0,20.0,39.5,2,1,3,1.4285714285714286,1.0,1.0,1.5,2,2,2.0,2.0,2.0,2.0,"Hypergraph(num_v=10, num_e=5)",False,0.007410764694213867
1617,HETIO,6-01-BPpGeA-augF1-full3,orig,0.12547707557678223,0.1365528106689453,0,5,6,2,4,31466.44,1,678887,223512.4,1.0,1.0,438672.0,1.0,41.0,20.5,1.0,20.0,39.5,2,1,3,1.4285714285714286,1.0,1.0,1.5,2,2,2.0,2.0,2.0,2.0,"Hypergraph(num_v=10, num_e=5)",False,0.011075735092163086
1618,HETIO,6-01-BPpGeA-augF2-full1,orig,0.12165379524230957,0.13665556907653809,0,5,6,2,4,31466.44,1,678887,223512.4,1.0,1.0,438672.0,1.0,41.0,20.5,1.0,20.0,39.5,2,1,3,1.4285714285714286,1.0,1.0,1.5,2,2,2.0,2.0,2.0,2.0,"Hypergraph(num_v=10, num_e=5)",False,0.015001773834228516
1619,HETIO,6-01-BPpGeA-augF2-full2,orig,0.12026548385620117,0.14207005500793457,0,5,6,2,4,31466.44,1,678887,223512.4,1.0,1.0,438672.0,1.0,41.0,20.5,1.0,20.0,39.5,2,1,3,1.4285714285714286,1.0,1.0,1.5,2,2,2.0,2.0,2.0,2.0,"Hypergraph(num_v=10, num_e=5)",False,0.0218045711517334
1620,HETIO,6-01-BPpGeA-augF2-full3,orig,0.12870264053344727,0.14797472953796387,0,5,6,2,4,31466.44,1,678887,223512.4,1.0,1.0,438672.0,1.0,41.0,20.5,1.0,20.0,39.5,2,1,3,1.4285714285714286,1.0,1.0,1.5,2,2,2.0,2.0,2.0,2.0,"Hypergraph(num_v=10, num_e=5)",False,0.0192720890045166
1621,HETIO,7-01-DaGiGpBP-full1,orig,0.1105661392211914,0.6862645149230957,0,7,8,2,6,23630.64,1,678887,125324.42857142857,1.0,1.0,99190.0,1.0,94.0,24.5,2.0,5.0,32.0,2,1,3,1.2727272727272727,1.0,1.0,1.0,2,2,2.0,2.0,2.0,2.0,"Hypergraph(num_v=14, num_e=7)",True,0.5756983757019043
1622,HETIO,7-01-DaGiGpBP-full2,orig,0.10704398155212402,0.6885416507720947,0,7,8,2,6,23630.64,1,678887,125324.42857142857,1.0,1.0,99190.0,1.0,94.0,24.5,2.0,5.0,32.0,2,1,3,1.2727272727272727,1.0,1.0,1.0,2,2,2.0,2.0,2.0,2.0,"Hypergraph(num_v=14, num_e=7)",True,0.5814976692199707
1623,HETIO,7-01-DaGiGpBP-full3,orig,0.10797619819641113,0.6826097965240479,0,7,8,2,6,23630.64,1,678887,125324.42857142857,1.0,1.0,99190.0,1.0,94.0,24.5,2.0,5.0,32.0,2,1,3,1.2727272727272727,1.0,1.0,1.0,2,2,2.0,2.0,2.0,2.0,"Hypergraph(num_v=14, num_e=7)",True,0.5746335983276367
1624,HETIO,7-01-DaGiGpBP-augF1-full1,orig,0.12128281593322754,0.7003798484802246,0,7,8,2,6,23630.64,1,678887,125324.42857142857,1.0,1.0,99190.0,1.0,94.0,24.5,2.0,5.0,32.0,2,1,3,1.2727272727272727,1.0,1.0,1.0,2,2,2.0,2.0,2.0,2.0,"Hypergraph(num_v=14, num_e=7)",False,0.5790970325469971
1625,HETIO,7-01-DaGiGpBP-augF1-full2,orig,0.11201643943786621,0.7006230354309082,0,7,8,2,6,23630.64,1,678887,125324.42857142857,1.0,1.0,99190.0,1.0,94.0,24.5,2.0,5.0,32.0,2,1,3,1.2727272727272727,1.0,1.0,1.0,2,2,2.0,2.0,2.0,2.0,"Hypergraph(num_v=14, num_e=7)",False,0.588606595993042
1626,HETIO,7-01-DaGiGpBP-augF1-full3,orig,0.12007260322570801,0.7018413543701172,0,7,8,2,6,23630.64,1,678887,125324.42857142857,1.0,1.0,99190.0,1.0,94.0,24.5,2.0,5.0,32.0,2,1,3,1.2727272727272727,1.0,1.0,1.0,2,2,2.0,2.0,2.0,2.0,"Hypergraph(num_v=14, num_e=7)",False,0.5817687511444092
1627,HETIO,7-01-DaGiGpBP-augF2-full1,orig,0.10858678817749023,0.6975827217102051,0,7,8,2,6,23630.64,1,678887,125324.42857142857,1.0,1.0,99190.0,1.0,94.0,24.5,2.0,5.0,32.0,2,1,3,1.2727272727272727,1.0,1.0,1.0,2,2,2.0,2.0,2.0,2.0,"Hypergraph(num_v=14, num_e=7)",False,0.5889959335327148
1628,HETIO,7-01-DaGiGpBP-augF2-full2,orig,0.11779332160949707,0.6924488544464111,0,7,8,2,6,23630.64,1,678887,125324.42857142857,1.0,1.0,99190.0,1.0,94.0,24.5,2.0,5.0,32.0,2,1,3,1.2727272727272727,1.0,1.0,1.0,2,2,2.0,2.0,2.0,2.0,"Hypergraph(num_v=14, num_e=7)",False,0.5746555328369141
1629,HETIO,7-01-DaGiGpBP-augF2-full3,orig,0.11456108093261719,0.6969902515411377,0,7,8,2,6,23630.64,1,678887,125324.42857142857,1.0,1.0,99190.0,1.0,94.0,24.5,2.0,5.0,32.0,2,1,3,1.2727272727272727,1.0,1.0,1.0,2,2,2.0,2.0,2.0,2.0,"Hypergraph(num_v=14, num_e=7)",False,0.5824291706085205
1630,HETIO,8-01-CCpGdCcSE-full1,orig,0.12918663024902344,0.40666818618774414,0,7,7,1,6,28123.74,1,678887,143387.85714285713,776.5,5734.0,158770.0,41.0,3542.0,1368.8333333333333,64.75,523.5,2884.25,2,1,3,1.2727272727272727,1.0,1.0,1.0,1,3,2.0,2.0,1.5,2.5,"Hypergraph(num_v=14, num_e=7)",True,0.2774815559387207
1631,HETIO,8-01-CCpGdCcSE-full2,orig,0.13021612167358398,0.4107046127319336,0,7,7,1,6,28123.74,1,678887,143387.85714285713,776.5,5734.0,158770.0,41.0,3542.0,1368.8333333333333,64.75,523.5,2884.25,2,1,3,1.2727272727272727,1.0,1.0,1.0,1,3,2.0,2.0,1.5,2.5,"Hypergraph(num_v=14, num_e=7)",True,0.2804884910583496
1632,HETIO,8-01-CCpGdCcSE-full3,orig,0.13113808631896973,0.40626072883605957,0,7,7,1,6,28123.74,1,678887,143387.85714285713,776.5,5734.0,158770.0,41.0,3542.0,1368.8333333333333,64.75,523.5,2884.25,2,1,3,1.2727272727272727,1.0,1.0,1.0,1,3,2.0,2.0,1.5,2.5,"Hypergraph(num_v=14, num_e=7)",True,0.27512264251708984
1633,HETIO,8-01-CCpGdCcSE-augF1-full1,orig,0.12799882888793945,0.4145853519439697,0,7,7,1,6,28123.74,1,678887,143387.85714285713,776.5,5734.0,158770.0,41.0,3542.0,1368.8333333333333,64.75,523.5,2884.25,2,1,3,1.2727272727272727,1.0,1.0,1.0,1,3,2.0,2.0,1.5,2.5,"Hypergraph(num_v=14, num_e=7)",False,0.2865865230560303
1634,HETIO,8-01-CCpGdCcSE-augF1-full2,orig,0.12955451011657715,0.41715407371520996,0,7,7,1,6,28123.74,1,678887,143387.85714285713,776.5,5734.0,158770.0,41.0,3542.0,1368.8333333333333,64.75,523.5,2884.25,2,1,3,1.2727272727272727,1.0,1.0,1.0,1,3,2.0,2.0,1.5,2.5,"Hypergraph(num_v=14, num_e=7)",False,0.2875995635986328
1635,HETIO,8-01-CCpGdCcSE-augF1-full3,orig,0.12558197975158691,0.4155600070953369,0,7,7,1,6,28123.74,1,678887,143387.85714285713,776.5,5734.0,158770.0,41.0,3542.0,1368.8333333333333,64.75,523.5,2884.25,2,1,3,1.2727272727272727,1.0,1.0,1.0,1,3,2.0,2.0,1.5,2.5,"Hypergraph(num_v=14, num_e=7)",False,0.28997802734375
1636,HETIO,8-01-CCpGdCcSE-augF2-full1,orig,0.15439891815185547,0.45835065841674805,0,7,7,1,6,28123.74,1,678887,143387.85714285713,776.5,5734.0,158770.0,41.0,3542.0,1368.8333333333333,64.75,523.5,2884.25,2,1,3,1.2727272727272727,1.0,1.0,1.0,1,3,2.0,2.0,1.5,2.5,"Hypergraph(num_v=14, num_e=7)",False,0.3039517402648926
1637,HETIO,8-01-CCpGdCcSE-augF2-full2,orig,0.14118051528930664,0.46250128746032715,0,7,7,1,6,28123.74,1,678887,143387.85714285713,776.5,5734.0,158770.0,41.0,3542.0,1368.8333333333333,64.75,523.5,2884.25,2,1,3,1.2727272727272727,1.0,1.0,1.0,1,3,2.0,2.0,1.5,2.5,"Hypergraph(num_v=14, num_e=7)",False,0.3213207721710205
1638,HETIO,8-01-CCpGdCcSE-augF2-full3,orig,0.14211726188659668,0.46161651611328125,0,7,7,1,6,28123.74,1,678887,143387.85714285713,776.5,5734.0,158770.0,41.0,3542.0,1368.8333333333333,64.75,523.5,2884.25,2,1,3,1.2727272727272727,1.0,1.0,1.0,1,3,2.0,2.0,1.5,2.5,"Hypergraph(num_v=14, num_e=7)",False,0.31949925422668457
1639,HETIO,9-01-DuGrGpMF-full1,orig,0.8725688457489014,1.578186273574829,0,7,6,0,6,65915.15,137,1629328,312654.4285714286,11914.5,20945.0,257171.0,3079.0,1219633.0,354989.1666666667,119388.25,275567.0,285462.0,2,1,3,1.2727272727272727,1.0,1.0,1.0,2,2,2.0,2.0,2.0,2.0,"Hypergraph(num_v=14, num_e=7)",True,0.7056174278259277
1640,HETIO,9-01-DuGrGpMF-full2,orig,0.8662552833557129,1.5479826927185059,0,7,6,0,6,66329.15,137,1629328,312654.4285714286,11914.5,20945.0,257171.0,3079.0,1219633.0,354989.1666666667,119388.25,275567.0,285462.0,2,1,3,1.2727272727272727,1.0,1.0,1.0,2,2,2.0,2.0,2.0,2.0,"Hypergraph(num_v=14, num_e=7)",True,0.681727409362793
1641,HETIO,9-01-DuGrGpMF-full3,orig,0.869086742401123,1.57773756980896,0,7,6,0,6,66887.15,137,1629328,312654.4285714286,11914.5,20945.0,257171.0,3079.0,1219633.0,354989.1666666667,119388.25,275567.0,285462.0,2,1,3,1.2727272727272727,1.0,1.0,1.0,2,2,2.0,2.0,2.0,2.0,"Hypergraph(num_v=14, num_e=7)",True,0.7086508274078369
1642,HETIO,9-02-DdGrGpMF-full1,orig,0.791801929473877,1.4975776672363281,0,7,6,0,6,68806.65,137,1629328,314548.71428571426,11914.5,20945.0,263801.0,3450.0,1471997.0,399547.3333333333,130348.75,275567.0,285462.0,2,1,3,1.2727272727272727,1.0,1.0,1.0,2,2,2.0,2.0,2.0,2.0,"Hypergraph(num_v=14, num_e=7)",True,0.7057757377624512
1643,HETIO,9-02-DdGrGpMF-full2,orig,0.8263838291168213,1.511582612991333,0,7,6,0,6,69756.65,137,1629328,314548.71428571426,11914.5,20945.0,263801.0,3450.0,1471997.0,399547.3333333333,130348.75,275567.0,285462.0,2,1,3,1.2727272727272727,1.0,1.0,1.0,2,2,2.0,2.0,2.0,2.0,"Hypergraph(num_v=14, num_e=7)",True,0.6851987838745117
1644,HETIO,9-02-DdGrGpMF-full3,orig,0.8124613761901855,1.4816813468933105,0,7,6,0,6,68640.65,137,1629328,314548.71428571426,11914.5,20945.0,263801.0,3450.0,1471997.0,399547.3333333333,130348.75,275567.0,285462.0,2,1,3,1.2727272727272727,1.0,1.0,1.0,2,2,2.0,2.0,2.0,2.0,"Hypergraph(num_v=14, num_e=7)",True,0.669219970703125
1645,HETIO,9-03-DaGrGpMF-full1,orig,1.4342811107635498,2.3715312480926514,0,7,6,0,6,52898.75,1,1629328,277744.71428571426,1510.5,20945.0,145459.0,626.0,494954.0,182632.0,7635.0,157062.0,285462.0,2,1,3,1.2727272727272727,1.0,1.0,1.0,2,2,2.0,2.0,2.0,2.0,"Hypergraph(num_v=14, num_e=7)",True,0.9372501373291016
1646,HETIO,9-03-DaGrGpMF-full2,orig,1.4646806716918945,2.364673137664795,0,7,6,0,6,52842.75,1,1629328,277744.71428571426,1510.5,20945.0,145459.0,626.0,494954.0,182632.0,7635.0,157062.0,285462.0,2,1,3,1.2727272727272727,1.0,1.0,1.0,2,2,2.0,2.0,2.0,2.0,"Hypergraph(num_v=14, num_e=7)",True,0.8999924659729004
1647,HETIO,9-03-DaGrGpMF-full3,orig,1.445817232131958,2.317044258117676,0,7,6,0,6,52786.75,1,1629328,277744.71428571426,1510.5,20945.0,145459.0,626.0,494954.0,182632.0,7635.0,157062.0,285462.0,2,1,3,1.2727272727272727,1.0,1.0,1.0,2,2,2.0,2.0,2.0,2.0,"Hypergraph(num_v=14, num_e=7)",True,0.8712270259857178
1648,HETIO,9-04-DuGiGpMF-full1,orig,0.9453301429748535,1.843181848526001,0,7,6,0,6,67841.55,137,1629328,316748.14285714284,11914.5,20945.0,271499.0,3079.0,1327339.0,378600.6666666667,128316.0,285462.0,292111.5,2,1,3,1.2727272727272727,1.0,1.0,1.0,2,2,2.0,2.0,2.0,2.0,"Hypergraph(num_v=14, num_e=7)",True,0.8978517055511475
1649,HETIO,9-04-DuGiGpMF-full2,orig,0.977694034576416,1.9377858638763428,0,7,6,0,6,68957.55,137,1629328,316748.14285714284,11914.5,20945.0,271499.0,3079.0,1327339.0,378600.6666666667,128316.0,285462.0,292111.5,2,1,3,1.2727272727272727,1.0,1.0,1.0,2,2,2.0,2.0,2.0,2.0,"Hypergraph(num_v=14, num_e=7)",True,0.9600918292999268
1650,HETIO,9-04-DuGiGpMF-full3,orig,0.9448673725128174,1.9214107990264893,0,7,6,0,6,68137.55,137,1629328,316748.14285714284,11914.5,20945.0,271499.0,3079.0,1327339.0,378600.6666666667,128316.0,285462.0,292111.5,2,1,3,1.2727272727272727,1.0,1.0,1.0,2,2,2.0,2.0,2.0,2.0,"Hypergraph(num_v=14, num_e=7)",True,0.9765434265136719
1651,HETIO,9-05-DdGiGpMF-full1,orig,0.9130783081054688,1.8580272197723389,0,7,6,0,6,70917.76,137,1629328,318642.4285714286,11914.5,20945.0,278129.0,3450.0,1602162.0,427086.6666666667,140107.5,285462.0,292111.5,2,1,3,1.2727272727272727,1.0,1.0,1.0,2,2,2.0,2.0,2.0,2.0,"Hypergraph(num_v=14, num_e=7)",True,0.9449489116668701
1652,HETIO,9-05-DdGiGpMF-full2,orig,0.898667573928833,1.8126518726348877,0,7,6,0,6,70909.76,137,1629328,318642.4285714286,11914.5,20945.0,278129.0,3450.0,1602162.0,427086.6666666667,140107.5,285462.0,292111.5,2,1,3,1.2727272727272727,1.0,1.0,1.0,2,2,2.0,2.0,2.0,2.0,"Hypergraph(num_v=14, num_e=7)",True,0.9139842987060547
1653,HETIO,9-05-DdGiGpMF-full3,orig,0.9431021213531494,1.877288818359375,0,7,6,0,6,71475.76,137,1629328,318642.4285714286,11914.5,20945.0,278129.0,3450.0,1602162.0,427086.6666666667,140107.5,285462.0,292111.5,2,1,3,1.2727272727272727,1.0,1.0,1.0,2,2,2.0,2.0,2.0,2.0,"Hypergraph(num_v=14, num_e=7)",True,0.9341866970062256
1654,HETIO,9-06-DaGiGpMF-full1,orig,1.9108991622924805,3.089714765548706,0,7,6,0,6,50627.72,137,1629328,266285.0,7602.5,20945.0,99190.0,368.0,347593.0,155201.33333333334,3393.75,148579.5,285462.0,2,1,3,1.2727272727272727,1.0,1.0,1.0,2,2,2.0,2.0,2.0,2.0,"Hypergraph(num_v=14, num_e=7)",True,1.1788156032562256
1655,HETIO,9-06-DaGiGpMF-full2,orig,1.807753086090088,3.039747714996338,0,7,6,0,6,50627.72,137,1629328,266285.0,7602.5,20945.0,99190.0,368.0,347593.0,155201.33333333334,3393.75,148579.5,285462.0,2,1,3,1.2727272727272727,1.0,1.0,1.0,2,2,2.0,2.0,2.0,2.0,"Hypergraph(num_v=14, num_e=7)",True,1.23199462890625
1656,HETIO,9-06-DaGiGpMF-full3,orig,1.8532347679138184,3.0013351440429688,0,7,6,0,6,50627.72,137,1629328,266285.0,7602.5,20945.0,99190.0,368.0,347593.0,155201.33333333334,3393.75,148579.5,285462.0,2,1,3,1.2727272727272727,1.0,1.0,1.0,2,2,2.0,2.0,2.0,2.0,"Hypergraph(num_v=14, num_e=7)",True,1.1481003761291504
1657,HETIO,9-07-DuGcGpMF-full1,orig,0.4164409637451172,1.0099310874938965,0,7,6,0,6,52278.62,137,1629328,292327.0,11914.5,20945.0,186025.0,3079.0,553726.0,213838.5,54786.5,204421.0,285462.0,2,1,3,1.2727272727272727,1.0,1.0,1.0,2,2,2.0,2.0,2.0,2.0,"Hypergraph(num_v=14, num_e=7)",True,0.5934901237487793
1658,HETIO,9-07-DuGcGpMF-full2,orig,0.4183211326599121,1.0093257427215576,0,7,6,0,6,52342.62,137,1629328,292327.0,11914.5,20945.0,186025.0,3079.0,553726.0,213838.5,54786.5,204421.0,285462.0,2,1,3,1.2727272727272727,1.0,1.0,1.0,2,2,2.0,2.0,2.0,2.0,"Hypergraph(num_v=14, num_e=7)",True,0.5910046100616455
1659,HETIO,9-07-DuGcGpMF-full3,orig,0.41629958152770996,0.9981422424316406,0,7,6,0,6,52278.62,137,1629328,292327.0,11914.5,20945.0,186025.0,3079.0,553726.0,213838.5,54786.5,204421.0,285462.0,2,1,3,1.2727272727272727,1.0,1.0,1.0,2,2,2.0,2.0,2.0,2.0,"Hypergraph(num_v=14, num_e=7)",True,0.5818426609039307
1660,HETIO,9-08-DdGcGpMF-full1,orig,0.43360018730163574,1.0490622520446777,0,7,6,0,6,53724.56,137,1629328,294221.28571428574,11914.5,20945.0,192655.0,3450.0,668367.0,234108.66666666663,59743.25,204421.0,285462.0,2,1,3,1.2727272727272727,1.0,1.0,1.0,2,2,2.0,2.0,2.0,2.0,"Hypergraph(num_v=14, num_e=7)",True,0.615462064743042
1661,HETIO,9-08-DdGcGpMF-full2,orig,0.43187403678894043,1.0145838260650635,0,7,6,0,6,54208.56,137,1629328,294221.28571428574,11914.5,20945.0,192655.0,3450.0,668367.0,234108.66666666663,59743.25,204421.0,285462.0,2,1,3,1.2727272727272727,1.0,1.0,1.0,2,2,2.0,2.0,2.0,2.0,"Hypergraph(num_v=14, num_e=7)",True,0.582709789276123
1662,HETIO,9-08-DdGcGpMF-full3,orig,0.4275219440460205,0.9853217601776123,0,7,6,0,6,53650.56,137,1629328,294221.28571428574,11914.5,20945.0,192655.0,3450.0,668367.0,234108.66666666663,59743.25,204421.0,285462.0,2,1,3,1.2727272727272727,1.0,1.0,1.0,2,2,2.0,2.0,2.0,2.0,"Hypergraph(num_v=14, num_e=7)",True,0.5577998161315918
1663,HETIO,9-09-DaGcGpMF-full1,orig,0.26718926429748535,1.0332915782928467,0,7,6,0,6,42022.5,137,678887,123400.0,7602.5,20945.0,74313.0,368.0,118942.0,36185.16666666666,1725.25,5023.0,66602.5,2,1,3,1.2727272727272727,1.0,1.0,1.0,2,2,2.0,2.0,2.0,2.0,"Hypergraph(num_v=14, num_e=7)",True,0.7661023139953613
1664,HETIO,9-09-DaGcGpMF-full2,orig,0.2659780979156494,0.9876995086669922,0,7,6,0,6,42022.5,137,678887,123400.0,7602.5,20945.0,74313.0,368.0,118942.0,36185.16666666666,1725.25,5023.0,66602.5,2,1,3,1.2727272727272727,1.0,1.0,1.0,2,2,2.0,2.0,2.0,2.0,"Hypergraph(num_v=14, num_e=7)",True,0.7217214107513428
1665,HETIO,9-09-DaGcGpMF-full3,orig,0.26825666427612305,1.028411865234375,0,7,6,0,6,42022.5,137,678887,123400.0,7602.5,20945.0,74313.0,368.0,118942.0,36185.16666666666,1725.25,5023.0,66602.5,2,1,3,1.2727272727272727,1.0,1.0,1.0,2,2,2.0,2.0,2.0,2.0,"Hypergraph(num_v=14, num_e=7)",True,0.760155200958252
1666,HETIO,10-01-SpDdGpPW-full1,orig,0.47663092613220215,0.8587019443511963,0,7,6,0,6,34175.07,137,678887,123288.42857142857,1130.0,6714.0,87510.5,2029.0,566846.0,124398.16666666669,9490.0,48502.5,75143.0,2,1,3,1.2727272727272727,1.0,1.0,1.0,1,4,2.0,1.0,1.0,2.5,"Hypergraph(num_v=14, num_e=7)",True,0.38207101821899414
1667,HETIO,10-01-SpDdGpPW-full2,orig,0.4717063903808594,0.8729987144470215,0,7,6,0,6,34175.07,137,678887,123288.42857142857,1130.0,6714.0,87510.5,2029.0,566846.0,124398.16666666669,9490.0,48502.5,75143.0,2,1,3,1.2727272727272727,1.0,1.0,1.0,1,4,2.0,1.0,1.0,2.5,"Hypergraph(num_v=14, num_e=7)",True,0.4012923240661621
1668,HETIO,10-01-SpDdGpPW-full3,orig,0.4796731472015381,0.8730041980743408,0,7,6,0,6,34175.07,137,678887,123288.42857142857,1130.0,6714.0,87510.5,2029.0,566846.0,124398.16666666669,9490.0,48502.5,75143.0,2,1,3,1.2727272727272727,1.0,1.0,1.0,1,4,2.0,1.0,1.0,2.5,"Hypergraph(num_v=14, num_e=7)",True,0.39333105087280273
1669,HETIO,10-02-SpDuGpPW-full1,orig,0.5471956729888916,0.9724040031433105,0,7,6,0,6,32951.13,137,678887,122174.14285714286,1130.0,6714.0,83610.5,1811.0,573312.0,125047.5,8902.0,47326.5,75143.0,2,1,3,1.2727272727272727,1.0,1.0,1.0,1,4,2.0,1.0,1.0,2.5,"Hypergraph(num_v=14, num_e=7)",True,0.42520833015441895
1670,HETIO,10-02-SpDuGpPW-full2,orig,0.537041187286377,0.9508938789367676,0,7,6,0,6,32951.13,137,678887,122174.14285714286,1130.0,6714.0,83610.5,1811.0,573312.0,125047.5,8902.0,47326.5,75143.0,2,1,3,1.2727272727272727,1.0,1.0,1.0,1,4,2.0,1.0,1.0,2.5,"Hypergraph(num_v=14, num_e=7)",True,0.4138526916503906
1671,HETIO,10-02-SpDuGpPW-full3,orig,0.5505404472351074,0.9803504943847656,0,7,6,0,6,32951.13,137,678887,122174.14285714286,1130.0,6714.0,83610.5,1811.0,573312.0,125047.5,8902.0,47326.5,75143.0,2,1,3,1.2727272727272727,1.0,1.0,1.0,1,4,2.0,1.0,1.0,2.5,"Hypergraph(num_v=14, num_e=7)",True,0.4298100471496582
1672,HETIO,10-03-SpDaGpPW-full1,orig,1.8114302158355713,2.343205690383911,0,7,6,0,6,22939.88,137,678887,103652.14285714286,1130.0,6714.0,18783.5,368.0,739152.0,137248.83333333334,1179.0,4102.0,57698.75,2,1,3,1.2727272727272727,1.0,1.0,1.0,1,4,2.0,1.0,1.0,2.5,"Hypergraph(num_v=14, num_e=7)",True,0.5317754745483398
1673,HETIO,10-03-SpDaGpPW-full2,orig,1.8525125980377197,2.2786459922790527,0,7,6,0,6,22939.88,137,678887,103652.14285714286,1130.0,6714.0,18783.5,368.0,739152.0,137248.83333333334,1179.0,4102.0,57698.75,2,1,3,1.2727272727272727,1.0,1.0,1.0,1,4,2.0,1.0,1.0,2.5,"Hypergraph(num_v=14, num_e=7)",True,0.426133394241333
1674,HETIO,10-03-SpDaGpPW-full3,orig,1.8773233890533447,2.3533248901367188,0,7,6,0,6,22939.88,137,678887,103652.14285714286,1130.0,6714.0,18783.5,368.0,739152.0,137248.83333333334,1179.0,4102.0,57698.75,2,1,3,1.2727272727272727,1.0,1.0,1.0,1,4,2.0,1.0,1.0,2.5,"Hypergraph(num_v=14, num_e=7)",True,0.476001501083374
1678,HETIO,11-02-SpDlAuG-full1,rewr,12.066344261169434,10.970164060592651,0,7,6,0,6,12095.18,137,248670,40644.28571428572,420.0,6714.0,14074.5,1859.0,1959145.0,335798.8333333333,6283.0,9034.0,25024.75,2,1,3,1.2727272727272727,1.0,1.0,1.0,1,4,2.0,1.0,1.0,2.5,"Hypergraph(num_v=14, num_e=7)",True,-1.0961802005767822
1679,HETIO,11-02-SpDlAuG-full2,rewr,12.498637437820435,11.06385064125061,0,7,6,0,6,12095.18,137,248670,40644.28571428572,420.0,6714.0,14074.5,1859.0,1959145.0,335798.8333333333,6283.0,9034.0,25024.75,2,1,3,1.2727272727272727,1.0,1.0,1.0,1,4,2.0,1.0,1.0,2.5,"Hypergraph(num_v=14, num_e=7)",True,-1.4347867965698242
1680,HETIO,11-02-SpDlAuG-full3,rewr,11.709349393844604,10.783070802688599,0,7,6,0,6,12095.18,137,248670,40644.28571428572,420.0,6714.0,14074.5,1859.0,1959145.0,335798.8333333333,6283.0,9034.0,25024.75,2,1,3,1.2727272727272727,1.0,1.0,1.0,1,4,2.0,1.0,1.0,2.5,"Hypergraph(num_v=14, num_e=7)",True,-0.9262785911560059
1681,HETIO,11-03-SpDlAdG-full1,rewr,12.92535662651062,11.798161506652832,0,7,6,0,6,13096.63,137,261930,42538.57142857143,420.0,6714.0,14074.5,1859.0,2006707.0,344089.5,6555.75,10125.0,25297.5,2,1,3,1.2727272727272727,1.0,1.0,1.0,1,4,2.0,1.0,1.0,2.5,"Hypergraph(num_v=14, num_e=7)",True,-1.127195119857788
1682,HETIO,11-03-SpDlAdG-full2,rewr,13.62007761001587,12.512478590011597,0,7,6,0,6,13096.63,137,261930,42538.57142857143,420.0,6714.0,14074.5,1859.0,2006707.0,344089.5,6555.75,10125.0,25297.5,2,1,3,1.2727272727272727,1.0,1.0,1.0,1,4,2.0,1.0,1.0,2.5,"Hypergraph(num_v=14, num_e=7)",True,-1.1075990200042725
1683,HETIO,11-03-SpDlAdG-full3,rewr,12.481258869171143,11.854998588562012,0,7,6,0,6,13096.63,137,261930,42538.57142857143,420.0,6714.0,14074.5,1859.0,2006707.0,344089.5,6555.75,10125.0,25297.5,2,1,3,1.2727272727272727,1.0,1.0,1.0,1,4,2.0,1.0,1.0,2.5,"Hypergraph(num_v=14, num_e=7)",True,-0.6262602806091309
1684,HETIO,12-01-SpDlAtCcSEiPC-full1,rewr,56.44679284095764,54.59255814552307,0,11,10,0,10,36254.42,137,277888,27634.727272727272,420.0,1552.0,6224.0,446.0,3581556.0,385500.1,1839.5,11310.5,41989.75,2,1,4,1.2222222222222223,1.0,1.0,1.0,1,6,2.0,1.0,1.0,1.0,"Hypergraph(num_v=22, num_e=11)",True,-1.8542346954345703
1685,HETIO,12-01-SpDlAtCcSEiPC-full2,rewr,57.24383878707886,55.95996332168579,0,11,10,0,10,36254.42,137,277888,27634.727272727272,420.0,1552.0,6224.0,446.0,3581556.0,385500.1,1839.5,11310.5,41989.75,2,1,4,1.2222222222222223,1.0,1.0,1.0,1,6,2.0,1.0,1.0,1.0,"Hypergraph(num_v=22, num_e=11)",True,-1.2838754653930664
1686,HETIO,12-01-SpDlAtCcSEiPC-full3,rewr,58.46912956237793,55.83508586883545,0,11,10,0,10,36254.42,137,277888,27634.727272727272,420.0,1552.0,6224.0,446.0,3581556.0,385500.1,1839.5,11310.5,41989.75,2,1,4,1.2222222222222223,1.0,1.0,1.0,1,6,2.0,1.0,1.0,1.0,"Hypergraph(num_v=22, num_e=11)",True,-2.6340436935424805
1687,HETIO,12-02-SpDlApCcSEiPC-full1,rewr,32.197683572769165,32.1093475818634,0,11,10,0,10,30761.35,137,277888,27568.36363636364,420.0,1552.0,6224.0,664.0,3004326.0,318048.4,1520.0,4708.0,50264.0,2,1,4,1.2222222222222223,1.0,1.0,1.0,1,6,2.0,1.0,1.0,1.0,"Hypergraph(num_v=22, num_e=11)",True,-0.08833599090576172
1688,HETIO,12-02-SpDlApCcSEiPC-full2,rewr,34.896793603897095,32.46595072746277,0,11,10,0,10,30761.35,137,277888,27568.36363636364,420.0,1552.0,6224.0,664.0,3004326.0,318048.4,1520.0,4708.0,50264.0,2,1,4,1.2222222222222223,1.0,1.0,1.0,1,6,2.0,1.0,1.0,1.0,"Hypergraph(num_v=22, num_e=11)",True,-2.430842876434326
1689,HETIO,12-02-SpDlApCcSEiPC-full3,rewr,33.008177042007446,32.25182366371155,0,11,10,0,10,30761.35,137,277888,27568.36363636364,420.0,1552.0,6224.0,664.0,3004326.0,318048.4,1520.0,4708.0,50264.0,2,1,4,1.2222222222222223,1.0,1.0,1.0,1,6,2.0,1.0,1.0,1.0,"Hypergraph(num_v=22, num_e=11)",True,-0.7563533782958984
1690,HETIO,13-01-SpDrDrDlA-full1,rewr,4.78887152671814,4.333786487579346,0,9,8,0,8,983.97,137,14058,4809.444444444444,137.0,438.0,7204.0,133.0,6730.0,2103.25,588.5,1159.5,2366.0,3,1,3,1.2,1.0,1.0,1.0,1,3,2.0,2.0,1.75,2.25,"Hypergraph(num_v=18, num_e=9)",True,-0.45508503913879395
1691,HETIO,13-01-SpDrDrDlA-full2,rewr,4.832690238952637,4.4914796352386475,0,9,8,0,8,983.97,137,14058,4809.444444444444,137.0,438.0,7204.0,133.0,6730.0,2103.25,588.5,1159.5,2366.0,3,1,3,1.2,1.0,1.0,1.0,1,3,2.0,2.0,1.75,2.25,"Hypergraph(num_v=18, num_e=9)",True,-0.34121060371398926
1692,HETIO,13-01-SpDrDrDlA-full3,rewr,4.380580186843872,4.033671140670776,0,9,8,0,8,983.97,137,14058,4809.444444444444,137.0,438.0,7204.0,133.0,6730.0,2103.25,588.5,1159.5,2366.0,3,1,3,1.2,1.0,1.0,1.0,1,3,2.0,2.0,1.75,2.25,"Hypergraph(num_v=18, num_e=9)",True,-0.3469090461730957
1696,HETIO,14-01-SpDlAuGpPW-full1,orig,53.19176411628723,100.0,0,9,8,0,8,100792.87,137,678887,95869.44444444444,438.0,6714.0,20945.0,1859.0,21103691.0,2669264.25,5353.0,43799.0,75143.0,3,1,3,1.2,1.0,1.0,1.0,1,4,2.0,1.5,1.0,2.5,"Hypergraph(num_v=18, num_e=9)",True,100.0
1697,HETIO,14-01-SpDlAuGpPW-full2,orig,56.24609160423279,100.0,0,9,8,0,8,100792.87,137,678887,95869.44444444444,438.0,6714.0,20945.0,1859.0,21103691.0,2669264.25,5353.0,43799.0,75143.0,3,1,3,1.2,1.0,1.0,1.0,1,4,2.0,1.5,1.0,2.5,"Hypergraph(num_v=18, num_e=9)",True,100.0
1698,HETIO,14-01-SpDlAuGpPW-full3,orig,53.524033308029175,100.0,0,9,8,0,8,100792.87,137,678887,95869.44444444444,438.0,6714.0,20945.0,1859.0,21103691.0,2669264.25,5353.0,43799.0,75143.0,3,1,3,1.2,1.0,1.0,1.0,1,4,2.0,1.5,1.0,2.5,"Hypergraph(num_v=18, num_e=9)",True,100.0
1699,HETIO,14-02-SpDlAdGpPW-full1,orig,56.25417232513428,100.0,0,9,8,0,8,110145.27,137,678887,96736.11111111112,438.0,6714.0,20945.0,1859.0,21617556.0,2734442.375,5808.5,47258.0,75143.0,3,1,3,1.2,1.0,1.0,1.0,1,4,2.0,1.5,1.0,2.5,"Hypergraph(num_v=18, num_e=9)",True,100.0
1705,HETIO,15-01-SpDtCuGrG-full1,rewr,18.50516438484192,17.674899101257324,0,9,8,0,8,74074.9,137,265672,62953.66666666666,1510.0,6714.0,20945.0,446.0,8735820.0,1264159.75,5417.0,150274.0,399252.0,3,1,3,1.2,1.0,1.0,1.0,1,3,2.0,2.0,1.75,2.25,"Hypergraph(num_v=18, num_e=9)",True,-0.8302652835845947
1706,HETIO,15-01-SpDtCuGrG-full2,rewr,18.102505922317505,17.38412094116211,0,9,8,0,8,74074.9,137,265672,62953.66666666666,1510.0,6714.0,20945.0,446.0,8735820.0,1264159.75,5417.0,150274.0,399252.0,3,1,3,1.2,1.0,1.0,1.0,1,3,2.0,2.0,1.75,2.25,"Hypergraph(num_v=18, num_e=9)",True,-0.7183849811553955
1707,HETIO,15-01-SpDtCuGrG-full3,rewr,18.046103954315186,17.38049578666687,0,9,8,0,8,74074.9,137,265672,62953.66666666666,1510.0,6714.0,20945.0,446.0,8735820.0,1264159.75,5417.0,150274.0,399252.0,3,1,3,1.2,1.0,1.0,1.0,1,3,2.0,2.0,1.75,2.25,"Hypergraph(num_v=18, num_e=9)",True,-0.6656081676483154
1708,HETIO,15-02-SpDtCuGiG-full1,orig,9.57772970199585,10.403659343719482,0,9,8,0,8,79648.92,137,294328,66137.66666666667,1510.0,6714.0,20945.0,446.0,9392254.0,1360892.125,5417.0,164602.0,435772.25,3,1,3,1.2,1.0,1.0,1.0,1,3,2.0,2.0,1.75,2.25,"Hypergraph(num_v=18, num_e=9)",True,0.8259296417236328
1709,HETIO,15-02-SpDtCuGiG-full2,orig,9.389195203781128,9.987207174301147,0,9,8,0,8,79648.92,137,294328,66137.66666666667,1510.0,6714.0,20945.0,446.0,9392254.0,1360892.125,5417.0,164602.0,435772.25,3,1,3,1.2,1.0,1.0,1.0,1,3,2.0,2.0,1.75,2.25,"Hypergraph(num_v=18, num_e=9)",True,0.5980119705200195
1710,HETIO,15-02-SpDtCuGiG-full3,orig,9.356006622314453,10.016655206680298,0,9,8,0,8,79638.92,137,294328,66137.66666666667,1510.0,6714.0,20945.0,446.0,9392254.0,1360892.125,5417.0,164602.0,435772.25,3,1,3,1.2,1.0,1.0,1.0,1,3,2.0,2.0,1.75,2.25,"Hypergraph(num_v=18, num_e=9)",True,0.6606485843658447
1711,HETIO,15-03-SpDtCuGcG-full1,orig,2.263852119445801,2.9500348567962646,0,9,8,0,8,36436.02,137,248670,47143.444444444445,1510.0,6714.0,20945.0,446.0,3948437.0,575362.625,5417.0,79128.0,182930.5,3,1,3,1.2,1.0,1.0,1.0,1,3,2.0,2.0,1.75,2.25,"Hypergraph(num_v=18, num_e=9)",True,0.6861827373504639
1712,HETIO,15-03-SpDtCuGcG-full2,orig,2.2609686851501465,3.03957200050354,0,9,8,0,8,35730.02,137,248670,47143.444444444445,1510.0,6714.0,20945.0,446.0,3948437.0,575362.625,5417.0,79128.0,182930.5,3,1,3,1.2,1.0,1.0,1.0,1,3,2.0,2.0,1.75,2.25,"Hypergraph(num_v=18, num_e=9)",True,0.7786033153533936
1713,HETIO,15-03-SpDtCuGcG-full3,orig,2.27620792388916,2.968431234359741,0,9,8,0,8,36436.02,137,248670,47143.444444444445,1510.0,6714.0,20945.0,446.0,3948437.0,575362.625,5417.0,79128.0,182930.5,3,1,3,1.2,1.0,1.0,1.0,1,3,2.0,2.0,1.75,2.25,"Hypergraph(num_v=18, num_e=9)",True,0.692223310470581
1714,HETIO,15-04-SpDtCdGrG-full1,rewr,20.467784881591797,19.257564067840576,0,9,8,0,8,67208.36,137,265672,64427.0,1510.0,6714.0,20945.0,446.0,7347575.0,1028329.5,5417.0,152380.0,273599.75,3,1,3,1.2,1.0,1.0,1.0,1,3,2.0,2.0,1.75,2.25,"Hypergraph(num_v=18, num_e=9)",True,-1.2102208137512207
1715,HETIO,15-04-SpDtCdGrG-full2,rewr,20.53770160675049,19.727583169937134,0,9,8,0,8,67208.36,137,265672,64427.0,1510.0,6714.0,20945.0,446.0,7347575.0,1028329.5,5417.0,152380.0,273599.75,3,1,3,1.2,1.0,1.0,1.0,1,3,2.0,2.0,1.75,2.25,"Hypergraph(num_v=18, num_e=9)",True,-0.8101184368133545
1716,HETIO,15-04-SpDtCdGrG-full3,rewr,20.631033182144165,19.427459716796875,0,9,8,0,8,67208.36,137,265672,64427.0,1510.0,6714.0,20945.0,446.0,7347575.0,1028329.5,5417.0,152380.0,273599.75,3,1,3,1.2,1.0,1.0,1.0,1,3,2.0,2.0,1.75,2.25,"Hypergraph(num_v=18, num_e=9)",True,-1.20357346534729
1717,HETIO,15-05-SpDtCdGiG-full1,rewr,13.684991598129272,13.271120071411133,0,9,8,0,8,72296.98,137,294328,67611.0,1510.0,6714.0,20945.0,446.0,7900597.0,1104621.25,5417.0,166708.0,295091.75,3,1,3,1.2,1.0,1.0,1.0,1,3,2.0,2.0,1.75,2.25,"Hypergraph(num_v=18, num_e=9)",True,-0.41387152671813965
1718,HETIO,15-05-SpDtCdGiG-full2,rewr,13.784611463546753,13.345591306686401,0,9,8,0,8,72296.98,137,294328,67611.0,1510.0,6714.0,20945.0,446.0,7900597.0,1104621.25,5417.0,166708.0,295091.75,3,1,3,1.2,1.0,1.0,1.0,1,3,2.0,2.0,1.75,2.25,"Hypergraph(num_v=18, num_e=9)",True,-0.43902015686035156
1719,HETIO,15-05-SpDtCdGiG-full3,rewr,13.580432415008545,12.984055519104004,0,9,8,0,8,72290.98,137,294328,67611.0,1510.0,6714.0,20945.0,446.0,7900597.0,1104621.25,5417.0,166708.0,295091.75,3,1,3,1.2,1.0,1.0,1.0,1,3,2.0,2.0,1.75,2.25,"Hypergraph(num_v=18, num_e=9)",True,-0.596376895904541
1720,HETIO,15-06-SpDtCdGcG-full1,orig,2.621147394180298,3.066920518875122,0,9,8,0,8,33028.48,137,261930,48616.77777777778,1510.0,6714.0,20945.0,446.0,3321318.0,489474.375,5417.0,81234.0,166880.75,3,1,3,1.2,1.0,1.0,1.0,1,3,2.0,2.0,1.75,2.25,"Hypergraph(num_v=18, num_e=9)",True,0.4457731246948242
1721,HETIO,15-06-SpDtCdGcG-full2,orig,2.7853660583496094,3.0789120197296143,0,9,8,0,8,33028.48,137,261930,48616.77777777778,1510.0,6714.0,20945.0,446.0,3321318.0,489474.375,5417.0,81234.0,166880.75,3,1,3,1.2,1.0,1.0,1.0,1,3,2.0,2.0,1.75,2.25,"Hypergraph(num_v=18, num_e=9)",True,0.2935459613800049
1722,HETIO,15-06-SpDtCdGcG-full3,orig,2.7348055839538574,3.0107924938201904,0,9,8,0,8,33028.48,137,261930,48616.77777777778,1510.0,6714.0,20945.0,446.0,3321318.0,489474.375,5417.0,81234.0,166880.75,3,1,3,1.2,1.0,1.0,1.0,1,3,2.0,2.0,1.75,2.25,"Hypergraph(num_v=18, num_e=9)",True,0.275986909866333
1723,HETIO,15-07-SpDtCbGrG-full1,orig,2.7585034370422363,2.8976500034332275,0,9,8,0,8,19081.76,137,265672,37895.0,1510.0,6714.0,20945.0,446.0,2109372.0,336828.5,4715.25,22668.5,265672.0,3,1,3,1.2,1.0,1.0,1.0,1,3,2.0,2.0,1.75,2.25,"Hypergraph(num_v=18, num_e=9)",True,0.1391465663909912
1724,HETIO,15-07-SpDtCbGrG-full2,orig,2.717963457107544,2.89753794670105,0,9,8,0,8,19147.76,137,265672,37895.0,1510.0,6714.0,20945.0,446.0,2109372.0,336828.5,4715.25,22668.5,265672.0,3,1,3,1.2,1.0,1.0,1.0,1,3,2.0,2.0,1.75,2.25,"Hypergraph(num_v=18, num_e=9)",True,0.17957448959350586
1725,HETIO,15-07-SpDtCbGrG-full3,orig,2.7344508171081543,2.8494815826416016,0,9,8,0,8,19533.76,137,265672,37895.0,1510.0,6714.0,20945.0,446.0,2109372.0,336828.5,4715.25,22668.5,265672.0,3,1,3,1.2,1.0,1.0,1.0,1,3,2.0,2.0,1.75,2.25,"Hypergraph(num_v=18, num_e=9)",True,0.11503076553344727
1726,HETIO,15-08-SpDtCbGiG-full1,orig,2.1553287506103516,2.510624647140503,0,9,8,0,8,20812.7,137,294328,41079.0,1510.0,6714.0,20945.0,446.0,1069298.0,213983.25,4715.25,22668.5,294328.0,3,1,3,1.2,1.0,1.0,1.0,1,3,2.0,2.0,1.75,2.25,"Hypergraph(num_v=18, num_e=9)",True,0.35529589653015137
1727,HETIO,15-08-SpDtCbGiG-full2,orig,2.220233201980591,2.5364131927490234,0,9,8,0,8,21320.7,137,294328,41079.0,1510.0,6714.0,20945.0,446.0,1069298.0,213983.25,4715.25,22668.5,294328.0,3,1,3,1.2,1.0,1.0,1.0,1,3,2.0,2.0,1.75,2.25,"Hypergraph(num_v=18, num_e=9)",True,0.3161799907684326
1728,HETIO,15-08-SpDtCbGiG-full3,orig,2.2119991779327393,2.534226655960083,0,9,8,0,8,21320.7,137,294328,41079.0,1510.0,6714.0,20945.0,446.0,1069298.0,213983.25,4715.25,22668.5,294328.0,3,1,3,1.2,1.0,1.0,1.0,1,3,2.0,2.0,1.75,2.25,"Hypergraph(num_v=18, num_e=9)",True,0.32222747802734375
1729,HETIO,15-09-SpDtCbGcG-full1,orig,0.4777083396911621,0.716895580291748,0,9,8,0,8,8861.13,137,123380,22084.777777777777,1510.0,6714.0,20945.0,446.0,472248.0,96615.0,4715.25,22668.5,123380.0,3,1,3,1.2,1.0,1.0,1.0,1,3,2.0,2.0,1.75,2.25,"Hypergraph(num_v=18, num_e=9)",True,0.23918724060058594
1730,HETIO,15-09-SpDtCbGcG-full2,orig,0.4774348735809326,0.552668571472168,0,9,8,0,8,8861.13,137,123380,22084.777777777777,1510.0,6714.0,20945.0,446.0,472248.0,96615.0,4715.25,22668.5,123380.0,3,1,3,1.2,1.0,1.0,1.0,1,3,2.0,2.0,1.75,2.25,"Hypergraph(num_v=18, num_e=9)",True,0.07523369789123535
1731,HETIO,15-09-SpDtCbGcG-full3,orig,0.48035192489624023,0.5526607036590576,0,9,8,0,8,8861.13,137,123380,22084.777777777777,1510.0,6714.0,20945.0,446.0,472248.0,96615.0,4715.25,22668.5,123380.0,3,1,3,1.2,1.0,1.0,1.0,1,3,2.0,2.0,1.75,2.25,"Hypergraph(num_v=18, num_e=9)",True,0.07230877876281738
1741,STATS,001-014,orig,0.028890371322631836,0.0572824478149414,1,3,7,5,2,10171.1,1,99392,33459.333333333336,493.0,985.0,50188.5,84.0,27256.0,13670.0,6877.0,13670.0,20463.0,1,1,3,1.1333333333333333,1.0,1.0,1.0,2,2,2.0,2.0,2.0,2.0,"Hypergraph(num_v=17, num_e=3)",True,0.028392076492309563
1742,STATS,001-014-augA1,orig,0.02893853187561035,0.0411024093627929,1,3,7,5,2,10171.1,1,99392,33459.333333333336,493.0,985.0,50188.5,84.0,27256.0,13670.0,6877.0,13670.0,20463.0,2,1,3,1.1333333333333333,1.0,1.0,1.0,1,1,1.0,1.0,1.0,1.0,"Hypergraph(num_v=17, num_e=3)",False,0.012163877487182548
1743,STATS,001-014-augA2,orig,0.029188871383666992,0.1634595394134521,1,3,7,5,2,10171.1,1,99392,33459.333333333336,493.0,985.0,50188.5,84.0,27256.0,13670.0,6877.0,13670.0,20463.0,2,1,3,1.1333333333333333,1.0,1.0,1.0,1,1,1.0,1.0,1.0,1.0,"Hypergraph(num_v=17, num_e=3)",False,0.1342706680297851
1744,STATS,001-014-augF1,orig,0.02954697608947754,0.0596485137939453,1,3,7,5,2,10099.27,1,99392,33397.0,399.5,798.0,50095.0,68.0,22078.0,11073.0,5570.5,11073.0,16575.5,1,1,3,1.1333333333333333,1.0,1.0,1.0,2,2,2.0,2.0,2.0,2.0,"Hypergraph(num_v=17, num_e=3)",False,0.03010153770446776
1745,STATS,001-014-augF1-augA1,orig,0.029439449310302734,0.0397143363952636,1,3,7,5,2,10099.27,1,99392,33397.0,399.5,798.0,50095.0,68.0,22078.0,11073.0,5570.5,11073.0,16575.5,2,1,3,1.1333333333333333,1.0,1.0,1.0,1,1,1.0,1.0,1.0,1.0,"Hypergraph(num_v=17, num_e=3)",False,0.010274887084960868
1746,STATS,001-014-augF1-augA2,orig,0.029055356979370117,0.0589537620544433,1,3,7,5,2,10099.27,1,99392,33397.0,399.5,798.0,50095.0,68.0,22078.0,11073.0,5570.5,11073.0,16575.5,1,1,3,1.1333333333333333,1.0,1.0,1.0,2,2,2.0,2.0,2.0,2.0,"Hypergraph(num_v=17, num_e=3)",False,0.02989840507507318
1747,STATS,001-014-augF2,orig,0.028420686721801758,0.0666577816009521,1,3,7,5,2,10171.26,1,99392,33459.333333333336,493.0,985.0,50188.5,84.0,27320.0,13702.0,6893.0,13702.0,20511.0,1,1,3,1.1333333333333333,1.0,1.0,1.0,2,2,2.0,2.0,2.0,2.0,"Hypergraph(num_v=17, num_e=3)",False,0.03823709487915035
1748,STATS,001-014-augF2-augA1,orig,0.030375957489013672,0.039780855178833,1,3,7,5,2,10171.26,1,99392,33459.333333333336,493.0,985.0,50188.5,84.0,27320.0,13702.0,6893.0,13702.0,20511.0,2,1,3,1.1333333333333333,1.0,1.0,1.0,1,1,1.0,1.0,1.0,1.0,"Hypergraph(num_v=17, num_e=3)",False,0.009404897689819329
1749,STATS,001-014-augF2-augA2,orig,0.02882671356201172,0.0545165538787841,1,3,7,5,2,10171.26,1,99392,33459.333333333336,493.0,985.0,50188.5,84.0,27320.0,13702.0,6893.0,13702.0,20511.0,1,1,3,1.1333333333333333,1.0,1.0,1.0,2,2,2.0,2.0,2.0,2.0,"Hypergraph(num_v=17, num_e=3)",False,0.025689840316772385
1750,STATS,002-048,orig,0.08651018142700195,0.1335339546203613,1,5,7,3,4,270713.29,1,192979,74935.4,285.0,79851.0,101561.0,208.0,99629565.0,24940042.5,8345.5,65198.5,24996895.5,2,1,5,1.1904761904761905,1.0,1.0,1.0,1,3,2.0,2.0,1.5,2.5,"Hypergraph(num_v=25, num_e=5)",True,0.04702377319335935
1751,STATS,002-048-augA1,orig,0.08732342720031738,0.1329965591430664,1,5,7,3,4,270713.29,1,192979,74935.4,285.0,79851.0,101561.0,208.0,99629565.0,24940042.5,8345.5,65198.5,24996895.5,2,1,5,1.1904761904761905,1.0,1.0,1.0,1,3,2.0,2.0,1.5,2.5,"Hypergraph(num_v=25, num_e=5)",False,0.04567313194274902
1752,STATS,002-048-augA2,orig,0.08936476707458496,0.1643879413604736,1,5,7,3,4,270713.29,1,192979,74935.4,285.0,79851.0,101561.0,208.0,99629565.0,24940042.5,8345.5,65198.5,24996895.5,1,1,5,1.1904761904761905,1.0,1.0,1.0,4,4,4.0,4.0,4.0,4.0,"Hypergraph(num_v=25, num_e=5)",False,0.07502317428588864
1753,STATS,002-048-augA3,orig,0.08725452423095703,0.1264662742614746,1,5,7,3,4,270713.29,1,192979,74935.4,285.0,79851.0,101561.0,208.0,99629565.0,24940042.5,8345.5,65198.5,24996895.5,2,1,5,1.1904761904761905,1.0,1.0,1.0,1,3,2.0,2.0,1.5,2.5,"Hypergraph(num_v=25, num_e=5)",False,0.03921175003051758
1754,STATS,002-048-augA4,orig,0.08958697319030762,0.1563122272491455,1,5,7,3,4,270713.29,1,192979,74935.4,285.0,79851.0,101561.0,208.0,99629565.0,24940042.5,8345.5,65198.5,24996895.5,1,1,5,1.1904761904761905,1.0,1.0,1.0,4,4,4.0,4.0,4.0,4.0,"Hypergraph(num_v=25, num_e=5)",False,0.06672525405883789
1755,STATS,002-048-augF1,orig,0.05148148536682129,0.1188549995422363,1,5,7,3,4,36900.43,285,192979,75454.4,2596.0,79851.0,101561.0,911.0,8203189.0,2054766.75,4083.5,7483.5,2058166.75,2,1,5,1.1904761904761905,1.0,1.0,1.0,1,3,2.0,2.0,1.5,2.5,"Hypergraph(num_v=25, num_e=5)",False,0.06737351417541501
1756,STATS,002-048-augF1-augA1,orig,0.052458763122558594,0.1476263999938964,1,5,7,3,4,36900.43,285,192979,75454.4,2596.0,79851.0,101561.0,911.0,8203189.0,2054766.75,4083.5,7483.5,2058166.75,1,1,5,1.1904761904761905,1.0,1.0,1.0,4,4,4.0,4.0,4.0,4.0,"Hypergraph(num_v=25, num_e=5)",False,0.09516763687133781
1757,STATS,002-048-augF1-augA2,orig,0.052544593811035156,0.1001622676849365,1,5,7,3,4,36900.43,285,192979,75454.4,2596.0,79851.0,101561.0,911.0,8203189.0,2054766.75,4083.5,7483.5,2058166.75,2,1,5,1.1904761904761905,1.0,1.0,1.0,1,3,2.0,2.0,1.5,2.5,"Hypergraph(num_v=25, num_e=5)",False,0.04761767387390134
1758,STATS,002-048-augF1-augA3,orig,0.0514371395111084,0.1028258800506591,1,5,7,3,4,36900.43,285,192979,75454.4,2596.0,79851.0,101561.0,911.0,8203189.0,2054766.75,4083.5,7483.5,2058166.75,2,1,5,1.1904761904761905,1.0,1.0,1.0,1,3,2.0,2.0,1.5,2.5,"Hypergraph(num_v=25, num_e=5)",False,0.0513887405395507
1759,STATS,002-048-augF1-augA4,orig,0.052907705307006836,0.2238602638244629,1,5,7,3,4,36900.43,285,192979,75454.4,2596.0,79851.0,101561.0,911.0,8203189.0,2054766.75,4083.5,7483.5,2058166.75,1,1,5,1.1904761904761905,1.0,1.0,1.0,4,4,4.0,4.0,4.0,4.0,"Hypergraph(num_v=25, num_e=5)",False,0.17095255851745605
1760,STATS,002-048-augF2,orig,0.06005358695983887,0.114708662033081,1,5,7,3,4,32503.59,285,192979,62168.6,6199.0,31529.0,79851.0,14144.0,6081057.0,1537092.5,15810.5,26584.5,1547866.5,2,1,5,1.1904761904761905,1.0,1.0,1.0,1,3,2.0,2.0,1.5,2.5,"Hypergraph(num_v=25, num_e=5)",False,0.05465507507324213
1761,STATS,002-048-augF2-augA1,orig,0.05999422073364258,0.0950615406036377,1,5,7,3,4,32503.59,285,192979,62168.6,6199.0,31529.0,79851.0,14144.0,6081057.0,1537092.5,15810.5,26584.5,1547866.5,2,1,5,1.1904761904761905,1.0,1.0,1.0,1,3,2.0,2.0,1.5,2.5,"Hypergraph(num_v=25, num_e=5)",False,0.03506731986999512
1762,STATS,002-048-augF2-augA2,orig,0.06300973892211914,0.1023485660552978,1,5,7,3,4,32503.59,285,192979,62168.6,6199.0,31529.0,79851.0,14144.0,6081057.0,1537092.5,15810.5,26584.5,1547866.5,2,1,5,1.1904761904761905,1.0,1.0,1.0,1,3,2.0,2.0,1.5,2.5,"Hypergraph(num_v=25, num_e=5)",False,0.039338827133178655
1763,STATS,002-048-augF2-augA3,orig,0.05976390838623047,0.07558274269104,1,5,7,3,4,32503.59,285,192979,62168.6,6199.0,31529.0,79851.0,14144.0,6081057.0,1537092.5,15810.5,26584.5,1547866.5,2,1,5,1.1904761904761905,1.0,1.0,1.0,1,3,2.0,2.0,1.5,2.5,"Hypergraph(num_v=25, num_e=5)",False,0.01581883430480953
1764,STATS,002-048-augF2-augA4,orig,0.0599820613861084,0.1098065376281738,1,5,7,3,4,32503.59,285,192979,62168.6,6199.0,31529.0,79851.0,14144.0,6081057.0,1537092.5,15810.5,26584.5,1547866.5,1,1,5,1.1904761904761905,1.0,1.0,1.0,4,4,4.0,4.0,4.0,4.0,"Hypergraph(num_v=25, num_e=5)",False,0.0498244762420654
1765,STATS,003-067,orig,0.05687975883483887,0.1421177387237548,1,6,17,12,5,16325.25,1,192979,51153.333333333336,2502.5,17755.5,65197.0,40.0,3981.0,1592.4,55.0,58.0,3828.0,1,1,4,1.15625,1.0,1.0,1.0,5,5,5.0,5.0,5.0,5.0,"Hypergraph(num_v=37, num_e=6)",True,0.08523797988891593
1766,STATS,003-067-augA1,orig,0.05828666687011719,0.1737701892852783,1,6,17,12,5,16325.25,1,192979,51153.333333333336,2502.5,17755.5,65197.0,40.0,3981.0,1592.4,55.0,58.0,3828.0,1,1,4,1.15625,1.0,1.0,1.0,5,5,5.0,5.0,5.0,5.0,"Hypergraph(num_v=37, num_e=6)",False,0.1154835224151611
1767,STATS,003-067-augA2,orig,0.05708169937133789,0.1746942996978759,1,6,17,12,5,16325.25,1,192979,51153.333333333336,2502.5,17755.5,65197.0,40.0,3981.0,1592.4,55.0,58.0,3828.0,2,1,4,1.15625,1.0,1.0,1.0,1,4,2.5,2.5,1.75,3.25,"Hypergraph(num_v=37, num_e=6)",False,0.117612600326538
1768,STATS,003-067-augA3,orig,0.0575871467590332,0.1330513954162597,1,6,17,12,5,16325.25,1,192979,51153.333333333336,2502.5,17755.5,65197.0,40.0,3981.0,1592.4,55.0,58.0,3828.0,2,1,4,1.15625,1.0,1.0,1.0,1,4,2.5,2.5,1.75,3.25,"Hypergraph(num_v=37, num_e=6)",False,0.07546424865722651
1769,STATS,003-067-augA4,orig,0.05637955665588379,0.1951410770416259,1,6,17,12,5,16325.25,1,192979,51153.333333333336,2502.5,17755.5,65197.0,40.0,3981.0,1592.4,55.0,58.0,3828.0,2,1,4,1.15625,1.0,1.0,1.0,1,4,2.5,2.5,1.75,3.25,"Hypergraph(num_v=37, num_e=6)",False,0.1387615203857421
1770,STATS,003-067-augA5,orig,0.05722379684448242,0.1615967750549316,1,6,17,12,5,16325.25,1,192979,51153.333333333336,2502.5,17755.5,65197.0,40.0,3981.0,1592.4,55.0,58.0,3828.0,1,1,4,1.15625,1.0,1.0,1.0,5,5,5.0,5.0,5.0,5.0,"Hypergraph(num_v=37, num_e=6)",False,0.10437297821044919
1771,STATS,003-067-augF1,orig,0.058275699615478516,0.2365145683288574,1,6,17,12,5,16324.68,1,192979,51153.333333333336,2502.5,17755.5,65197.0,39.0,3981.0,1576.4,54.0,57.0,3751.0,1,1,4,1.15625,1.0,1.0,1.0,5,5,5.0,5.0,5.0,5.0,"Hypergraph(num_v=37, num_e=6)",False,0.17823886871337888
1772,STATS,003-067-augF1-augA1,orig,0.05651211738586426,0.1411113739013672,1,6,17,12,5,16324.68,1,192979,51153.333333333336,2502.5,17755.5,65197.0,39.0,3981.0,1576.4,54.0,57.0,3751.0,1,1,4,1.15625,1.0,1.0,1.0,5,5,5.0,5.0,5.0,5.0,"Hypergraph(num_v=37, num_e=6)",False,0.08459925651550293
1773,STATS,003-067-augF1-augA2,orig,0.0576624870300293,0.2237777709960937,1,6,17,12,5,16324.68,1,192979,51153.333333333336,2502.5,17755.5,65197.0,39.0,3981.0,1576.4,54.0,57.0,3751.0,2,1,4,1.15625,1.0,1.0,1.0,1,4,2.5,2.5,1.75,3.25,"Hypergraph(num_v=37, num_e=6)",False,0.1661152839660644
1774,STATS,003-067-augF1-augA3,orig,0.0561518669128418,0.1555290222167968,1,6,17,12,5,16324.68,1,192979,51153.333333333336,2502.5,17755.5,65197.0,39.0,3981.0,1576.4,54.0,57.0,3751.0,2,1,4,1.15625,1.0,1.0,1.0,1,4,2.5,2.5,1.75,3.25,"Hypergraph(num_v=37, num_e=6)",False,0.099377155303955
1775,STATS,003-067-augF1-augA4,orig,0.0573115348815918,0.2133941650390625,1,6,17,12,5,16324.68,1,192979,51153.333333333336,2502.5,17755.5,65197.0,39.0,3981.0,1576.4,54.0,57.0,3751.0,2,1,4,1.15625,1.0,1.0,1.0,1,4,2.5,2.5,1.75,3.25,"Hypergraph(num_v=37, num_e=6)",False,0.1560826301574707
1776,STATS,003-067-augF1-augA5,orig,0.05695056915283203,0.224377155303955,1,6,17,12,5,16324.68,1,192979,51153.333333333336,2502.5,17755.5,65197.0,39.0,3981.0,1576.4,54.0,57.0,3751.0,1,1,4,1.15625,1.0,1.0,1.0,5,5,5.0,5.0,5.0,5.0,"Hypergraph(num_v=37, num_e=6)",False,0.16742658615112296
1777,STATS,003-067-augF2,orig,0.05721092224121094,0.1606264114379882,1,6,17,12,5,16325.33,1,192979,51153.333333333336,2502.5,17755.5,65197.0,40.0,3981.0,1599.2,55.0,58.0,3862.0,1,1,4,1.15625,1.0,1.0,1.0,5,5,5.0,5.0,5.0,5.0,"Hypergraph(num_v=37, num_e=6)",False,0.10341548919677726
1778,STATS,003-067-augF2-augA1,orig,0.0569913387298584,0.173978567123413,1,6,17,12,5,16325.33,1,192979,51153.333333333336,2502.5,17755.5,65197.0,40.0,3981.0,1599.2,55.0,58.0,3862.0,1,1,4,1.15625,1.0,1.0,1.0,5,5,5.0,5.0,5.0,5.0,"Hypergraph(num_v=37, num_e=6)",False,0.1169872283935546
1779,STATS,003-067-augF2-augA2,orig,0.05875825881958008,0.1696844100952148,1,6,17,12,5,16325.33,1,192979,51153.333333333336,2502.5,17755.5,65197.0,40.0,3981.0,1599.2,55.0,58.0,3862.0,2,1,4,1.15625,1.0,1.0,1.0,1,4,2.5,2.5,1.75,3.25,"Hypergraph(num_v=37, num_e=6)",False,0.11092615127563471
1780,STATS,003-067-augF2-augA3,orig,0.05633878707885742,0.1633248329162597,1,6,17,12,5,16325.33,1,192979,51153.333333333336,2502.5,17755.5,65197.0,40.0,3981.0,1599.2,55.0,58.0,3862.0,2,1,4,1.15625,1.0,1.0,1.0,1,4,2.5,2.5,1.75,3.25,"Hypergraph(num_v=37, num_e=6)",False,0.10698604583740229
1781,STATS,003-067-augF2-augA4,orig,0.05722332000732422,0.1178159713745117,1,6,17,12,5,16325.33,1,192979,51153.333333333336,2502.5,17755.5,65197.0,40.0,3981.0,1599.2,55.0,58.0,3862.0,2,1,4,1.15625,1.0,1.0,1.0,1,4,2.5,2.5,1.75,3.25,"Hypergraph(num_v=37, num_e=6)",False,0.060592651367187486
1782,STATS,003-067-augF2-augA5,orig,0.056688785552978516,0.2239108085632324,1,6,17,12,5,16325.33,1,192979,51153.333333333336,2502.5,17755.5,65197.0,40.0,3981.0,1599.2,55.0,58.0,3862.0,1,1,4,1.15625,1.0,1.0,1.0,5,5,5.0,5.0,5.0,5.0,"Hypergraph(num_v=37, num_e=6)",False,0.16722202301025388
1783,STATS,004-041,orig,0.02332282066345215,0.055084228515625,1,4,15,12,3,5347.93,1,79588,22772.75,568.0,5751.0,27955.75,78.0,154.0,106.66666666666669,83.0,88.0,121.0,2,1,3,1.1428571428571428,1.0,1.0,1.0,1,2,1.5,1.5,1.25,1.75,"Hypergraph(num_v=24, num_e=4)",True,0.03176140785217285
1784,STATS,004-041-augA1,orig,0.023727893829345703,0.0557920932769775,1,4,15,12,3,5347.93,1,79588,22772.75,568.0,5751.0,27955.75,78.0,154.0,106.66666666666669,83.0,88.0,121.0,1,1,3,1.1428571428571428,1.0,1.0,1.0,3,3,3.0,3.0,3.0,3.0,"Hypergraph(num_v=24, num_e=4)",False,0.032064199447631794
1785,STATS,004-041-augA2,orig,0.023389816284179688,0.0551133155822753,1,4,15,12,3,5347.93,1,79588,22772.75,568.0,5751.0,27955.75,78.0,154.0,106.66666666666669,83.0,88.0,121.0,1,1,3,1.1428571428571428,1.0,1.0,1.0,3,3,3.0,3.0,3.0,3.0,"Hypergraph(num_v=24, num_e=4)",False,0.03172349929809561
1786,STATS,004-041-augA3,orig,0.023437976837158203,0.0419566631317138,1,4,15,12,3,5347.93,1,79588,22772.75,568.0,5751.0,27955.75,78.0,154.0,106.66666666666669,83.0,88.0,121.0,2,1,3,1.1428571428571428,1.0,1.0,1.0,1,2,1.5,1.5,1.25,1.75,"Hypergraph(num_v=24, num_e=4)",False,0.018518686294555595
1787,STATS,004-041-augF1,orig,0.021338939666748047,0.0542545318603515,1,4,15,12,3,5118.03,1,79588,20294.0,568.0,793.5,20519.5,6.0,12.0,8.333333333333334,6.5,7.0,9.5,2,1,3,1.1428571428571428,1.0,1.0,1.0,1,2,1.5,1.5,1.25,1.75,"Hypergraph(num_v=24, num_e=4)",False,0.03291559219360345
1788,STATS,004-041-augF1-augA1,orig,0.02127528190612793,0.0529203414916992,1,4,15,12,3,5118.03,1,79588,20294.0,568.0,793.5,20519.5,6.0,12.0,8.333333333333334,6.5,7.0,9.5,1,1,3,1.1428571428571428,1.0,1.0,1.0,3,3,3.0,3.0,3.0,3.0,"Hypergraph(num_v=24, num_e=4)",False,0.03164505958557127
1789,STATS,004-041-augF1-augA2,orig,0.021288156509399414,0.0542414188385009,1,4,15,12,3,5118.03,1,79588,20294.0,568.0,793.5,20519.5,6.0,12.0,8.333333333333334,6.5,7.0,9.5,1,1,3,1.1428571428571428,1.0,1.0,1.0,3,3,3.0,3.0,3.0,3.0,"Hypergraph(num_v=24, num_e=4)",False,0.032953262329101486
1790,STATS,004-041-augF1-augA3,orig,0.021236419677734375,0.0389726161956787,1,4,15,12,3,5118.03,1,79588,20294.0,568.0,793.5,20519.5,6.0,12.0,8.333333333333334,6.5,7.0,9.5,2,1,3,1.1428571428571428,1.0,1.0,1.0,1,2,1.5,1.5,1.25,1.75,"Hypergraph(num_v=24, num_e=4)",False,0.017736196517944322
1791,STATS,004-041-augF2,orig,0.0239255428314209,0.0558083057403564,1,4,15,12,3,5350.57,1,79588,22780.5,591.25,5766.5,27955.75,82.0,162.0,112.0,87.0,92.0,127.0,2,1,3,1.1428571428571428,1.0,1.0,1.0,1,2,1.5,1.5,1.25,1.75,"Hypergraph(num_v=24, num_e=4)",False,0.0318827629089355
1792,STATS,004-041-augF2-augA1,orig,0.0236966609954834,0.0567798614501953,1,4,15,12,3,5350.57,1,79588,22780.5,591.25,5766.5,27955.75,82.0,162.0,112.0,87.0,92.0,127.0,1,1,3,1.1428571428571428,1.0,1.0,1.0,3,3,3.0,3.0,3.0,3.0,"Hypergraph(num_v=24, num_e=4)",False,0.0330832004547119
1793,STATS,004-041-augF2-augA2,orig,0.02369236946105957,0.0566163063049316,1,4,15,12,3,5350.57,1,79588,22780.5,591.25,5766.5,27955.75,82.0,162.0,112.0,87.0,92.0,127.0,1,1,3,1.1428571428571428,1.0,1.0,1.0,3,3,3.0,3.0,3.0,3.0,"Hypergraph(num_v=24, num_e=4)",False,0.03292393684387203
1794,STATS,004-041-augF2-augA3,orig,0.02372002601623535,0.0407803058624267,1,4,15,12,3,5350.57,1,79588,22780.5,591.25,5766.5,27955.75,82.0,162.0,112.0,87.0,92.0,127.0,2,1,3,1.1428571428571428,1.0,1.0,1.0,1,2,1.5,1.5,1.25,1.75,"Hypergraph(num_v=24, num_e=4)",False,0.01706027984619135
1795,STATS,005-024,orig,0.0222628116607666,0.0423648357391357,1,3,5,3,2,8817.15,1,79851,26883.33333333333,399.5,798.0,40324.5,85.0,379.0,232.0,158.5,232.0,305.5,1,1,3,1.1538461538461535,1.0,1.0,1.0,2,2,2.0,2.0,2.0,2.0,"Hypergraph(num_v=15, num_e=3)",True,0.0201020240783691
1796,STATS,005-024-augA1,orig,0.021770715713500977,0.0381631851196289,1,3,5,3,2,8817.15,1,79851,26883.33333333333,399.5,798.0,40324.5,85.0,379.0,232.0,158.5,232.0,305.5,1,1,3,1.1538461538461535,1.0,1.0,1.0,2,2,2.0,2.0,2.0,2.0,"Hypergraph(num_v=15, num_e=3)",False,0.016392469406127923
1797,STATS,005-024-augA2,orig,0.022030353546142578,0.0496966838836669,1,3,5,3,2,8817.15,1,79851,26883.33333333333,399.5,798.0,40324.5,85.0,379.0,232.0,158.5,232.0,305.5,1,1,3,1.1538461538461535,1.0,1.0,1.0,2,2,2.0,2.0,2.0,2.0,"Hypergraph(num_v=15, num_e=3)",False,0.027666330337524324
1798,STATS,005-024-augF1,orig,0.022646188735961914,0.0504155158996582,1,3,5,3,2,8806.35,1,79851,26873.0,384.0,767.0,40309.0,82.0,365.0,223.5,152.75,223.5,294.25,1,1,3,1.1538461538461535,1.0,1.0,1.0,2,2,2.0,2.0,2.0,2.0,"Hypergraph(num_v=15, num_e=3)",False,0.02776932716369629
1799,STATS,005-024-augF1-augA1,orig,0.022294998168945312,0.0632784366607666,1,3,5,3,2,8806.35,1,79851,26873.0,384.0,767.0,40309.0,82.0,365.0,223.5,152.75,223.5,294.25,1,1,3,1.1538461538461535,1.0,1.0,1.0,2,2,2.0,2.0,2.0,2.0,"Hypergraph(num_v=15, num_e=3)",False,0.04098343849182129
1800,STATS,005-024-augF1-augA2,orig,0.022025346755981445,0.0416300296783447,1,3,5,3,2,8806.35,1,79851,26873.0,384.0,767.0,40309.0,82.0,365.0,223.5,152.75,223.5,294.25,1,1,3,1.1538461538461535,1.0,1.0,1.0,2,2,2.0,2.0,2.0,2.0,"Hypergraph(num_v=15, num_e=3)",False,0.019604682922363253
1801,STATS,005-024-augF2,orig,0.025133609771728516,0.0461845397949218,1,3,5,3,2,8300.3,8,79851,26885.666666666668,403.0,798.0,40324.5,1.0,16.0,8.5,4.75,8.5,12.25,1,1,3,1.1538461538461535,1.0,1.0,1.0,2,2,2.0,2.0,2.0,2.0,"Hypergraph(num_v=15, num_e=3)",False,0.021050930023193283
1802,STATS,005-024-augF2-augA1,orig,0.02967524528503418,0.0302019119262695,1,3,5,3,2,8300.3,8,79851,26885.666666666668,403.0,798.0,40324.5,1.0,16.0,8.5,4.75,8.5,12.25,2,1,3,1.1538461538461535,1.0,1.0,1.0,1,1,1.0,1.0,1.0,1.0,"Hypergraph(num_v=15, num_e=3)",False,0.0005266666412353203
1803,STATS,005-024-augF2-augA2,orig,0.02645587921142578,0.0414366722106933,1,3,5,3,2,8300.3,8,79851,26885.666666666668,403.0,798.0,40324.5,1.0,16.0,8.5,4.75,8.5,12.25,1,1,3,1.1538461538461535,1.0,1.0,1.0,2,2,2.0,2.0,2.0,2.0,"Hypergraph(num_v=15, num_e=3)",False,0.014980792999267516
1804,STATS,006-054,orig,0.03386569023132324,0.0638754367828369,1,5,10,6,4,8254.9,1,174305,53087.2,1533.0,9746.0,79851.0,152.0,1394.0,502.25,159.5,231.5,574.25,2,1,3,1.0740740740740742,1.0,1.0,1.0,1,3,2.0,2.0,1.5,2.5,"Hypergraph(num_v=29, num_e=5)",True,0.030009746551513658
1805,STATS,006-054-augA1,orig,0.03357744216918945,0.098168134689331,1,5,10,6,4,8254.9,1,174305,53087.2,1533.0,9746.0,79851.0,152.0,1394.0,502.25,159.5,231.5,574.25,2,1,3,1.0740740740740742,1.0,1.0,1.0,1,3,2.0,2.0,1.5,2.5,"Hypergraph(num_v=29, num_e=5)",False,0.06459069252014155
1806,STATS,006-054-augA2,orig,0.03360104560852051,0.0997109413146972,1,5,10,6,4,8254.9,1,174305,53087.2,1533.0,9746.0,79851.0,152.0,1394.0,502.25,159.5,231.5,574.25,1,1,3,1.0740740740740742,1.0,1.0,1.0,4,4,4.0,4.0,4.0,4.0,"Hypergraph(num_v=29, num_e=5)",False,0.06610989570617669
1807,STATS,006-054-augA3,orig,0.03356170654296875,0.095449686050415,1,5,10,6,4,8254.9,1,174305,53087.2,1533.0,9746.0,79851.0,152.0,1394.0,502.25,159.5,231.5,574.25,1,1,3,1.0740740740740742,1.0,1.0,1.0,4,4,4.0,4.0,4.0,4.0,"Hypergraph(num_v=29, num_e=5)",False,0.06188797950744625
1808,STATS,006-054-augA4,orig,0.03374481201171875,0.0807414054870605,1,5,10,6,4,8254.9,1,174305,53087.2,1533.0,9746.0,79851.0,152.0,1394.0,502.25,159.5,231.5,574.25,2,1,3,1.0740740740740742,1.0,1.0,1.0,1,3,2.0,2.0,1.5,2.5,"Hypergraph(num_v=29, num_e=5)",False,0.046996593475341755
1809,STATS,006-054-augF1,orig,0.03482246398925781,0.065479040145874,1,5,10,6,4,8137.83,1,174305,52835.0,272.0,9746.0,79851.0,27.0,248.0,89.25,28.5,41.0,101.75,2,1,3,1.0740740740740742,1.0,1.0,1.0,1,3,2.0,2.0,1.5,2.5,"Hypergraph(num_v=29, num_e=5)",False,0.030656576156616183
1810,STATS,006-054-augF1-augA1,orig,0.03504443168640137,0.0898041725158691,1,5,10,6,4,8137.83,1,174305,52835.0,272.0,9746.0,79851.0,27.0,248.0,89.25,28.5,41.0,101.75,2,1,3,1.0740740740740742,1.0,1.0,1.0,1,3,2.0,2.0,1.5,2.5,"Hypergraph(num_v=29, num_e=5)",False,0.05475974082946773
1811,STATS,006-054-augF1-augA2,orig,0.03476142883300781,0.0909459590911865,1,5,10,6,4,8137.83,1,174305,52835.0,272.0,9746.0,79851.0,27.0,248.0,89.25,28.5,41.0,101.75,1,1,3,1.0740740740740742,1.0,1.0,1.0,4,4,4.0,4.0,4.0,4.0,"Hypergraph(num_v=29, num_e=5)",False,0.05618453025817868
1812,STATS,006-054-augF1-augA3,orig,0.03526782989501953,0.0921647548675537,1,5,10,6,4,8137.83,1,174305,52835.0,272.0,9746.0,79851.0,27.0,248.0,89.25,28.5,41.0,101.75,1,1,3,1.0740740740740742,1.0,1.0,1.0,4,4,4.0,4.0,4.0,4.0,"Hypergraph(num_v=29, num_e=5)",False,0.056896924972534166
1813,STATS,006-054-augF1-augA4,orig,0.03483772277832031,0.0774552822113037,1,5,10,6,4,8137.83,1,174305,52835.0,272.0,9746.0,79851.0,27.0,248.0,89.25,28.5,41.0,101.75,2,1,3,1.0740740740740742,1.0,1.0,1.0,1,3,2.0,2.0,1.5,2.5,"Hypergraph(num_v=29, num_e=5)",False,0.042617559432983385
1814,STATS,006-054-augF2,orig,0.033283233642578125,0.0621397495269775,1,5,10,6,4,8255.09,1,174305,53086.8,1531.0,9746.0,79851.0,152.0,1392.0,501.75,159.5,231.5,573.75,2,1,3,1.0740740740740742,1.0,1.0,1.0,1,3,2.0,2.0,1.5,2.5,"Hypergraph(num_v=29, num_e=5)",False,0.028856515884399372
1815,STATS,006-054-augF2-augA1,orig,0.03332996368408203,0.0905272960662841,1,5,10,6,4,8255.09,1,174305,53086.8,1531.0,9746.0,79851.0,152.0,1392.0,501.75,159.5,231.5,573.75,2,1,3,1.0740740740740742,1.0,1.0,1.0,1,3,2.0,2.0,1.5,2.5,"Hypergraph(num_v=29, num_e=5)",False,0.057197332382202065
1816,STATS,006-054-augF2-augA2,orig,0.033681631088256836,0.0962979793548584,1,5,10,6,4,8255.09,1,174305,53086.8,1531.0,9746.0,79851.0,152.0,1392.0,501.75,159.5,231.5,573.75,1,1,3,1.0740740740740742,1.0,1.0,1.0,4,4,4.0,4.0,4.0,4.0,"Hypergraph(num_v=29, num_e=5)",False,0.06261634826660156
1817,STATS,006-054-augF2-augA3,orig,0.03328680992126465,0.0933926105499267,1,5,10,6,4,8255.09,1,174305,53086.8,1531.0,9746.0,79851.0,152.0,1392.0,501.75,159.5,231.5,573.75,1,1,3,1.0740740740740742,1.0,1.0,1.0,4,4,4.0,4.0,4.0,4.0,"Hypergraph(num_v=29, num_e=5)",False,0.060105800628662054
1818,STATS,006-054-augF2-augA4,orig,0.03382372856140137,0.0849599838256836,1,5,10,6,4,8255.09,1,174305,53086.8,1531.0,9746.0,79851.0,152.0,1392.0,501.75,159.5,231.5,573.75,2,1,3,1.0740740740740742,1.0,1.0,1.0,1,3,2.0,2.0,1.5,2.5,"Hypergraph(num_v=29, num_e=5)",False,0.05113625526428223
1819,STATS,007-057,orig,0.03571438789367676,0.1030542850494384,1,5,11,7,4,10137.69,1,91976,34747.2,998.0,1032.0,79729.0,2.0,596.0,163.5,5.0,28.0,186.5,2,1,4,1.1666666666666667,1.0,1.0,1.0,1,3,2.0,2.0,1.5,2.5,"Hypergraph(num_v=28, num_e=5)",True,0.06733989715576164
1820,STATS,007-057-augA1,orig,0.036483049392700195,0.1491832733154297,1,5,11,7,4,10137.69,1,91976,34747.2,998.0,1032.0,79729.0,2.0,596.0,163.5,5.0,28.0,186.5,1,1,4,1.1666666666666667,1.0,1.0,1.0,4,4,4.0,4.0,4.0,4.0,"Hypergraph(num_v=28, num_e=5)",False,0.11270022392272949
1821,STATS,007-057-augA2,orig,0.03563952445983887,0.1253635883331298,1,5,11,7,4,10137.69,1,91976,34747.2,998.0,1032.0,79729.0,2.0,596.0,163.5,5.0,28.0,186.5,1,1,4,1.1666666666666667,1.0,1.0,1.0,4,4,4.0,4.0,4.0,4.0,"Hypergraph(num_v=28, num_e=5)",False,0.08972406387329093
1822,STATS,007-057-augA3,orig,0.036321163177490234,0.1566247940063476,1,5,11,7,4,10137.69,1,91976,34747.2,998.0,1032.0,79729.0,2.0,596.0,163.5,5.0,28.0,186.5,2,1,4,1.1666666666666667,1.0,1.0,1.0,1,3,2.0,2.0,1.5,2.5,"Hypergraph(num_v=28, num_e=5)",False,0.12030363082885737
1823,STATS,007-057-augA4,orig,0.03550601005554199,0.0526001453399658,1,5,11,7,4,10137.69,1,91976,34747.2,998.0,1032.0,79729.0,2.0,596.0,163.5,5.0,28.0,186.5,2,1,4,1.1666666666666667,1.0,1.0,1.0,1,3,2.0,2.0,1.5,2.5,"Hypergraph(num_v=28, num_e=5)",False,0.017094135284423807
1824,STATS,007-057-augF1,orig,0.03609466552734375,0.113236665725708,1,5,11,7,4,10137.69,1,91976,34747.2,998.0,1032.0,79729.0,2.0,596.0,163.5,5.0,28.0,186.5,2,1,4,1.1666666666666667,1.0,1.0,1.0,1,3,2.0,2.0,1.5,2.5,"Hypergraph(num_v=28, num_e=5)",False,0.07714200019836424
1825,STATS,007-057-augF1-augA1,orig,0.035680532455444336,0.1052167415618896,1,5,11,7,4,10137.69,1,91976,34747.2,998.0,1032.0,79729.0,2.0,596.0,163.5,5.0,28.0,186.5,1,1,4,1.1666666666666667,1.0,1.0,1.0,4,4,4.0,4.0,4.0,4.0,"Hypergraph(num_v=28, num_e=5)",False,0.06953620910644527
1826,STATS,007-057-augF1-augA2,orig,0.03503561019897461,0.0682072639465332,1,5,11,7,4,10137.69,1,91976,34747.2,998.0,1032.0,79729.0,2.0,596.0,163.5,5.0,28.0,186.5,1,1,4,1.1666666666666667,1.0,1.0,1.0,4,4,4.0,4.0,4.0,4.0,"Hypergraph(num_v=28, num_e=5)",False,0.033171653747558594
1827,STATS,007-057-augF1-augA3,orig,0.034898996353149414,0.1261169910430908,1,5,11,7,4,10137.69,1,91976,34747.2,998.0,1032.0,79729.0,2.0,596.0,163.5,5.0,28.0,186.5,2,1,4,1.1666666666666667,1.0,1.0,1.0,1,3,2.0,2.0,1.5,2.5,"Hypergraph(num_v=28, num_e=5)",False,0.09121799468994138
1828,STATS,007-057-augF1-augA4,orig,0.035117387771606445,0.0527269840240478,1,5,11,7,4,10137.69,1,91976,34747.2,998.0,1032.0,79729.0,2.0,596.0,163.5,5.0,28.0,186.5,2,1,4,1.1666666666666667,1.0,1.0,1.0,1,3,2.0,2.0,1.5,2.5,"Hypergraph(num_v=28, num_e=5)",False,0.017609596252441358
1829,STATS,007-057-augF2,orig,0.03647470474243164,0.1666312217712402,1,5,11,7,4,10139.44,1,91976,34752.0,1022.0,1032.0,79729.0,2.0,596.0,163.75,5.0,28.5,187.25,2,1,4,1.1666666666666667,1.0,1.0,1.0,1,3,2.0,2.0,1.5,2.5,"Hypergraph(num_v=28, num_e=5)",False,0.13015651702880857
1830,STATS,007-057-augF2-augA1,orig,0.035909175872802734,0.0682024955749511,1,5,11,7,4,10139.44,1,91976,34752.0,1022.0,1032.0,79729.0,2.0,596.0,163.75,5.0,28.5,187.25,1,1,4,1.1666666666666667,1.0,1.0,1.0,4,4,4.0,4.0,4.0,4.0,"Hypergraph(num_v=28, num_e=5)",False,0.03229331970214837
1831,STATS,007-057-augF2-augA2,orig,0.035884857177734375,0.0667288303375244,1,5,11,7,4,10139.44,1,91976,34752.0,1022.0,1032.0,79729.0,2.0,596.0,163.75,5.0,28.5,187.25,1,1,4,1.1666666666666667,1.0,1.0,1.0,4,4,4.0,4.0,4.0,4.0,"Hypergraph(num_v=28, num_e=5)",False,0.030843973159790025
1832,STATS,007-057-augF2-augA3,orig,0.03566718101501465,0.0673580169677734,1,5,11,7,4,10139.44,1,91976,34752.0,1022.0,1032.0,79729.0,2.0,596.0,163.75,5.0,28.5,187.25,2,1,4,1.1666666666666667,1.0,1.0,1.0,1,3,2.0,2.0,1.5,2.5,"Hypergraph(num_v=28, num_e=5)",False,0.03169083595275875
1833,STATS,007-057-augF2-augA4,orig,0.036411285400390625,0.0766675472259521,1,5,11,7,4,10139.44,1,91976,34752.0,1022.0,1032.0,79729.0,2.0,596.0,163.75,5.0,28.5,187.25,2,1,4,1.1666666666666667,1.0,1.0,1.0,1,3,2.0,2.0,1.5,2.5,"Hypergraph(num_v=28, num_e=5)",False,0.04025626182556148
1834,STATS,008-045,orig,0.05139660835266113,0.1666290760040283,1,4,11,8,3,14091.05,924,192979,81653.25,40456.5,66355.0,107551.75,940.0,102853.0,35201.666666666664,1376.0,1812.0,52332.5,1,1,4,1.1764705882352942,1.0,1.0,1.0,3,3,3.0,3.0,3.0,3.0,"Hypergraph(num_v=20, num_e=4)",True,0.11523246765136716
1835,STATS,008-045-augA1,orig,0.05036139488220215,0.1251554489135742,1,4,11,8,3,14091.05,924,192979,81653.25,40456.5,66355.0,107551.75,940.0,102853.0,35201.666666666664,1376.0,1812.0,52332.5,1,1,4,1.1764705882352942,1.0,1.0,1.0,3,3,3.0,3.0,3.0,3.0,"Hypergraph(num_v=20, num_e=4)",False,0.07479405403137204
1836,STATS,008-045-augA2,orig,0.04944300651550293,0.1721868515014648,1,4,11,8,3,14091.05,924,192979,81653.25,40456.5,66355.0,107551.75,940.0,102853.0,35201.666666666664,1376.0,1812.0,52332.5,1,1,4,1.1764705882352942,1.0,1.0,1.0,3,3,3.0,3.0,3.0,3.0,"Hypergraph(num_v=20, num_e=4)",False,0.12274384498596186
1837,STATS,008-045-augA3,orig,0.05111575126647949,0.1537315845489502,1,4,11,8,3,14091.05,924,192979,81653.25,40456.5,66355.0,107551.75,940.0,102853.0,35201.666666666664,1376.0,1812.0,52332.5,1,1,4,1.1764705882352942,1.0,1.0,1.0,3,3,3.0,3.0,3.0,3.0,"Hypergraph(num_v=20, num_e=4)",False,0.1026158332824707
1838,STATS,008-045-augF1,orig,0.04935574531555176,0.1149826049804687,1,4,11,8,3,13979.44,924,192979,78468.5,30902.25,59985.5,107551.75,940.0,78422.0,27058.0,1376.0,1812.0,40117.0,1,1,4,1.1764705882352942,1.0,1.0,1.0,3,3,3.0,3.0,3.0,3.0,"Hypergraph(num_v=20, num_e=4)",False,0.06562685966491694
1839,STATS,008-045-augF1-augA1,orig,0.04909515380859375,0.0899198055267334,1,4,11,8,3,13979.44,924,192979,78468.5,30902.25,59985.5,107551.75,940.0,78422.0,27058.0,1376.0,1812.0,40117.0,1,1,4,1.1764705882352942,1.0,1.0,1.0,3,3,3.0,3.0,3.0,3.0,"Hypergraph(num_v=20, num_e=4)",False,0.04082465171813965
1840,STATS,008-045-augF1-augA2,orig,0.04933428764343262,0.1547424793243408,1,4,11,8,3,13979.44,924,192979,78468.5,30902.25,59985.5,107551.75,940.0,78422.0,27058.0,1376.0,1812.0,40117.0,1,1,4,1.1764705882352942,1.0,1.0,1.0,3,3,3.0,3.0,3.0,3.0,"Hypergraph(num_v=20, num_e=4)",False,0.10540819168090818
1841,STATS,008-045-augF1-augA3,orig,0.04873371124267578,0.0767214298248291,1,4,11,8,3,13979.44,924,192979,78468.5,30902.25,59985.5,107551.75,940.0,78422.0,27058.0,1376.0,1812.0,40117.0,2,1,4,1.1764705882352942,1.0,1.0,1.0,1,2,1.5,1.5,1.25,1.75,"Hypergraph(num_v=20, num_e=4)",False,0.02798771858215332
1842,STATS,008-045-augF2,orig,0.04854083061218262,0.1112127304077148,1,4,11,8,3,13709.66,924,192979,76326.5,40456.5,55701.5,91571.5,687.0,75139.0,25716.666666666668,1005.5,1324.0,38231.5,2,1,4,1.1764705882352942,1.0,1.0,1.0,1,2,1.5,1.5,1.25,1.75,"Hypergraph(num_v=20, num_e=4)",False,0.06267189979553218
1843,STATS,008-045-augF2-augA1,orig,0.04757380485534668,0.0958268642425537,1,4,11,8,3,13709.66,924,192979,76326.5,40456.5,55701.5,91571.5,687.0,75139.0,25716.666666666668,1005.5,1324.0,38231.5,2,1,4,1.1764705882352942,1.0,1.0,1.0,1,2,1.5,1.5,1.25,1.75,"Hypergraph(num_v=20, num_e=4)",False,0.04825305938720702
1844,STATS,008-045-augF2-augA2,orig,0.04916214942932129,0.167947769165039,1,4,11,8,3,13709.66,924,192979,76326.5,40456.5,55701.5,91571.5,687.0,75139.0,25716.666666666668,1005.5,1324.0,38231.5,1,1,4,1.1764705882352942,1.0,1.0,1.0,3,3,3.0,3.0,3.0,3.0,"Hypergraph(num_v=20, num_e=4)",False,0.11878561973571772
1845,STATS,008-045-augF2-augA3,orig,0.047142982482910156,0.0995466709136962,1,4,11,8,3,13709.66,924,192979,76326.5,40456.5,55701.5,91571.5,687.0,75139.0,25716.666666666668,1005.5,1324.0,38231.5,2,1,4,1.1764705882352942,1.0,1.0,1.0,1,2,1.5,1.5,1.25,1.75,"Hypergraph(num_v=20, num_e=4)",False,0.05240368843078605
1846,STATS,009-033,orig,0.04085731506347656,0.0795586109161377,1,4,12,9,3,22573.58,1,178345,70471.0,754.75,51769.0,121485.25,80.0,2867846.0,957109.3333333334,1741.0,3402.0,1435624.0,2,1,4,1.1578947368421053,1.0,1.0,1.0,1,2,1.5,1.5,1.25,1.75,"Hypergraph(num_v=22, num_e=4)",True,0.03870129585266113
1847,STATS,009-033-augA1,orig,0.041678667068481445,0.0893409252166748,1,4,12,9,3,22573.58,1,178345,70471.0,754.75,51769.0,121485.25,80.0,2867846.0,957109.3333333334,1741.0,3402.0,1435624.0,2,1,4,1.1578947368421053,1.0,1.0,1.0,1,2,1.5,1.5,1.25,1.75,"Hypergraph(num_v=22, num_e=4)",False,0.04766225814819336
1848,STATS,009-033-augA2,orig,0.04195356369018555,0.10744309425354,1,4,12,9,3,22573.58,1,178345,70471.0,754.75,51769.0,121485.25,80.0,2867846.0,957109.3333333334,1741.0,3402.0,1435624.0,1,1,4,1.1578947368421053,1.0,1.0,1.0,3,3,3.0,3.0,3.0,3.0,"Hypergraph(num_v=22, num_e=4)",False,0.06548953056335445
1849,STATS,009-033-augA3,orig,0.041964054107666016,0.1169617176055908,1,4,12,9,3,22573.58,1,178345,70471.0,754.75,51769.0,121485.25,80.0,2867846.0,957109.3333333334,1741.0,3402.0,1435624.0,1,1,4,1.1578947368421053,1.0,1.0,1.0,3,3,3.0,3.0,3.0,3.0,"Hypergraph(num_v=22, num_e=4)",False,0.07499766349792479
1850,STATS,009-033-augF1,orig,0.04109549522399902,0.1212480068206787,1,4,12,9,3,22499.46,1,178345,70471.0,754.75,51769.0,121485.25,79.0,2838731.0,947392.6666666666,1723.5,3368.0,1421049.5,1,1,4,1.1578947368421053,1.0,1.0,1.0,3,3,3.0,3.0,3.0,3.0,"Hypergraph(num_v=22, num_e=4)",False,0.08015251159667967
1851,STATS,009-033-augF1-augA1,orig,0.04160881042480469,0.0731313228607177,1,4,12,9,3,22499.46,1,178345,70471.0,754.75,51769.0,121485.25,79.0,2838731.0,947392.6666666666,1723.5,3368.0,1421049.5,2,1,4,1.1578947368421053,1.0,1.0,1.0,1,2,1.5,1.5,1.25,1.75,"Hypergraph(num_v=22, num_e=4)",False,0.03152251243591302
1852,STATS,009-033-augF1-augA2,orig,0.040735721588134766,0.1066188812255859,1,4,12,9,3,22499.46,1,178345,70471.0,754.75,51769.0,121485.25,79.0,2838731.0,947392.6666666666,1723.5,3368.0,1421049.5,1,1,4,1.1578947368421053,1.0,1.0,1.0,3,3,3.0,3.0,3.0,3.0,"Hypergraph(num_v=22, num_e=4)",False,0.06588315963745113
1853,STATS,009-033-augF1-augA3,orig,0.04229426383972168,0.2170288562774658,1,4,12,9,3,22499.46,1,178345,70471.0,754.75,51769.0,121485.25,79.0,2838731.0,947392.6666666666,1723.5,3368.0,1421049.5,1,1,4,1.1578947368421053,1.0,1.0,1.0,3,3,3.0,3.0,3.0,3.0,"Hypergraph(num_v=22, num_e=4)",False,0.1747345924377441
1854,STATS,009-033-augF2,orig,0.041486263275146484,0.0867278575897216,1,4,12,9,3,22888.37,1,178345,70471.0,754.75,51769.0,121485.25,84.0,2991467.0,998366.6666666666,1816.5,3549.0,1497508.0,2,1,4,1.1578947368421053,1.0,1.0,1.0,1,2,1.5,1.5,1.25,1.75,"Hypergraph(num_v=22, num_e=4)",False,0.04524159431457511
1855,STATS,009-033-augF2-augA1,orig,0.041326284408569336,0.0788116455078125,1,4,12,9,3,22888.37,1,178345,70471.0,754.75,51769.0,121485.25,84.0,2991467.0,998366.6666666666,1816.5,3549.0,1497508.0,2,1,4,1.1578947368421053,1.0,1.0,1.0,1,2,1.5,1.5,1.25,1.75,"Hypergraph(num_v=22, num_e=4)",False,0.037485361099243164
1856,STATS,009-033-augF2-augA2,orig,0.04152035713195801,0.2103097438812255,1,4,12,9,3,22888.37,1,178345,70471.0,754.75,51769.0,121485.25,84.0,2991467.0,998366.6666666666,1816.5,3549.0,1497508.0,2,1,4,1.1578947368421053,1.0,1.0,1.0,1,2,1.5,1.5,1.25,1.75,"Hypergraph(num_v=22, num_e=4)",False,0.1687893867492675
1857,STATS,009-033-augF2-augA3,orig,0.04162716865539551,0.1637237071990966,1,4,12,9,3,22888.37,1,178345,70471.0,754.75,51769.0,121485.25,84.0,2991467.0,998366.6666666666,1816.5,3549.0,1497508.0,1,1,4,1.1578947368421053,1.0,1.0,1.0,3,3,3.0,3.0,3.0,3.0,"Hypergraph(num_v=22, num_e=4)",False,0.12209653854370109
1858,STATS,010-063,orig,0.036153316497802734,0.1157124042510986,1,6,17,12,5,12005.7,1,79851,28362.0,246.25,5407.5,62086.25,42.0,3696.0,894.4,48.0,62.0,624.0,2,1,4,1.1666666666666667,1.0,1.0,1.0,1,4,2.5,2.5,1.75,3.25,"Hypergraph(num_v=35, num_e=6)",True,0.07955908775329587
1859,STATS,010-063-augA1,orig,0.036095619201660156,0.1768257617950439,1,6,17,12,5,12005.7,1,79851,28362.0,246.25,5407.5,62086.25,42.0,3696.0,894.4,48.0,62.0,624.0,1,1,4,1.1666666666666667,1.0,1.0,1.0,5,5,5.0,5.0,5.0,5.0,"Hypergraph(num_v=35, num_e=6)",False,0.14073014259338373
1860,STATS,010-063-augA2,orig,0.0362391471862793,0.1405668258666992,1,6,17,12,5,12005.7,1,79851,28362.0,246.25,5407.5,62086.25,42.0,3696.0,894.4,48.0,62.0,624.0,2,1,4,1.1666666666666667,1.0,1.0,1.0,1,4,2.5,2.5,1.75,3.25,"Hypergraph(num_v=35, num_e=6)",False,0.1043276786804199
1861,STATS,010-063-augA3,orig,0.03615522384643555,0.1502485275268554,1,6,17,12,5,12005.7,1,79851,28362.0,246.25,5407.5,62086.25,42.0,3696.0,894.4,48.0,62.0,624.0,2,1,4,1.1666666666666667,1.0,1.0,1.0,1,4,2.5,2.5,1.75,3.25,"Hypergraph(num_v=35, num_e=6)",False,0.11409330368041987
1862,STATS,010-063-augA4,orig,0.036005258560180664,0.1373703479766845,1,6,17,12,5,12005.7,1,79851,28362.0,246.25,5407.5,62086.25,42.0,3696.0,894.4,48.0,62.0,624.0,2,1,4,1.1666666666666667,1.0,1.0,1.0,1,4,2.5,2.5,1.75,3.25,"Hypergraph(num_v=35, num_e=6)",False,0.10136508941650382
1863,STATS,010-063-augA5,orig,0.03594017028808594,0.147245168685913,1,6,17,12,5,12005.7,1,79851,28362.0,246.25,5407.5,62086.25,42.0,3696.0,894.4,48.0,62.0,624.0,1,1,4,1.1666666666666667,1.0,1.0,1.0,5,5,5.0,5.0,5.0,5.0,"Hypergraph(num_v=35, num_e=6)",False,0.11130499839782707
1864,STATS,010-063-augF1,orig,0.036627769470214844,0.1142609119415283,1,6,17,12,5,12005.96,1,79851,28362.0,246.25,5407.5,62086.25,42.0,3758.0,906.8,48.0,62.0,624.0,2,1,4,1.1666666666666667,1.0,1.0,1.0,1,4,2.5,2.5,1.75,3.25,"Hypergraph(num_v=35, num_e=6)",False,0.07763314247131346
1865,STATS,010-063-augF1-augA1,orig,0.03638100624084473,0.1190214157104492,1,6,17,12,5,12005.96,1,79851,28362.0,246.25,5407.5,62086.25,42.0,3758.0,906.8,48.0,62.0,624.0,1,1,4,1.1666666666666667,1.0,1.0,1.0,5,5,5.0,5.0,5.0,5.0,"Hypergraph(num_v=35, num_e=6)",False,0.08264040946960448
1866,STATS,010-063-augF1-augA2,orig,0.03659176826477051,0.1054108142852783,1,6,17,12,5,12005.96,1,79851,28362.0,246.25,5407.5,62086.25,42.0,3758.0,906.8,48.0,62.0,624.0,2,1,4,1.1666666666666667,1.0,1.0,1.0,1,4,2.5,2.5,1.75,3.25,"Hypergraph(num_v=35, num_e=6)",False,0.0688190460205078
1867,STATS,010-063-augF1-augA3,orig,0.036394596099853516,0.151801586151123,1,6,17,12,5,12005.96,1,79851,28362.0,246.25,5407.5,62086.25,42.0,3758.0,906.8,48.0,62.0,624.0,2,1,4,1.1666666666666667,1.0,1.0,1.0,1,4,2.5,2.5,1.75,3.25,"Hypergraph(num_v=35, num_e=6)",False,0.11540699005126948
1868,STATS,010-063-augF1-augA4,orig,0.036519765853881836,0.0929982662200927,1,6,17,12,5,12005.96,1,79851,28362.0,246.25,5407.5,62086.25,42.0,3758.0,906.8,48.0,62.0,624.0,2,1,4,1.1666666666666667,1.0,1.0,1.0,1,4,2.5,2.5,1.75,3.25,"Hypergraph(num_v=35, num_e=6)",False,0.05647850036621087
1869,STATS,010-063-augF1-augA5,orig,0.036301374435424805,0.1202278137207031,1,6,17,12,5,12005.96,1,79851,28362.0,246.25,5407.5,62086.25,42.0,3758.0,906.8,48.0,62.0,624.0,1,1,4,1.1666666666666667,1.0,1.0,1.0,5,5,5.0,5.0,5.0,5.0,"Hypergraph(num_v=35, num_e=6)",False,0.08392643928527829
1870,STATS,010-063-augF2,orig,0.006494760513305664,0.1221852302551269,1,6,17,12,5,11252.85,1,79851,26723.33333333333,1.0,491.5,59873.5,1.0,31.0,13.8,1.0,18.0,18.0,2,1,4,1.1666666666666667,1.0,1.0,1.0,1,4,2.5,2.5,1.75,3.25,"Hypergraph(num_v=35, num_e=6)",False,0.11569046974182123
1871,STATS,010-063-augF2-augA1,orig,0.005438327789306641,0.0118758678436279,1,6,17,12,5,11252.85,1,79851,26723.33333333333,1.0,491.5,59873.5,1.0,31.0,13.8,1.0,18.0,18.0,1,1,4,1.1666666666666667,1.0,1.0,1.0,5,5,5.0,5.0,5.0,5.0,"Hypergraph(num_v=35, num_e=6)",False,0.00643754005432126
1872,STATS,010-063-augF2-augA2,orig,0.006415367126464844,0.1618359088897705,1,6,17,12,5,11252.85,1,79851,26723.33333333333,1.0,491.5,59873.5,1.0,31.0,13.8,1.0,18.0,18.0,2,1,4,1.1666666666666667,1.0,1.0,1.0,1,4,2.5,2.5,1.75,3.25,"Hypergraph(num_v=35, num_e=6)",False,0.15542054176330566
1873,STATS,010-063-augF2-augA3,orig,0.005263805389404297,0.1492106914520263,1,6,17,12,5,11252.85,1,79851,26723.33333333333,1.0,491.5,59873.5,1.0,31.0,13.8,1.0,18.0,18.0,2,1,4,1.1666666666666667,1.0,1.0,1.0,1,4,2.5,2.5,1.75,3.25,"Hypergraph(num_v=35, num_e=6)",False,0.14394688606262201
1874,STATS,010-063-augF2-augA4,orig,0.006047964096069336,0.0513896942138671,1,6,17,12,5,11252.85,1,79851,26723.33333333333,1.0,491.5,59873.5,1.0,31.0,13.8,1.0,18.0,18.0,2,1,4,1.1666666666666667,1.0,1.0,1.0,1,4,2.5,2.5,1.75,3.25,"Hypergraph(num_v=35, num_e=6)",False,0.04534173011779776
1875,STATS,010-063-augF2-augA5,orig,0.005379676818847656,0.1516735553741455,1,6,17,12,5,11252.85,1,79851,26723.33333333333,1.0,491.5,59873.5,1.0,31.0,13.8,1.0,18.0,18.0,1,1,4,1.1666666666666667,1.0,1.0,1.0,5,5,5.0,5.0,5.0,5.0,"Hypergraph(num_v=35, num_e=6)",False,0.14629387855529785
1876,STATS,011-050,rewr,0.43527674674987793,0.1064357757568359,1,5,14,10,4,1569959.12,2416,192979,65101.6,14710.0,35552.0,79851.0,48474.0,619447634.0,154921752.0,64918.5,95450.0,154952283.5,2,1,5,1.1538461538461535,1.0,1.0,1.0,1,3,2.0,2.0,1.5,2.5,"Hypergraph(num_v=30, num_e=5)",True,-0.32884097099304205
1877,STATS,011-050-augA1,rewr,0.4258718490600586,0.1315224170684814,1,5,14,10,4,1569959.12,2416,192979,65101.6,14710.0,35552.0,79851.0,48474.0,619447634.0,154921752.0,64918.5,95450.0,154952283.5,2,1,5,1.1538461538461535,1.0,1.0,1.0,1,3,2.0,2.0,1.5,2.5,"Hypergraph(num_v=30, num_e=5)",False,-0.2943494319915772
1878,STATS,011-050-augA2,rewr,0.41739344596862793,0.0986080169677734,1,5,14,10,4,1569959.12,2416,192979,65101.6,14710.0,35552.0,79851.0,48474.0,619447634.0,154921752.0,64918.5,95450.0,154952283.5,2,1,5,1.1538461538461535,1.0,1.0,1.0,1,3,2.0,2.0,1.5,2.5,"Hypergraph(num_v=30, num_e=5)",False,-0.31878542900085455
1879,STATS,011-050-augA3,rewr,0.4337899684906006,0.1122698783874511,1,5,14,10,4,1569959.12,2416,192979,65101.6,14710.0,35552.0,79851.0,48474.0,619447634.0,154921752.0,64918.5,95450.0,154952283.5,2,1,5,1.1538461538461535,1.0,1.0,1.0,1,3,2.0,2.0,1.5,2.5,"Hypergraph(num_v=30, num_e=5)",False,-0.32152009010314947
1880,STATS,011-050-augA4,rewr,0.42481374740600586,0.1388051509857177,1,5,14,10,4,1569959.12,2416,192979,65101.6,14710.0,35552.0,79851.0,48474.0,619447634.0,154921752.0,64918.5,95450.0,154952283.5,1,1,5,1.1538461538461535,1.0,1.0,1.0,4,4,4.0,4.0,4.0,4.0,"Hypergraph(num_v=30, num_e=5)",False,-0.2860085964202882
1881,STATS,011-050-augF1,rewr,0.41587209701538086,0.1211538314819336,1,5,14,10,4,935740.31,2416,192979,62196.6,14710.0,21027.0,79851.0,28669.0,366368288.0,91639773.5,38395.0,81068.5,91682447.0,2,1,5,1.1538461538461535,1.0,1.0,1.0,1,3,2.0,2.0,1.5,2.5,"Hypergraph(num_v=30, num_e=5)",False,-0.29471826553344727
1882,STATS,011-050-augF1-augA1,rewr,0.4167966842651367,0.1226258277893066,1,5,14,10,4,935740.31,2416,192979,62196.6,14710.0,21027.0,79851.0,28669.0,366368288.0,91639773.5,38395.0,81068.5,91682447.0,2,1,5,1.1538461538461535,1.0,1.0,1.0,1,3,2.0,2.0,1.5,2.5,"Hypergraph(num_v=30, num_e=5)",False,-0.29417085647583013
1883,STATS,011-050-augF1-augA2,rewr,0.4076364040374756,0.0927162170410156,1,5,14,10,4,935740.31,2416,192979,62196.6,14710.0,21027.0,79851.0,28669.0,366368288.0,91639773.5,38395.0,81068.5,91682447.0,2,1,5,1.1538461538461535,1.0,1.0,1.0,1,3,2.0,2.0,1.5,2.5,"Hypergraph(num_v=30, num_e=5)",False,-0.31492018699645996
1884,STATS,011-050-augF1-augA3,rewr,0.42926979064941406,0.1106007099151611,1,5,14,10,4,935740.31,2416,192979,62196.6,14710.0,21027.0,79851.0,28669.0,366368288.0,91639773.5,38395.0,81068.5,91682447.0,2,1,5,1.1538461538461535,1.0,1.0,1.0,1,3,2.0,2.0,1.5,2.5,"Hypergraph(num_v=30, num_e=5)",False,-0.31866908073425293
1885,STATS,011-050-augF1-augA4,rewr,0.4171440601348877,0.1277010440826416,1,5,14,10,4,935740.31,2416,192979,62196.6,14710.0,21027.0,79851.0,28669.0,366368288.0,91639773.5,38395.0,81068.5,91682447.0,1,1,5,1.1538461538461535,1.0,1.0,1.0,4,4,4.0,4.0,4.0,4.0,"Hypergraph(num_v=30, num_e=5)",False,-0.2894430160522461
1886,STATS,011-050-augF2,rewr,0.4253697395324707,0.126436710357666,1,5,14,10,4,1579598.99,2431,192979,65104.6,14710.0,35552.0,79851.0,48474.0,623294049.0,155883542.75,64918.5,95824.0,155914448.25,2,1,5,1.1538461538461535,1.0,1.0,1.0,1,3,2.0,2.0,1.5,2.5,"Hypergraph(num_v=30, num_e=5)",False,-0.2989330291748047
1887,STATS,011-050-augF2-augA1,rewr,0.4224412441253662,0.1043171882629394,1,5,14,10,4,1579598.99,2431,192979,65104.6,14710.0,35552.0,79851.0,48474.0,623294049.0,155883542.75,64918.5,95824.0,155914448.25,2,1,5,1.1538461538461535,1.0,1.0,1.0,1,3,2.0,2.0,1.5,2.5,"Hypergraph(num_v=30, num_e=5)",False,-0.3181240558624268
1888,STATS,011-050-augF2-augA2,rewr,0.4173431396484375,0.1045327186584472,1,5,14,10,4,1579598.99,2431,192979,65104.6,14710.0,35552.0,79851.0,48474.0,623294049.0,155883542.75,64918.5,95824.0,155914448.25,1,1,5,1.1538461538461535,1.0,1.0,1.0,4,4,4.0,4.0,4.0,4.0,"Hypergraph(num_v=30, num_e=5)",False,-0.3128104209899903
1889,STATS,011-050-augF2-augA3,rewr,0.43207645416259766,0.1133389472961425,1,5,14,10,4,1579598.99,2431,192979,65104.6,14710.0,35552.0,79851.0,48474.0,623294049.0,155883542.75,64918.5,95824.0,155914448.25,2,1,5,1.1538461538461535,1.0,1.0,1.0,1,3,2.0,2.0,1.5,2.5,"Hypergraph(num_v=30, num_e=5)",False,-0.3187375068664552
1890,STATS,011-050-augF2-augA4,rewr,0.4330575466156006,0.1265459060668945,1,5,14,10,4,1579598.99,2431,192979,65104.6,14710.0,35552.0,79851.0,48474.0,623294049.0,155883542.75,64918.5,95824.0,155914448.25,1,1,5,1.1538461538461535,1.0,1.0,1.0,4,4,4.0,4.0,4.0,4.0,"Hypergraph(num_v=30, num_e=5)",False,-0.30651164054870605
1891,STATS,012-019,orig,0.03360319137573242,0.0354948043823242,1,3,4,2,2,4720.24,11102,91841,47726.0,25668.5,40235.0,66038.0,10902.0,11086.0,10994.0,10948.0,10994.0,11040.0,1,1,2,1.05,1.0,1.0,1.0,2,2,2.0,2.0,2.0,2.0,"Hypergraph(num_v=21, num_e=3)",True,0.001891613006591776
1892,STATS,012-019-augA1,orig,0.033299922943115234,0.1134083271026611,1,3,4,2,2,4720.24,11102,91841,47726.0,25668.5,40235.0,66038.0,10902.0,11086.0,10994.0,10948.0,10994.0,11040.0,2,1,2,1.05,1.0,1.0,1.0,1,1,1.0,1.0,1.0,1.0,"Hypergraph(num_v=21, num_e=3)",False,0.08010840415954587
1893,STATS,012-019-augA2,orig,0.03313159942626953,0.0858092308044433,1,3,4,2,2,4720.24,11102,91841,47726.0,25668.5,40235.0,66038.0,10902.0,11086.0,10994.0,10948.0,10994.0,11040.0,1,1,2,1.05,1.0,1.0,1.0,2,2,2.0,2.0,2.0,2.0,"Hypergraph(num_v=21, num_e=3)",False,0.05267763137817377
1894,STATS,012-019-augF1,orig,0.03278398513793945,0.0347070693969726,1,3,4,2,2,4721.66,11102,91949,47762.0,25668.5,40235.0,66092.0,10914.0,11099.0,11006.5,10960.25,11006.5,11052.75,1,1,2,1.05,1.0,1.0,1.0,2,2,2.0,2.0,2.0,2.0,"Hypergraph(num_v=21, num_e=3)",False,0.0019230842590331476
1895,STATS,012-019-augF1-augA1,orig,0.03245234489440918,0.1132478713989257,1,3,4,2,2,4721.66,11102,91949,47762.0,25668.5,40235.0,66092.0,10914.0,11099.0,11006.5,10960.25,11006.5,11052.75,2,1,2,1.05,1.0,1.0,1.0,1,1,1.0,1.0,1.0,1.0,"Hypergraph(num_v=21, num_e=3)",False,0.08079552650451652
1896,STATS,012-019-augF1-augA2,orig,0.033310890197753906,0.0868079662322998,1,3,4,2,2,4721.66,11102,91949,47762.0,25668.5,40235.0,66092.0,10914.0,11099.0,11006.5,10960.25,11006.5,11052.75,1,1,2,1.05,1.0,1.0,1.0,2,2,2.0,2.0,2.0,2.0,"Hypergraph(num_v=21, num_e=3)",False,0.0534970760345459
1897,STATS,012-019-augF2,orig,0.028934478759765625,0.0591828823089599,1,3,4,2,2,3748.34,10964,91841,37969.0,11033.0,11102.0,51471.5,2971.0,24610.0,13790.5,8380.75,13790.5,19200.25,1,1,2,1.05,1.0,1.0,1.0,2,2,2.0,2.0,2.0,2.0,"Hypergraph(num_v=21, num_e=3)",False,0.030248403549194273
1898,STATS,012-019-augF2-augA1,orig,0.02852630615234375,0.0738983154296875,1,3,4,2,2,3748.34,10964,91841,37969.0,11033.0,11102.0,51471.5,2971.0,24610.0,13790.5,8380.75,13790.5,19200.25,2,1,2,1.05,1.0,1.0,1.0,1,1,1.0,1.0,1.0,1.0,"Hypergraph(num_v=21, num_e=3)",False,0.04537200927734375
1899,STATS,012-019-augF2-augA2,orig,0.030524253845214844,0.031752586364746,1,3,4,2,2,3748.34,10964,91841,37969.0,11033.0,11102.0,51471.5,2971.0,24610.0,13790.5,8380.75,13790.5,19200.25,1,1,2,1.05,1.0,1.0,1.0,2,2,2.0,2.0,2.0,2.0,"Hypergraph(num_v=21, num_e=3)",False,0.0012283325195311529
1900,STATS,013-055,orig,0.031792640686035156,0.2274646759033203,1,5,7,3,4,9994.51,1,178345,51442.2,1.0,1032.0,77832.0,577.0,4582.0,1717.25,591.25,855.0,1981.0,2,1,4,1.173913043478261,1.0,1.0,1.0,1,3,2.0,2.0,1.5,2.5,"Hypergraph(num_v=27, num_e=5)",True,0.19567203521728516
1901,STATS,013-055-augA1,orig,0.031152725219726562,0.2190783023834228,1,5,7,3,4,9994.51,1,178345,51442.2,1.0,1032.0,77832.0,577.0,4582.0,1717.25,591.25,855.0,1981.0,1,1,4,1.173913043478261,1.0,1.0,1.0,4,4,4.0,4.0,4.0,4.0,"Hypergraph(num_v=27, num_e=5)",False,0.18792557716369623
1902,STATS,013-055-augA2,orig,0.03332328796386719,0.2148714065551757,1,5,7,3,4,9994.51,1,178345,51442.2,1.0,1032.0,77832.0,577.0,4582.0,1717.25,591.25,855.0,1981.0,1,1,4,1.173913043478261,1.0,1.0,1.0,4,4,4.0,4.0,4.0,4.0,"Hypergraph(num_v=27, num_e=5)",False,0.1815481185913085
1903,STATS,013-055-augA3,orig,0.03144383430480957,0.0718908309936523,1,5,7,3,4,9994.51,1,178345,51442.2,1.0,1032.0,77832.0,577.0,4582.0,1717.25,591.25,855.0,1981.0,2,1,4,1.173913043478261,1.0,1.0,1.0,1,3,2.0,2.0,1.5,2.5,"Hypergraph(num_v=27, num_e=5)",False,0.04044699668884273
1904,STATS,013-055-augA4,orig,0.03223538398742676,0.1010272502899169,1,5,7,3,4,9994.51,1,178345,51442.2,1.0,1032.0,77832.0,577.0,4582.0,1717.25,591.25,855.0,1981.0,2,1,4,1.173913043478261,1.0,1.0,1.0,1,3,2.0,2.0,1.5,2.5,"Hypergraph(num_v=27, num_e=5)",False,0.06879186630249014
1905,STATS,013-055-augF1,orig,0.054617881774902344,0.2927033901214599,1,5,7,3,4,9995.88,1,178345,51442.2,1.0,1032.0,77832.0,586.0,4654.0,1741.75,593.5,863.5,2011.75,2,1,4,1.173913043478261,1.0,1.0,1.0,1,3,2.0,2.0,1.5,2.5,"Hypergraph(num_v=27, num_e=5)",False,0.23808550834655756
1906,STATS,013-055-augF1-augA1,orig,0.0569911003112793,0.2659296989440918,1,5,7,3,4,9995.88,1,178345,51442.2,1.0,1032.0,77832.0,586.0,4654.0,1741.75,593.5,863.5,2011.75,1,1,4,1.173913043478261,1.0,1.0,1.0,4,4,4.0,4.0,4.0,4.0,"Hypergraph(num_v=27, num_e=5)",False,0.2089385986328125
1907,STATS,013-055-augF1-augA2,orig,0.05632781982421875,0.270352840423584,1,5,7,3,4,9995.88,1,178345,51442.2,1.0,1032.0,77832.0,586.0,4654.0,1741.75,593.5,863.5,2011.75,1,1,4,1.173913043478261,1.0,1.0,1.0,4,4,4.0,4.0,4.0,4.0,"Hypergraph(num_v=27, num_e=5)",False,0.21402502059936523
1908,STATS,013-055-augF1-augA3,orig,0.05421018600463867,0.1597540378570556,1,5,7,3,4,9995.88,1,178345,51442.2,1.0,1032.0,77832.0,586.0,4654.0,1741.75,593.5,863.5,2011.75,2,1,4,1.173913043478261,1.0,1.0,1.0,1,3,2.0,2.0,1.5,2.5,"Hypergraph(num_v=27, num_e=5)",False,0.10554385185241694
1909,STATS,013-055-augF1-augA4,orig,0.05587911605834961,0.1441154479980468,1,5,7,3,4,9995.88,1,178345,51442.2,1.0,1032.0,77832.0,586.0,4654.0,1741.75,593.5,863.5,2011.75,2,1,4,1.173913043478261,1.0,1.0,1.0,1,3,2.0,2.0,1.5,2.5,"Hypergraph(num_v=27, num_e=5)",False,0.08823633193969718
1910,STATS,013-055-augF2,orig,0.029631376266479492,0.2092621326446533,1,5,7,3,4,9730.78,1,178345,40472.0,1.0,1032.0,22981.0,329.0,1353.0,713.75,515.0,586.5,785.25,2,1,4,1.173913043478261,1.0,1.0,1.0,1,3,2.0,2.0,1.5,2.5,"Hypergraph(num_v=27, num_e=5)",False,0.1796307563781738
1911,STATS,013-055-augF2-augA1,orig,0.02891707420349121,0.1590323448181152,1,5,7,3,4,9730.78,1,178345,40472.0,1.0,1032.0,22981.0,329.0,1353.0,713.75,515.0,586.5,785.25,1,1,4,1.173913043478261,1.0,1.0,1.0,4,4,4.0,4.0,4.0,4.0,"Hypergraph(num_v=27, num_e=5)",False,0.130115270614624
1912,STATS,013-055-augF2-augA2,orig,0.02797079086303711,0.1918144226074218,1,5,7,3,4,9730.78,1,178345,40472.0,1.0,1032.0,22981.0,329.0,1353.0,713.75,515.0,586.5,785.25,1,1,4,1.173913043478261,1.0,1.0,1.0,4,4,4.0,4.0,4.0,4.0,"Hypergraph(num_v=27, num_e=5)",False,0.16384363174438468
1913,STATS,013-055-augF2-augA3,orig,0.02795553207397461,0.1042647361755371,1,5,7,3,4,9730.78,1,178345,40472.0,1.0,1032.0,22981.0,329.0,1353.0,713.75,515.0,586.5,785.25,2,1,4,1.173913043478261,1.0,1.0,1.0,1,3,2.0,2.0,1.5,2.5,"Hypergraph(num_v=27, num_e=5)",False,0.07630920410156249
1914,STATS,013-055-augF2-augA4,orig,0.02823662757873535,0.0979595184326171,1,5,7,3,4,9730.78,1,178345,40472.0,1.0,1032.0,22981.0,329.0,1353.0,713.75,515.0,586.5,785.25,2,1,4,1.173913043478261,1.0,1.0,1.0,1,3,2.0,2.0,1.5,2.5,"Hypergraph(num_v=27, num_e=5)",False,0.06972289085388175
1915,STATS,014-134,rewr,7.035171747207642,0.1625444889068603,1,5,14,10,4,106013384.25,12191,172986,72937.2,20154.0,79504.0,79851.0,39108.0,41011760463.0,10301172306.75,332745.75,96444828.0,10397284389.0,2,1,5,1.16,1.0,1.0,1.0,1,3,2.0,2.0,1.5,2.5,"Hypergraph(num_v=29, num_e=5)",True,-6.872627258300781
1916,STATS,014-134-augA1,rewr,7.031063556671143,0.3713860511779785,1,5,14,10,4,106014854.25,12191,172986,72937.2,20154.0,79504.0,79851.0,39108.0,41011760463.0,10301172306.75,332745.75,96444828.0,10397284389.0,2,1,5,1.16,1.0,1.0,1.0,1,3,2.0,2.0,1.5,2.5,"Hypergraph(num_v=29, num_e=5)",False,-6.659677505493164
1917,STATS,014-134-augA2,rewr,6.704251527786255,0.1273262500762939,1,5,14,10,4,106013384.25,12191,172986,72937.2,20154.0,79504.0,79851.0,39108.0,41011760463.0,10301172306.75,332745.75,96444828.0,10397284389.0,2,1,5,1.16,1.0,1.0,1.0,1,3,2.0,2.0,1.5,2.5,"Hypergraph(num_v=29, num_e=5)",False,-6.576925277709961
1918,STATS,014-134-augA3,rewr,7.1175477504730225,0.2270650863647461,1,5,14,10,4,106014854.25,12191,172986,72937.2,20154.0,79504.0,79851.0,39108.0,41011760463.0,10301172306.75,332745.75,96444828.0,10397284389.0,2,1,5,1.16,1.0,1.0,1.0,1,3,2.0,2.0,1.5,2.5,"Hypergraph(num_v=29, num_e=5)",False,-6.890482664108276
1919,STATS,014-134-augA4,rewr,6.961381673812866,0.2174181938171386,1,5,14,10,4,106013384.25,12191,172986,72937.2,20154.0,79504.0,79851.0,39108.0,41011760463.0,10301172306.75,332745.75,96444828.0,10397284389.0,1,1,5,1.16,1.0,1.0,1.0,4,4,4.0,4.0,4.0,4.0,"Hypergraph(num_v=29, num_e=5)",False,-6.7439634799957275
1920,STATS,014-134-augF1,rewr,7.040946960449219,0.2971293926239013,1,5,14,10,4,106795810.68,12281,172986,72955.2,20154.0,79504.0,79851.0,39108.0,41314532892.0,10377221417.5,335130.0,97156835.0,10474043122.5,2,1,5,1.16,1.0,1.0,1.0,1,3,2.0,2.0,1.5,2.5,"Hypergraph(num_v=29, num_e=5)",False,-6.743817567825317
1921,STATS,014-134-augF1-augA1,rewr,7.015568494796753,0.1807098388671875,1,5,14,10,4,106797294.68,12281,172986,72955.2,20154.0,79504.0,79851.0,39108.0,41314532892.0,10377221417.5,335130.0,97156835.0,10474043122.5,1,1,5,1.16,1.0,1.0,1.0,4,4,4.0,4.0,4.0,4.0,"Hypergraph(num_v=29, num_e=5)",False,-6.834858655929565
1922,STATS,014-134-augF1-augA2,rewr,6.7953901290893555,0.3935542106628418,1,5,14,10,4,106795810.68,12281,172986,72955.2,20154.0,79504.0,79851.0,39108.0,41314532892.0,10377221417.5,335130.0,97156835.0,10474043122.5,1,1,5,1.16,1.0,1.0,1.0,4,4,4.0,4.0,4.0,4.0,"Hypergraph(num_v=29, num_e=5)",False,-6.401835918426514
1923,STATS,014-134-augF1-augA3,rewr,7.193066835403442,0.1457269191741943,1,5,14,10,4,106797294.68,12281,172986,72955.2,20154.0,79504.0,79851.0,39108.0,41314532892.0,10377221417.5,335130.0,97156835.0,10474043122.5,2,1,5,1.16,1.0,1.0,1.0,1,3,2.0,2.0,1.5,2.5,"Hypergraph(num_v=29, num_e=5)",False,-7.047339916229248
1924,STATS,014-134-augF1-augA4,rewr,6.968151092529297,0.1491930484771728,1,5,14,10,4,106795810.68,12281,172986,72955.2,20154.0,79504.0,79851.0,39108.0,41314532892.0,10377221417.5,335130.0,97156835.0,10474043122.5,1,1,5,1.16,1.0,1.0,1.0,4,4,4.0,4.0,4.0,4.0,"Hypergraph(num_v=29, num_e=5)",False,-6.818958044052124
1925,STATS,014-134-augF2,rewr,6.933794260025024,0.1498539447784423,1,5,14,10,4,105946183.19,12191,172986,72934.6,20141.0,79504.0,79851.0,39084.0,40985306514.0,10294558813.5,332739.75,96444828.0,10390670901.75,2,1,5,1.16,1.0,1.0,1.0,1,3,2.0,2.0,1.5,2.5,"Hypergraph(num_v=29, num_e=5)",False,-6.783940315246582
1926,STATS,014-134-augF2-augA1,rewr,7.089500427246094,0.1814146041870117,1,5,14,10,4,105947653.19,12191,172986,72934.6,20141.0,79504.0,79851.0,39084.0,40985306514.0,10294558813.5,332739.75,96444828.0,10390670901.75,2,1,5,1.16,1.0,1.0,1.0,1,3,2.0,2.0,1.5,2.5,"Hypergraph(num_v=29, num_e=5)",False,-6.908085823059082
1927,STATS,014-134-augF2-augA2,rewr,6.932949542999268,0.1233444213867187,1,5,14,10,4,105946183.19,12191,172986,72934.6,20141.0,79504.0,79851.0,39084.0,40985306514.0,10294558813.5,332739.75,96444828.0,10390670901.75,2,1,5,1.16,1.0,1.0,1.0,1,3,2.0,2.0,1.5,2.5,"Hypergraph(num_v=29, num_e=5)",False,-6.809605121612549
1928,STATS,014-134-augF2-augA3,rewr,7.121482610702515,0.1486642360687255,1,5,14,10,4,105947653.19,12191,172986,72934.6,20141.0,79504.0,79851.0,39084.0,40985306514.0,10294558813.5,332739.75,96444828.0,10390670901.75,2,1,5,1.16,1.0,1.0,1.0,1,3,2.0,2.0,1.5,2.5,"Hypergraph(num_v=29, num_e=5)",False,-6.972818374633789
1929,STATS,014-134-augF2-augA4,rewr,6.952705144882202,0.1622462272644043,1,5,14,10,4,105946183.19,12191,172986,72934.6,20141.0,79504.0,79851.0,39084.0,40985306514.0,10294558813.5,332739.75,96444828.0,10390670901.75,1,1,5,1.16,1.0,1.0,1.0,4,4,4.0,4.0,4.0,4.0,"Hypergraph(num_v=29, num_e=5)",False,-6.790458917617798
1930,STATS,015-026,orig,0.05282092094421387,0.1016473770141601,1,4,7,4,3,9091.07,11102,99322,60493.75,32456.75,65775.5,93812.5,10738.0,11596.0,11145.333333333334,10920.0,11102.0,11349.0,2,1,3,1.1304347826086956,1.0,1.0,1.0,1,2,1.5,1.5,1.25,1.75,"Hypergraph(num_v=26, num_e=4)",True,0.048826456069946234
1931,STATS,015-026-augA1,orig,0.05316329002380371,0.1156675815582275,1,4,7,4,3,9091.07,11102,99322,60493.75,32456.75,65775.5,93812.5,10738.0,11596.0,11145.333333333334,10920.0,11102.0,11349.0,1,1,3,1.1304347826086956,1.0,1.0,1.0,3,3,3.0,3.0,3.0,3.0,"Hypergraph(num_v=26, num_e=4)",False,0.06250429153442379
1932,STATS,015-026-augA2,orig,0.05278491973876953,0.1707532405853271,1,4,7,4,3,9091.07,11102,99322,60493.75,32456.75,65775.5,93812.5,10738.0,11596.0,11145.333333333334,10920.0,11102.0,11349.0,2,1,3,1.1304347826086956,1.0,1.0,1.0,1,2,1.5,1.5,1.25,1.75,"Hypergraph(num_v=26, num_e=4)",False,0.11796832084655756
1933,STATS,015-026-augA3,orig,0.05251669883728027,0.0825445652008056,1,4,7,4,3,9091.07,11102,99322,60493.75,32456.75,65775.5,93812.5,10738.0,11596.0,11145.333333333334,10920.0,11102.0,11349.0,1,1,3,1.1304347826086956,1.0,1.0,1.0,3,3,3.0,3.0,3.0,3.0,"Hypergraph(num_v=26, num_e=4)",False,0.03002786636352532
1934,STATS,015-026-augF1,rewr,0.052214860916137695,0.0519459247589111,1,4,7,4,3,8893.38,11102,91976,51128.75,32456.75,50718.5,69390.5,7222.0,11102.0,8597.0,7344.5,7467.0,9284.5,2,1,3,1.1304347826086956,1.0,1.0,1.0,1,2,1.5,1.5,1.25,1.75,"Hypergraph(num_v=26, num_e=4)",False,-0.0002689361572265972
1935,STATS,015-026-augF1-augA1,orig,0.05228734016418457,0.1021885871887207,1,4,7,4,3,8893.38,11102,91976,51128.75,32456.75,50718.5,69390.5,7222.0,11102.0,8597.0,7344.5,7467.0,9284.5,1,1,3,1.1304347826086956,1.0,1.0,1.0,3,3,3.0,3.0,3.0,3.0,"Hypergraph(num_v=26, num_e=4)",False,0.04990124702453613
1936,STATS,015-026-augF1-augA2,orig,0.053388118743896484,0.1093323230743408,1,4,7,4,3,8893.38,11102,91976,51128.75,32456.75,50718.5,69390.5,7222.0,11102.0,8597.0,7344.5,7467.0,9284.5,2,1,3,1.1304347826086956,1.0,1.0,1.0,1,2,1.5,1.5,1.25,1.75,"Hypergraph(num_v=26, num_e=4)",False,0.05594420433044432
1937,STATS,015-026-augF1-augA3,orig,0.05066418647766113,0.0857844352722168,1,4,7,4,3,8893.38,11102,91976,51128.75,32456.75,50718.5,69390.5,7222.0,11102.0,8597.0,7344.5,7467.0,9284.5,1,1,3,1.1304347826086956,1.0,1.0,1.0,3,3,3.0,3.0,3.0,3.0,"Hypergraph(num_v=26, num_e=4)",False,0.035120248794555664
1938,STATS,015-026-augF2,orig,0.04125165939331055,0.0472080707550048,1,4,7,4,3,7488.98,1919,99322,51079.75,8806.25,51539.0,93812.5,521.0,4314.0,1799.0,541.5,562.0,2438.0,2,1,3,1.1304347826086956,1.0,1.0,1.0,1,2,1.5,1.5,1.25,1.75,"Hypergraph(num_v=26, num_e=4)",False,0.005956411361694253
1939,STATS,015-026-augF2-augA1,orig,0.041623592376708984,0.1086993217468261,1,4,7,4,3,7488.98,1919,99322,51079.75,8806.25,51539.0,93812.5,521.0,4314.0,1799.0,541.5,562.0,2438.0,1,1,3,1.1304347826086956,1.0,1.0,1.0,3,3,3.0,3.0,3.0,3.0,"Hypergraph(num_v=26, num_e=4)",False,0.06707572937011712
1940,STATS,015-026-augF2-augA2,orig,0.04076433181762695,0.1170024871826171,1,4,7,4,3,7488.98,1919,99322,51079.75,8806.25,51539.0,93812.5,521.0,4314.0,1799.0,541.5,562.0,2438.0,2,1,3,1.1304347826086956,1.0,1.0,1.0,1,2,1.5,1.5,1.25,1.75,"Hypergraph(num_v=26, num_e=4)",False,0.07623815536499015
1941,STATS,015-026-augF2-augA3,orig,0.04257655143737793,0.1130292415618896,1,4,7,4,3,7488.98,1919,99322,51079.75,8806.25,51539.0,93812.5,521.0,4314.0,1799.0,541.5,562.0,2438.0,1,1,3,1.1304347826086956,1.0,1.0,1.0,3,3,3.0,3.0,3.0,3.0,"Hypergraph(num_v=26, num_e=4)",False,0.07045269012451168
1942,STATS,016-021,orig,0.056200504302978516,0.071063756942749,1,3,9,7,2,11220.34,39380,192676,106565.0,63509.5,87639.0,140157.5,19447.0,20409.0,19928.0,19687.5,19928.0,20168.5,1,1,2,1.0476190476190477,1.0,1.0,1.0,2,2,2.0,2.0,2.0,2.0,"Hypergraph(num_v=22, num_e=3)",True,0.01486325263977048
1943,STATS,016-021-augA1,orig,0.05722618103027344,0.0710980892181396,1,3,9,7,2,11220.34,39380,192676,106565.0,63509.5,87639.0,140157.5,19447.0,20409.0,19928.0,19687.5,19928.0,20168.5,1,1,2,1.0476190476190477,1.0,1.0,1.0,2,2,2.0,2.0,2.0,2.0,"Hypergraph(num_v=22, num_e=3)",False,0.01387190818786617
1944,STATS,016-021-augA2,orig,0.056862831115722656,0.1631088256835937,1,3,9,7,2,11220.34,39380,192676,106565.0,63509.5,87639.0,140157.5,19447.0,20409.0,19928.0,19687.5,19928.0,20168.5,1,1,2,1.0476190476190477,1.0,1.0,1.0,2,2,2.0,2.0,2.0,2.0,"Hypergraph(num_v=22, num_e=3)",False,0.10624599456787104
1945,STATS,016-021-augF1,orig,0.029639244079589844,0.1551365852355957,1,3,9,7,2,7166.95,1,192676,64380.66666666666,233.0,465.0,96570.5,229.0,241.0,235.0,232.0,235.0,238.0,1,1,2,1.0476190476190477,1.0,1.0,1.0,2,2,2.0,2.0,2.0,2.0,"Hypergraph(num_v=22, num_e=3)",False,0.12549734115600586
1946,STATS,016-021-augF1-augA1,orig,0.029721736907958984,0.1580748558044433,1,3,9,7,2,7166.95,1,192676,64380.66666666666,233.0,465.0,96570.5,229.0,241.0,235.0,232.0,235.0,238.0,1,1,2,1.0476190476190477,1.0,1.0,1.0,2,2,2.0,2.0,2.0,2.0,"Hypergraph(num_v=22, num_e=3)",False,0.12835311889648432
1947,STATS,016-021-augF1-augA2,orig,0.02961134910583496,0.1558759212493896,1,3,9,7,2,7166.95,1,192676,64380.66666666666,233.0,465.0,96570.5,229.0,241.0,235.0,232.0,235.0,238.0,1,1,2,1.0476190476190477,1.0,1.0,1.0,2,2,2.0,2.0,2.0,2.0,"Hypergraph(num_v=22, num_e=3)",False,0.12626457214355463
1948,STATS,016-021-augF2,orig,0.05611586570739746,0.0711352825164794,1,3,9,7,2,11225.93,39380,192676,106707.66666666669,63723.5,88067.0,140371.5,19542.0,20409.0,19975.5,19758.75,19975.5,20192.25,1,1,2,1.0476190476190477,1.0,1.0,1.0,2,2,2.0,2.0,2.0,2.0,"Hypergraph(num_v=22, num_e=3)",False,0.015019416809081934
1949,STATS,016-021-augF2-augA1,orig,0.05750751495361328,0.1622824668884277,1,3,9,7,2,11225.93,39380,192676,106707.66666666669,63723.5,88067.0,140371.5,19542.0,20409.0,19975.5,19758.75,19975.5,20192.25,1,1,2,1.0476190476190477,1.0,1.0,1.0,2,2,2.0,2.0,2.0,2.0,"Hypergraph(num_v=22, num_e=3)",False,0.10477495193481443
1950,STATS,016-021-augF2-augA2,orig,0.05595874786376953,0.0709857940673828,1,3,9,7,2,11225.93,39380,192676,106707.66666666669,63723.5,88067.0,140371.5,19542.0,20409.0,19975.5,19758.75,19975.5,20192.25,1,1,2,1.0476190476190477,1.0,1.0,1.0,2,2,2.0,2.0,2.0,2.0,"Hypergraph(num_v=22, num_e=3)",False,0.015027046203613267
1951,STATS,017-040,orig,0.048674821853637695,0.1493299007415771,1,4,11,8,3,7408.36,10186,87430,54106.0,31764.25,59404.0,81745.75,9219.0,18255.0,12385.666666666666,9451.0,9683.0,13969.0,2,1,3,1.1428571428571428,1.0,1.0,1.0,1,2,1.5,1.5,1.25,1.75,"Hypergraph(num_v=24, num_e=4)",True,0.1006550788879394
1952,STATS,017-040-augA1,orig,0.048821210861206055,0.0633625984191894,1,4,11,8,3,7408.36,10186,87430,54106.0,31764.25,59404.0,81745.75,9219.0,18255.0,12385.666666666666,9451.0,9683.0,13969.0,1,1,3,1.1428571428571428,1.0,1.0,1.0,3,3,3.0,3.0,3.0,3.0,"Hypergraph(num_v=24, num_e=4)",False,0.014541387557983343
1953,STATS,017-040-augA2,orig,0.04854106903076172,0.1377167701721191,1,4,11,8,3,7408.36,10186,87430,54106.0,31764.25,59404.0,81745.75,9219.0,18255.0,12385.666666666666,9451.0,9683.0,13969.0,1,1,3,1.1428571428571428,1.0,1.0,1.0,3,3,3.0,3.0,3.0,3.0,"Hypergraph(num_v=24, num_e=4)",False,0.0891757011413574
1954,STATS,017-040-augA3,orig,0.04915261268615723,0.0774376392364502,1,4,11,8,3,7408.36,10186,87430,54106.0,31764.25,59404.0,81745.75,9219.0,18255.0,12385.666666666666,9451.0,9683.0,13969.0,2,1,3,1.1428571428571428,1.0,1.0,1.0,1,2,1.5,1.5,1.25,1.75,"Hypergraph(num_v=24, num_e=4)",False,0.02828502655029297
1955,STATS,017-040-augF1,orig,0.04619264602661133,0.138437271118164,1,4,11,8,3,7256.84,10186,79851,51839.75,31764.25,58661.0,78736.5,8264.0,16364.0,11102.333333333334,8471.5,8679.0,12521.5,2,1,3,1.1428571428571428,1.0,1.0,1.0,1,2,1.5,1.5,1.25,1.75,"Hypergraph(num_v=24, num_e=4)",False,0.09224462509155268
1956,STATS,017-040-augF1-augA1,orig,0.0455319881439209,0.0620789527893066,1,4,11,8,3,7256.84,10186,79851,51839.75,31764.25,58661.0,78736.5,8264.0,16364.0,11102.333333333334,8471.5,8679.0,12521.5,1,1,3,1.1428571428571428,1.0,1.0,1.0,3,3,3.0,3.0,3.0,3.0,"Hypergraph(num_v=24, num_e=4)",False,0.0165469646453857
1957,STATS,017-040-augF1-augA2,orig,0.04676938056945801,0.0616283416748046,1,4,11,8,3,7256.84,10186,79851,51839.75,31764.25,58661.0,78736.5,8264.0,16364.0,11102.333333333334,8471.5,8679.0,12521.5,1,1,3,1.1428571428571428,1.0,1.0,1.0,3,3,3.0,3.0,3.0,3.0,"Hypergraph(num_v=24, num_e=4)",False,0.01485896110534659
1958,STATS,017-040-augF1-augA3,orig,0.04530811309814453,0.0494122505187988,1,4,11,8,3,7256.84,10186,79851,51839.75,31764.25,58661.0,78736.5,8264.0,16364.0,11102.333333333334,8471.5,8679.0,12521.5,2,1,3,1.1428571428571428,1.0,1.0,1.0,1,2,1.5,1.5,1.25,1.75,"Hypergraph(num_v=24, num_e=4)",False,0.004104137420654269
1959,STATS,017-040-augF2,orig,0.04928302764892578,0.1523046493530273,1,4,11,8,3,7397.73,10186,86793,53946.75,31764.25,59404.0,81586.5,9152.0,18123.0,12295.666666666666,9382.0,9612.0,13867.5,2,1,3,1.1428571428571428,1.0,1.0,1.0,1,2,1.5,1.5,1.25,1.75,"Hypergraph(num_v=24, num_e=4)",False,0.10302162170410151
1960,STATS,017-040-augF2-augA1,orig,0.049028873443603516,0.1120285987854003,1,4,11,8,3,7397.73,10186,86793,53946.75,31764.25,59404.0,81586.5,9152.0,18123.0,12295.666666666666,9382.0,9612.0,13867.5,1,1,3,1.1428571428571428,1.0,1.0,1.0,3,3,3.0,3.0,3.0,3.0,"Hypergraph(num_v=24, num_e=4)",False,0.06299972534179678
1961,STATS,017-040-augF2-augA2,orig,0.048517465591430664,0.138789415359497,1,4,11,8,3,7397.73,10186,86793,53946.75,31764.25,59404.0,81586.5,9152.0,18123.0,12295.666666666666,9382.0,9612.0,13867.5,1,1,3,1.1428571428571428,1.0,1.0,1.0,3,3,3.0,3.0,3.0,3.0,"Hypergraph(num_v=24, num_e=4)",False,0.09027194976806632
1962,STATS,017-040-augF2-augA3,orig,0.04995918273925781,0.0772721767425537,1,4,11,8,3,7397.73,10186,86793,53946.75,31764.25,59404.0,81586.5,9152.0,18123.0,12295.666666666666,9382.0,9612.0,13867.5,2,1,3,1.1428571428571428,1.0,1.0,1.0,1,2,1.5,1.5,1.25,1.75,"Hypergraph(num_v=24, num_e=4)",False,0.027312994003295885
1963,STATS,018-065,orig,0.07414793968200684,0.2396283149719238,1,6,15,10,5,16802.86,1,192979,54709.0,6323.75,25998.5,69133.25,254.0,24364.0,5181.2,348.0,369.0,571.0,1,1,4,1.15625,1.0,1.0,1.0,5,5,5.0,5.0,5.0,5.0,"Hypergraph(num_v=37, num_e=6)",True,0.16548037528991696
1964,STATS,018-065-augA1,orig,0.07456684112548828,0.1639459133148193,1,6,15,10,5,16802.86,1,192979,54709.0,6323.75,25998.5,69133.25,254.0,24364.0,5181.2,348.0,369.0,571.0,1,1,4,1.15625,1.0,1.0,1.0,5,5,5.0,5.0,5.0,5.0,"Hypergraph(num_v=37, num_e=6)",False,0.08937907218933103
1965,STATS,018-065-augA2,orig,0.07446074485778809,0.2401797771453857,1,6,15,10,5,16802.86,1,192979,54709.0,6323.75,25998.5,69133.25,254.0,24364.0,5181.2,348.0,369.0,571.0,2,1,4,1.15625,1.0,1.0,1.0,1,4,2.5,2.5,1.75,3.25,"Hypergraph(num_v=37, num_e=6)",False,0.1657190322875976
1966,STATS,018-065-augA3,orig,0.07439613342285156,0.1360735893249511,1,6,15,10,5,16802.86,1,192979,54709.0,6323.75,25998.5,69133.25,254.0,24364.0,5181.2,348.0,369.0,571.0,2,1,4,1.15625,1.0,1.0,1.0,1,4,2.5,2.5,1.75,3.25,"Hypergraph(num_v=37, num_e=6)",False,0.061677455902099526
1967,STATS,018-065-augA4,orig,0.07533884048461914,0.1055130958557128,1,6,15,10,5,16802.86,1,192979,54709.0,6323.75,25998.5,69133.25,254.0,24364.0,5181.2,348.0,369.0,571.0,2,1,4,1.15625,1.0,1.0,1.0,1,4,2.5,2.5,1.75,3.25,"Hypergraph(num_v=37, num_e=6)",False,0.030174255371093653
1968,STATS,018-065-augA5,orig,0.07640528678894043,0.221041202545166,1,6,15,10,5,16802.86,1,192979,54709.0,6323.75,25998.5,69133.25,254.0,24364.0,5181.2,348.0,369.0,571.0,1,1,4,1.15625,1.0,1.0,1.0,5,5,5.0,5.0,5.0,5.0,"Hypergraph(num_v=37, num_e=6)",False,0.14463591575622556
1969,STATS,018-065-augF1,orig,0.07059931755065918,0.2132012844085693,1,6,15,10,5,16692.59,1,192979,51705.5,6323.75,25998.5,55617.5,254.0,18768.0,4029.0,268.0,284.0,571.0,1,1,4,1.15625,1.0,1.0,1.0,5,5,5.0,5.0,5.0,5.0,"Hypergraph(num_v=37, num_e=6)",False,0.14260196685791013
1970,STATS,018-065-augF1-augA1,orig,0.07092165946960449,0.2181785106658935,1,6,15,10,5,16692.59,1,192979,51705.5,6323.75,25998.5,55617.5,254.0,18768.0,4029.0,268.0,284.0,571.0,1,1,4,1.15625,1.0,1.0,1.0,5,5,5.0,5.0,5.0,5.0,"Hypergraph(num_v=37, num_e=6)",False,0.147256851196289
1971,STATS,018-065-augF1-augA2,orig,0.0705869197845459,0.1690471172332763,1,6,15,10,5,16692.59,1,192979,51705.5,6323.75,25998.5,55617.5,254.0,18768.0,4029.0,268.0,284.0,571.0,2,1,4,1.15625,1.0,1.0,1.0,1,4,2.5,2.5,1.75,3.25,"Hypergraph(num_v=37, num_e=6)",False,0.09846019744873041
1972,STATS,018-065-augF1-augA3,orig,0.06973934173583984,0.1969513893127441,1,6,15,10,5,16692.59,1,192979,51705.5,6323.75,25998.5,55617.5,254.0,18768.0,4029.0,268.0,284.0,571.0,2,1,4,1.15625,1.0,1.0,1.0,1,4,2.5,2.5,1.75,3.25,"Hypergraph(num_v=37, num_e=6)",False,0.12721204757690427
1973,STATS,018-065-augF1-augA4,orig,0.0720527172088623,0.1776642799377441,1,6,15,10,5,16692.59,1,192979,51705.5,6323.75,25998.5,55617.5,254.0,18768.0,4029.0,268.0,284.0,571.0,2,1,4,1.15625,1.0,1.0,1.0,1,4,2.5,2.5,1.75,3.25,"Hypergraph(num_v=37, num_e=6)",False,0.10561156272888181
1974,STATS,018-065-augF1-augA5,orig,0.07183361053466797,0.1448266506195068,1,6,15,10,5,16692.59,1,192979,51705.5,6323.75,25998.5,55617.5,254.0,18768.0,4029.0,268.0,284.0,571.0,1,1,4,1.15625,1.0,1.0,1.0,5,5,5.0,5.0,5.0,5.0,"Hypergraph(num_v=37, num_e=6)",False,0.07299304008483884
1975,STATS,018-065-augF2,orig,0.0700833797454834,0.1447916030883789,1,6,15,10,5,16593.34,1,192979,51355.5,2776.25,18303.0,65285.5,158.0,15194.0,4043.0,217.0,230.0,4416.0,1,1,4,1.15625,1.0,1.0,1.0,5,5,5.0,5.0,5.0,5.0,"Hypergraph(num_v=37, num_e=6)",False,0.07470822334289551
1976,STATS,018-065-augF2-augA1,orig,0.07143759727478027,0.1805083751678466,1,6,15,10,5,16593.34,1,192979,51355.5,2776.25,18303.0,65285.5,158.0,15194.0,4043.0,217.0,230.0,4416.0,1,1,4,1.15625,1.0,1.0,1.0,5,5,5.0,5.0,5.0,5.0,"Hypergraph(num_v=37, num_e=6)",False,0.10907077789306632
1977,STATS,018-065-augF2-augA2,orig,0.07100343704223633,0.2413272857666015,1,6,15,10,5,16593.34,1,192979,51355.5,2776.25,18303.0,65285.5,158.0,15194.0,4043.0,217.0,230.0,4416.0,2,1,4,1.15625,1.0,1.0,1.0,1,4,2.5,2.5,1.75,3.25,"Hypergraph(num_v=37, num_e=6)",False,0.17032384872436518
1978,STATS,018-065-augF2-augA3,orig,0.0700385570526123,0.1336972713470459,1,6,15,10,5,16593.34,1,192979,51355.5,2776.25,18303.0,65285.5,158.0,15194.0,4043.0,217.0,230.0,4416.0,2,1,4,1.15625,1.0,1.0,1.0,1,4,2.5,2.5,1.75,3.25,"Hypergraph(num_v=37, num_e=6)",False,0.0636587142944336
1979,STATS,018-065-augF2-augA4,orig,0.07155537605285645,0.1060280799865722,1,6,15,10,5,16593.34,1,192979,51355.5,2776.25,18303.0,65285.5,158.0,15194.0,4043.0,217.0,230.0,4416.0,2,1,4,1.15625,1.0,1.0,1.0,1,4,2.5,2.5,1.75,3.25,"Hypergraph(num_v=37, num_e=6)",False,0.03447270393371575
1980,STATS,018-065-augF2-augA5,orig,0.07282686233520508,0.1477549076080322,1,6,15,10,5,16593.34,1,192979,51355.5,2776.25,18303.0,65285.5,158.0,15194.0,4043.0,217.0,230.0,4416.0,1,1,4,1.15625,1.0,1.0,1.0,5,5,5.0,5.0,5.0,5.0,"Hypergraph(num_v=37, num_e=6)",False,0.07492804527282712
1981,STATS,019-130,orig,0.1093912124633789,0.3051650524139404,1,5,14,10,4,26439.74,10186,176582,83732.2,38998.0,91605.0,101290.0,10634.0,96412.0,63215.0,40001.75,72907.0,96120.25,1,1,4,1.148148148148148,1.0,1.0,1.0,4,4,4.0,4.0,4.0,4.0,"Hypergraph(num_v=31, num_e=5)",True,0.19577383995056147
1982,STATS,019-130-augA1,orig,0.1086268424987793,0.158562421798706,1,5,14,10,4,26439.74,10186,176582,83732.2,38998.0,91605.0,101290.0,10634.0,96412.0,63215.0,40001.75,72907.0,96120.25,1,1,4,1.148148148148148,1.0,1.0,1.0,4,4,4.0,4.0,4.0,4.0,"Hypergraph(num_v=31, num_e=5)",False,0.0499355792999267
1983,STATS,019-130-augA2,orig,0.1076967716217041,0.2309992313385009,1,5,14,10,4,26439.74,10186,176582,83732.2,38998.0,91605.0,101290.0,10634.0,96412.0,63215.0,40001.75,72907.0,96120.25,2,1,4,1.148148148148148,1.0,1.0,1.0,1,3,2.0,2.0,1.5,2.5,"Hypergraph(num_v=31, num_e=5)",False,0.12330245971679679
1984,STATS,019-130-augA3,orig,0.11560368537902832,0.2744185924530029,1,5,14,10,4,26439.74,10186,176582,83732.2,38998.0,91605.0,101290.0,10634.0,96412.0,63215.0,40001.75,72907.0,96120.25,2,1,4,1.148148148148148,1.0,1.0,1.0,1,3,2.0,2.0,1.5,2.5,"Hypergraph(num_v=31, num_e=5)",False,0.15881490707397455
1985,STATS,019-130-augA4,orig,0.1095273494720459,0.154369831085205,1,5,14,10,4,26439.74,10186,176582,83732.2,38998.0,91605.0,101290.0,10634.0,96412.0,63215.0,40001.75,72907.0,96120.25,1,1,4,1.148148148148148,1.0,1.0,1.0,4,4,4.0,4.0,4.0,4.0,"Hypergraph(num_v=31, num_e=5)",False,0.044842481613159096
1986,STATS,019-130-augF1,orig,0.10301470756530762,0.3305172920227051,1,5,14,10,4,15573.1,1,176582,59930.8,10186.0,11595.0,101290.0,1284.0,6302.0,2586.5,1330.5,1380.0,2636.0,1,1,4,1.148148148148148,1.0,1.0,1.0,4,4,4.0,4.0,4.0,4.0,"Hypergraph(num_v=31, num_e=5)",False,0.22750258445739746
1987,STATS,019-130-augF1-augA1,orig,0.09879016876220703,0.2689828872680664,1,5,14,10,4,15573.1,1,176582,59930.8,10186.0,11595.0,101290.0,1284.0,6302.0,2586.5,1330.5,1380.0,2636.0,1,1,4,1.148148148148148,1.0,1.0,1.0,4,4,4.0,4.0,4.0,4.0,"Hypergraph(num_v=31, num_e=5)",False,0.17019271850585938
1988,STATS,019-130-augF1-augA2,orig,0.10080909729003906,0.3116953372955322,1,5,14,10,4,15573.1,1,176582,59930.8,10186.0,11595.0,101290.0,1284.0,6302.0,2586.5,1330.5,1380.0,2636.0,2,1,4,1.148148148148148,1.0,1.0,1.0,1,3,2.0,2.0,1.5,2.5,"Hypergraph(num_v=31, num_e=5)",False,0.21088624000549316
1989,STATS,019-130-augF1-augA3,rewr,0.10450601577758789,0.0778250694274902,1,5,14,10,4,15573.1,1,176582,59930.8,10186.0,11595.0,101290.0,1284.0,6302.0,2586.5,1330.5,1380.0,2636.0,2,1,4,1.148148148148148,1.0,1.0,1.0,1,3,2.0,2.0,1.5,2.5,"Hypergraph(num_v=31, num_e=5)",False,-0.026680946350097684
1990,STATS,019-130-augF1-augA4,orig,0.10047626495361328,0.2054600715637207,1,5,14,10,4,15573.1,1,176582,59930.8,10186.0,11595.0,101290.0,1284.0,6302.0,2586.5,1330.5,1380.0,2636.0,1,1,4,1.148148148148148,1.0,1.0,1.0,4,4,4.0,4.0,4.0,4.0,"Hypergraph(num_v=31, num_e=5)",False,0.10498380661010742
1991,STATS,019-130-augF2,orig,0.00538325309753418,0.015104055404663,1,5,14,10,4,9615.7,1,176582,55575.0,1.0,1.0,101290.0,1.0,5.0,2.5,1.0,2.0,3.5,1,1,4,1.148148148148148,1.0,1.0,1.0,4,4,4.0,4.0,4.0,4.0,"Hypergraph(num_v=31, num_e=5)",False,0.00972080230712882
1992,STATS,019-130-augF2-augA1,orig,0.005427122116088867,0.0149874687194824,1,5,14,10,4,9615.7,1,176582,55575.0,1.0,1.0,101290.0,1.0,5.0,2.5,1.0,2.0,3.5,1,1,4,1.148148148148148,1.0,1.0,1.0,4,4,4.0,4.0,4.0,4.0,"Hypergraph(num_v=31, num_e=5)",False,0.009560346603393532
1993,STATS,019-130-augF2-augA2,orig,0.0055980682373046875,0.3638792037963867,1,5,14,10,4,9615.7,1,176582,55575.0,1.0,1.0,101290.0,1.0,5.0,2.5,1.0,2.0,3.5,2,1,4,1.148148148148148,1.0,1.0,1.0,1,3,2.0,2.0,1.5,2.5,"Hypergraph(num_v=31, num_e=5)",False,0.35828113555908203
1994,STATS,019-130-augF2-augA3,orig,0.0050547122955322266,0.0177347660064697,1,5,14,10,4,9615.7,1,176582,55575.0,1.0,1.0,101290.0,1.0,5.0,2.5,1.0,2.0,3.5,2,1,4,1.148148148148148,1.0,1.0,1.0,1,3,2.0,2.0,1.5,2.5,"Hypergraph(num_v=31, num_e=5)",False,0.012680053710937472
1995,STATS,019-130-augF2-augA4,orig,0.005707502365112305,0.2218432426452636,1,5,14,10,4,9615.7,1,176582,55575.0,1.0,1.0,101290.0,1.0,5.0,2.5,1.0,2.0,3.5,1,1,4,1.148148148148148,1.0,1.0,1.0,4,4,4.0,4.0,4.0,4.0,"Hypergraph(num_v=31, num_e=5)",False,0.21613574028015128
1996,STATS,020-027,orig,0.05299186706542969,0.1031887531280517,1,4,11,8,3,30682.23,1,91060,42835.0,597.25,40139.5,82377.25,83.0,6696858.0,2234234.0,2922.0,5761.0,3351309.5,1,1,4,1.125,1.0,1.0,1.0,3,3,3.0,3.0,3.0,3.0,"Hypergraph(num_v=27, num_e=4)",True,0.050196886062622015
1997,STATS,020-027-augA1,orig,0.05599331855773926,0.0671873092651367,1,4,11,8,3,30682.23,1,91060,42835.0,597.25,40139.5,82377.25,83.0,6696858.0,2234234.0,2922.0,5761.0,3351309.5,2,1,4,1.125,1.0,1.0,1.0,1,2,1.5,1.5,1.25,1.75,"Hypergraph(num_v=27, num_e=4)",False,0.011193990707397447
1998,STATS,020-027-augA2,orig,0.05267143249511719,0.1616437435150146,1,4,11,8,3,30682.23,1,91060,42835.0,597.25,40139.5,82377.25,83.0,6696858.0,2234234.0,2922.0,5761.0,3351309.5,2,1,4,1.125,1.0,1.0,1.0,1,2,1.5,1.5,1.25,1.75,"Hypergraph(num_v=27, num_e=4)",False,0.1089723110198974
1999,STATS,020-027-augA3,orig,0.052902936935424805,0.1020948886871337,1,4,11,8,3,30682.23,1,91060,42835.0,597.25,40139.5,82377.25,83.0,6696858.0,2234234.0,2922.0,5761.0,3351309.5,1,1,4,1.125,1.0,1.0,1.0,3,3,3.0,3.0,3.0,3.0,"Hypergraph(num_v=27, num_e=4)",False,0.0491919517517089
2000,STATS,020-027-augF1,orig,0.05281543731689453,0.0753047466278076,1,4,11,8,3,34899.68,1,91060,42883.5,742.75,40236.5,82377.25,103.0,8324086.0,2777116.6666666665,3632.0,7161.0,4165623.5,2,1,4,1.125,1.0,1.0,1.0,1,2,1.5,1.5,1.25,1.75,"Hypergraph(num_v=27, num_e=4)",False,0.022489309310913072
2001,STATS,020-027-augF1-augA1,orig,0.05669832229614258,0.113938570022583,1,4,11,8,3,34899.68,1,91060,42883.5,742.75,40236.5,82377.25,103.0,8324086.0,2777116.6666666665,3632.0,7161.0,4165623.5,1,1,4,1.125,1.0,1.0,1.0,3,3,3.0,3.0,3.0,3.0,"Hypergraph(num_v=27, num_e=4)",False,0.057240247726440416
2002,STATS,020-027-augF1-augA2,orig,0.053726911544799805,0.1616015434265136,1,4,11,8,3,34899.68,1,91060,42883.5,742.75,40236.5,82377.25,103.0,8324086.0,2777116.6666666665,3632.0,7161.0,4165623.5,2,1,4,1.125,1.0,1.0,1.0,1,2,1.5,1.5,1.25,1.75,"Hypergraph(num_v=27, num_e=4)",False,0.10787463188171378
2003,STATS,020-027-augF1-augA3,orig,0.05429196357727051,0.1018896102905273,1,4,11,8,3,34899.68,1,91060,42883.5,742.75,40236.5,82377.25,103.0,8324086.0,2777116.6666666665,3632.0,7161.0,4165623.5,1,1,4,1.125,1.0,1.0,1.0,3,3,3.0,3.0,3.0,3.0,"Hypergraph(num_v=27, num_e=4)",False,0.047597646713256794
2004,STATS,020-027-augF2,orig,0.046387672424316406,0.0982959270477294,1,4,11,8,3,24945.69,1,79483,35606.5,597.25,31471.0,66480.25,83.0,4570425.0,1524813.3333333333,2007.5,3932.0,2287178.5,1,1,4,1.125,1.0,1.0,1.0,3,3,3.0,3.0,3.0,3.0,"Hypergraph(num_v=27, num_e=4)",False,0.05190825462341299
2005,STATS,020-027-augF2-augA1,orig,0.050428152084350586,0.0909759998321533,1,4,11,8,3,24945.69,1,79483,35606.5,597.25,31471.0,66480.25,83.0,4570425.0,1524813.3333333333,2007.5,3932.0,2287178.5,1,1,4,1.125,1.0,1.0,1.0,3,3,3.0,3.0,3.0,3.0,"Hypergraph(num_v=27, num_e=4)",False,0.04054784774780272
2006,STATS,020-027-augF2-augA2,orig,0.04674386978149414,0.0938618183135986,1,4,11,8,3,24945.69,1,79483,35606.5,597.25,31471.0,66480.25,83.0,4570425.0,1524813.3333333333,2007.5,3932.0,2287178.5,1,1,4,1.125,1.0,1.0,1.0,3,3,3.0,3.0,3.0,3.0,"Hypergraph(num_v=27, num_e=4)",False,0.047117948532104464
2007,STATS,020-027-augF2-augA3,orig,0.047457218170166016,0.0856146812438964,1,4,11,8,3,24945.69,1,79483,35606.5,597.25,31471.0,66480.25,83.0,4570425.0,1524813.3333333333,2007.5,3932.0,2287178.5,1,1,4,1.125,1.0,1.0,1.0,3,3,3.0,3.0,3.0,3.0,"Hypergraph(num_v=27, num_e=4)",False,0.038157463073730385
2008,STATS,021-036,orig,0.04760289192199707,0.0790612697601318,1,4,9,6,3,18829.92,1,79851,40088.0,747.25,40250.0,79590.75,105.0,2319269.0,773216.3333333334,190.0,275.0,1159772.0,2,1,4,1.1764705882352942,1.0,1.0,1.0,1,2,1.5,1.5,1.25,1.75,"Hypergraph(num_v=20, num_e=4)",True,0.031458377838134724
2009,STATS,021-036-augA1,orig,0.04700589179992676,0.1061313152313232,1,4,9,6,3,18829.92,1,79851,40088.0,747.25,40250.0,79590.75,105.0,2319269.0,773216.3333333334,190.0,275.0,1159772.0,2,1,4,1.1764705882352942,1.0,1.0,1.0,1,2,1.5,1.5,1.25,1.75,"Hypergraph(num_v=20, num_e=4)",False,0.05912542343139644
2010,STATS,021-036-augA2,orig,0.04996013641357422,0.1107335090637207,1,4,9,6,3,18829.92,1,79851,40088.0,747.25,40250.0,79590.75,105.0,2319269.0,773216.3333333334,190.0,275.0,1159772.0,1,1,4,1.1764705882352942,1.0,1.0,1.0,3,3,3.0,3.0,3.0,3.0,"Hypergraph(num_v=20, num_e=4)",False,0.060773372650146484
2011,STATS,021-036-augA3,orig,0.047647953033447266,0.0950493812561035,1,4,9,6,3,18829.92,1,79851,40088.0,747.25,40250.0,79590.75,105.0,2319269.0,773216.3333333334,190.0,275.0,1159772.0,1,1,4,1.1764705882352942,1.0,1.0,1.0,3,3,3.0,3.0,3.0,3.0,"Hypergraph(num_v=20, num_e=4)",False,0.047401428222656236
2012,STATS,021-036-augF1,orig,0.01648092269897461,0.0653722286224365,1,4,9,6,3,11006.14,1,79851,39839.25,1.0,39752.5,79590.75,16.0,2342.0,791.6666666666666,16.5,17.0,1179.5,2,1,4,1.1764705882352942,1.0,1.0,1.0,1,2,1.5,1.5,1.25,1.75,"Hypergraph(num_v=20, num_e=4)",False,0.048891305923461886
2013,STATS,021-036-augF1-augA1,orig,0.01595473289489746,0.1549656391143798,1,4,9,6,3,11006.14,1,79851,39839.25,1.0,39752.5,79590.75,16.0,2342.0,791.6666666666666,16.5,17.0,1179.5,2,1,4,1.1764705882352942,1.0,1.0,1.0,1,2,1.5,1.5,1.25,1.75,"Hypergraph(num_v=20, num_e=4)",False,0.13901090621948234
2014,STATS,021-036-augF1-augA2,orig,0.016861438751220703,0.024113655090332,1,4,9,6,3,11006.14,1,79851,39839.25,1.0,39752.5,79590.75,16.0,2342.0,791.6666666666666,16.5,17.0,1179.5,1,1,4,1.1764705882352942,1.0,1.0,1.0,3,3,3.0,3.0,3.0,3.0,"Hypergraph(num_v=20, num_e=4)",False,0.007252216339111297
2015,STATS,021-036-augF1-augA3,orig,0.01704573631286621,0.0237376689910888,1,4,9,6,3,11006.14,1,79851,39839.25,1.0,39752.5,79590.75,16.0,2342.0,791.6666666666666,16.5,17.0,1179.5,1,1,4,1.1764705882352942,1.0,1.0,1.0,3,3,3.0,3.0,3.0,3.0,"Hypergraph(num_v=20, num_e=4)",False,0.00669193267822259
2016,STATS,021-036-augF2,orig,0.046390533447265625,0.0655658245086669,1,4,9,6,3,18694.28,1,79851,40082.5,730.75,40239.0,79590.75,102.0,2268588.0,756319.6666666666,185.5,269.0,1134428.5,2,1,4,1.1764705882352942,1.0,1.0,1.0,1,2,1.5,1.5,1.25,1.75,"Hypergraph(num_v=20, num_e=4)",False,0.01917529106140127
2017,STATS,021-036-augF2-augA1,orig,0.04714536666870117,0.0841810703277587,1,4,9,6,3,18694.28,1,79851,40082.5,730.75,40239.0,79590.75,102.0,2268588.0,756319.6666666666,185.5,269.0,1134428.5,1,1,4,1.1764705882352942,1.0,1.0,1.0,3,3,3.0,3.0,3.0,3.0,"Hypergraph(num_v=20, num_e=4)",False,0.037035703659057534
2018,STATS,021-036-augF2-augA2,orig,0.04965686798095703,0.0821654796600341,1,4,9,6,3,18694.28,1,79851,40082.5,730.75,40239.0,79590.75,102.0,2268588.0,756319.6666666666,185.5,269.0,1134428.5,1,1,4,1.1764705882352942,1.0,1.0,1.0,3,3,3.0,3.0,3.0,3.0,"Hypergraph(num_v=20, num_e=4)",False,0.032508611679077065
2019,STATS,021-036-augF2-augA3,orig,0.046785831451416016,0.0865695476531982,1,4,9,6,3,18694.28,1,79851,40082.5,730.75,40239.0,79590.75,102.0,2268588.0,756319.6666666666,185.5,269.0,1134428.5,1,1,4,1.1764705882352942,1.0,1.0,1.0,3,3,3.0,3.0,3.0,3.0,"Hypergraph(num_v=20, num_e=4)",False,0.039783716201782185
2020,STATS,022-125,orig,0.08080554008483887,0.1139113903045654,1,4,10,7,3,20444.79,25504,192676,82763.75,31825.75,56437.5,107375.5,39088.0,1790229.0,631915.3333333334,52758.5,66429.0,928329.0,2,1,4,1.1764705882352942,1.0,1.0,1.0,1,2,1.5,1.5,1.25,1.75,"Hypergraph(num_v=20, num_e=4)",True,0.033105850219726535
2021,STATS,022-125-augA1,orig,0.07665657997131348,0.1013896465301513,1,4,10,7,3,20444.79,25504,192676,82763.75,31825.75,56437.5,107375.5,39088.0,1790229.0,631915.3333333334,52758.5,66429.0,928329.0,2,1,4,1.1764705882352942,1.0,1.0,1.0,1,2,1.5,1.5,1.25,1.75,"Hypergraph(num_v=20, num_e=4)",False,0.02473306655883782
2022,STATS,022-125-augA2,orig,0.07903623580932617,0.1416831016540527,1,4,10,7,3,20444.79,25504,192676,82763.75,31825.75,56437.5,107375.5,39088.0,1790229.0,631915.3333333334,52758.5,66429.0,928329.0,1,1,4,1.1764705882352942,1.0,1.0,1.0,3,3,3.0,3.0,3.0,3.0,"Hypergraph(num_v=20, num_e=4)",False,0.06264686584472653
2023,STATS,022-125-augA3,orig,0.07828330993652344,0.150547981262207,1,4,10,7,3,20444.79,25504,192676,82763.75,31825.75,56437.5,107375.5,39088.0,1790229.0,631915.3333333334,52758.5,66429.0,928329.0,1,1,4,1.1764705882352942,1.0,1.0,1.0,3,3,3.0,3.0,3.0,3.0,"Hypergraph(num_v=20, num_e=4)",False,0.07226467132568357
2024,STATS,022-125-augF1,orig,0.06119203567504883,0.0809578895568847,1,4,10,7,3,18508.71,24289,192676,80352.75,25200.25,52223.0,107375.5,27979.0,1281434.0,452320.6666666667,37764.0,47549.0,664491.5,2,1,4,1.1764705882352942,1.0,1.0,1.0,1,2,1.5,1.5,1.25,1.75,"Hypergraph(num_v=20, num_e=4)",False,0.019765853881835868
2025,STATS,022-125-augF1-augA1,orig,0.062435150146484375,0.1115438938140869,1,4,10,7,3,18508.71,24289,192676,80352.75,25200.25,52223.0,107375.5,27979.0,1281434.0,452320.6666666667,37764.0,47549.0,664491.5,2,1,4,1.1764705882352942,1.0,1.0,1.0,1,2,1.5,1.5,1.25,1.75,"Hypergraph(num_v=20, num_e=4)",False,0.049108743667602525
2026,STATS,022-125-augF1-augA2,orig,0.06273317337036133,0.1458659172058105,1,4,10,7,3,18508.71,24289,192676,80352.75,25200.25,52223.0,107375.5,27979.0,1281434.0,452320.6666666667,37764.0,47549.0,664491.5,1,1,4,1.1764705882352942,1.0,1.0,1.0,3,3,3.0,3.0,3.0,3.0,"Hypergraph(num_v=20, num_e=4)",False,0.08313274383544916
2027,STATS,022-125-augF1-augA3,orig,0.06380653381347656,0.1248631477355957,1,4,10,7,3,18508.71,24289,192676,80352.75,25200.25,52223.0,107375.5,27979.0,1281434.0,452320.6666666667,37764.0,47549.0,664491.5,2,1,4,1.1764705882352942,1.0,1.0,1.0,1,2,1.5,1.5,1.25,1.75,"Hypergraph(num_v=20, num_e=4)",False,0.06105661392211914
2028,STATS,022-125-augF2,orig,0.06197333335876465,0.1020007133483886,1,4,10,7,3,15286.92,25504,78942,43260.0,31825.75,34297.0,45731.25,6193.0,322045.0,131555.66666666666,36311.0,66429.0,194237.0,2,1,4,1.1764705882352942,1.0,1.0,1.0,1,2,1.5,1.5,1.25,1.75,"Hypergraph(num_v=20, num_e=4)",False,0.040027379989623954
2029,STATS,022-125-augF2-augA1,orig,0.062468528747558594,0.0952255725860595,1,4,10,7,3,15286.92,25504,78942,43260.0,31825.75,34297.0,45731.25,6193.0,322045.0,131555.66666666666,36311.0,66429.0,194237.0,1,1,4,1.1764705882352942,1.0,1.0,1.0,3,3,3.0,3.0,3.0,3.0,"Hypergraph(num_v=20, num_e=4)",False,0.03275704383850091
2030,STATS,022-125-augF2-augA2,orig,0.06205868721008301,0.1156296730041503,1,4,10,7,3,15286.92,25504,78942,43260.0,31825.75,34297.0,45731.25,6193.0,322045.0,131555.66666666666,36311.0,66429.0,194237.0,1,1,4,1.1764705882352942,1.0,1.0,1.0,3,3,3.0,3.0,3.0,3.0,"Hypergraph(num_v=20, num_e=4)",False,0.053570985794067286
2031,STATS,022-125-augF2-augA3,orig,0.06171917915344238,0.0765383243560791,1,4,10,7,3,15286.92,25504,78942,43260.0,31825.75,34297.0,45731.25,6193.0,322045.0,131555.66666666666,36311.0,66429.0,194237.0,2,1,4,1.1764705882352942,1.0,1.0,1.0,1,2,1.5,1.5,1.25,1.75,"Hypergraph(num_v=20, num_e=4)",False,0.014819145202636719
2032,STATS,023-018,orig,0.05093121528625488,0.0876047611236572,1,3,4,2,2,9883.4,11102,176636,92936.66666666669,51087.0,91072.0,133854.0,10993.0,21112.0,16052.5,13522.75,16052.5,18582.25,1,1,3,1.1111111111111112,1.0,1.0,1.0,2,2,2.0,2.0,2.0,2.0,"Hypergraph(num_v=20, num_e=3)",True,0.036673545837402316
2033,STATS,023-018-augA1,orig,0.04929304122924805,0.2627439498901367,1,3,4,2,2,9883.4,11102,176636,92936.66666666669,51087.0,91072.0,133854.0,10993.0,21112.0,16052.5,13522.75,16052.5,18582.25,2,1,3,1.1111111111111112,1.0,1.0,1.0,1,1,1.0,1.0,1.0,1.0,"Hypergraph(num_v=20, num_e=3)",False,0.21345090866088867
2034,STATS,023-018-augA2,orig,0.049309730529785156,0.05739426612854,1,3,4,2,2,9883.4,11102,176636,92936.66666666669,51087.0,91072.0,133854.0,10993.0,21112.0,16052.5,13522.75,16052.5,18582.25,2,1,3,1.1111111111111112,1.0,1.0,1.0,1,1,1.0,1.0,1.0,1.0,"Hypergraph(num_v=20, num_e=3)",False,0.008084535598754841
2035,STATS,023-018-augF1,orig,0.049378395080566406,0.2021882534027099,1,3,4,2,2,9887.71,11102,176636,93021.66666666669,51214.5,91327.0,133981.5,11024.0,21171.0,16097.5,13560.75,16097.5,18634.25,1,1,3,1.1111111111111112,1.0,1.0,1.0,2,2,2.0,2.0,2.0,2.0,"Hypergraph(num_v=20, num_e=3)",False,0.1528098583221435
2036,STATS,023-018-augF1-augA1,orig,0.04951190948486328,0.2629015445709228,1,3,4,2,2,9887.71,11102,176636,93021.66666666669,51214.5,91327.0,133981.5,11024.0,21171.0,16097.5,13560.75,16097.5,18634.25,2,1,3,1.1111111111111112,1.0,1.0,1.0,1,1,1.0,1.0,1.0,1.0,"Hypergraph(num_v=20, num_e=3)",False,0.21338963508605951
2037,STATS,023-018-augF1-augA2,orig,0.050864219665527344,0.0538902282714843,1,3,4,2,2,9887.71,11102,176636,93021.66666666669,51214.5,91327.0,133981.5,11024.0,21171.0,16097.5,13560.75,16097.5,18634.25,2,1,3,1.1111111111111112,1.0,1.0,1.0,1,1,1.0,1.0,1.0,1.0,"Hypergraph(num_v=20, num_e=3)",False,0.003026008605956955
2038,STATS,023-018-augF2,orig,0.04331207275390625,0.1016867160797119,1,3,4,2,2,9368.5,11102,91072,60208.0,44776.0,78450.0,84761.0,9376.0,10993.0,10184.5,9780.25,10184.5,10588.75,1,1,3,1.1111111111111112,1.0,1.0,1.0,2,2,2.0,2.0,2.0,2.0,"Hypergraph(num_v=20, num_e=3)",False,0.05837464332580565
2039,STATS,023-018-augF2-augA1,orig,0.04275321960449219,0.1126556396484375,1,3,4,2,2,9368.5,11102,91072,60208.0,44776.0,78450.0,84761.0,9376.0,10993.0,10184.5,9780.25,10184.5,10588.75,2,1,3,1.1111111111111112,1.0,1.0,1.0,1,1,1.0,1.0,1.0,1.0,"Hypergraph(num_v=20, num_e=3)",False,0.06990242004394531
2040,STATS,023-018-augF2-augA2,orig,0.04314112663269043,0.0485334396362304,1,3,4,2,2,9368.5,11102,91072,60208.0,44776.0,78450.0,84761.0,9376.0,10993.0,10184.5,9780.25,10184.5,10588.75,2,1,3,1.1111111111111112,1.0,1.0,1.0,1,1,1.0,1.0,1.0,1.0,"Hypergraph(num_v=20, num_e=3)",False,0.00539231300353997
2041,STATS,024-017,orig,0.021260499954223633,0.0720858573913574,1,3,3,1,2,10647.9,1,192979,64670.66666666666,516.5,1032.0,97005.5,590.0,9563.0,5076.5,2833.25,5076.5,7319.75,1,1,2,1.0555555555555556,1.0,1.0,1.0,2,2,2.0,2.0,2.0,2.0,"Hypergraph(num_v=19, num_e=3)",True,0.05082535743713376
2042,STATS,024-017-augA1,orig,0.021806716918945312,0.1225361824035644,1,3,3,1,2,10647.9,1,192979,64670.66666666666,516.5,1032.0,97005.5,590.0,9563.0,5076.5,2833.25,5076.5,7319.75,2,1,2,1.0555555555555556,1.0,1.0,1.0,1,1,1.0,1.0,1.0,1.0,"Hypergraph(num_v=19, num_e=3)",False,0.10072946548461909
2043,STATS,024-017-augA2,orig,0.021808862686157227,0.0317385196685791,1,3,3,1,2,10647.9,1,192979,64670.66666666666,516.5,1032.0,97005.5,590.0,9563.0,5076.5,2833.25,5076.5,7319.75,2,1,2,1.0555555555555556,1.0,1.0,1.0,1,1,1.0,1.0,1.0,1.0,"Hypergraph(num_v=19, num_e=3)",False,0.009929656982421875
2044,STATS,024-017-augF1,orig,0.020851850509643555,0.0709230899810791,1,3,3,1,2,10608.11,1,192979,64670.66666666666,516.5,1032.0,97005.5,405.0,6565.0,3485.0,1945.0,3485.0,5025.0,1,1,2,1.0555555555555556,1.0,1.0,1.0,2,2,2.0,2.0,2.0,2.0,"Hypergraph(num_v=19, num_e=3)",False,0.05007123947143555
2045,STATS,024-017-augF1-augA1,orig,0.021326541900634766,0.1041922569274902,1,3,3,1,2,10608.11,1,192979,64670.66666666666,516.5,1032.0,97005.5,405.0,6565.0,3485.0,1945.0,3485.0,5025.0,2,1,2,1.0555555555555556,1.0,1.0,1.0,1,1,1.0,1.0,1.0,1.0,"Hypergraph(num_v=19, num_e=3)",False,0.08286571502685544
2046,STATS,024-017-augF1-augA2,orig,0.02156543731689453,0.0296838283538818,1,3,3,1,2,10608.11,1,192979,64670.66666666666,516.5,1032.0,97005.5,405.0,6565.0,3485.0,1945.0,3485.0,5025.0,2,1,2,1.0555555555555556,1.0,1.0,1.0,1,1,1.0,1.0,1.0,1.0,"Hypergraph(num_v=19, num_e=3)",False,0.00811839103698727
2047,STATS,025-001,orig,0.02410578727722168,0.0253634452819824,1,2,2,1,1,2944.9,40325,79851,60088.0,50206.5,60088.0,69969.5,79851.0,79851.0,79851.0,79851.0,79851.0,79851.0,1,1,2,1.125,1.0,1.0,1.0,1,1,1.0,1.0,1.0,1.0,"Hypergraph(num_v=9, num_e=2)",True,0.0012576580047607214
2048,STATS,025-001-augA1,orig,0.023955106735229492,0.0304281711578369,1,2,2,1,1,2944.9,40325,79851,60088.0,50206.5,60088.0,69969.5,79851.0,79851.0,79851.0,79851.0,79851.0,79851.0,1,1,2,1.125,1.0,1.0,1.0,1,1,1.0,1.0,1.0,1.0,"Hypergraph(num_v=9, num_e=2)",False,0.006473064422607408
2049,STATS,025-001-augF1,orig,0.013817548751831055,0.0150556564331054,1,2,2,1,1,2275.35,1956,79851,40903.5,21429.75,40903.5,60377.25,3873.0,3873.0,3873.0,3873.0,3873.0,3873.0,1,1,2,1.125,1.0,1.0,1.0,1,1,1.0,1.0,1.0,1.0,"Hypergraph(num_v=9, num_e=2)",False,0.0012381076812743447
2050,STATS,025-001-augF1-augA1,orig,0.014203310012817383,0.0232465267181396,1,2,2,1,1,2275.35,1956,79851,40903.5,21429.75,40903.5,60377.25,3873.0,3873.0,3873.0,3873.0,3873.0,3873.0,1,1,2,1.125,1.0,1.0,1.0,1,1,1.0,1.0,1.0,1.0,"Hypergraph(num_v=9, num_e=2)",False,0.009043216705322217
2051,STATS,026-066,orig,0.12557554244995117,0.4300353527069092,1,6,17,12,5,20023.26,1,101433,27450.666666666668,198.5,5946.5,41307.5,83.0,27676.0,8461.8,3111.0,3276.0,8163.0,1,1,4,1.15625,1.0,1.0,1.0,5,5,5.0,5.0,5.0,5.0,"Hypergraph(num_v=37, num_e=6)",True,0.304459810256958
2052,STATS,026-066-augA1,orig,0.1212913990020752,0.203972578048706,1,6,17,12,5,20023.26,1,101433,27450.666666666668,198.5,5946.5,41307.5,83.0,27676.0,8461.8,3111.0,3276.0,8163.0,1,1,4,1.15625,1.0,1.0,1.0,5,5,5.0,5.0,5.0,5.0,"Hypergraph(num_v=37, num_e=6)",False,0.0826811790466308
2053,STATS,026-066-augA2,orig,0.12807369232177734,0.3553817272186279,1,6,17,12,5,20023.26,1,101433,27450.666666666668,198.5,5946.5,41307.5,83.0,27676.0,8461.8,3111.0,3276.0,8163.0,2,1,4,1.15625,1.0,1.0,1.0,1,4,2.5,2.5,1.75,3.25,"Hypergraph(num_v=37, num_e=6)",False,0.22730803489685053
2054,STATS,026-066-augA3,orig,0.12378501892089844,0.3651208877563476,1,6,17,12,5,20023.26,1,101433,27450.666666666668,198.5,5946.5,41307.5,83.0,27676.0,8461.8,3111.0,3276.0,8163.0,2,1,4,1.15625,1.0,1.0,1.0,1,4,2.5,2.5,1.75,3.25,"Hypergraph(num_v=37, num_e=6)",False,0.24133586883544916
2055,STATS,026-066-augA4,orig,0.12713336944580078,0.318540096282959,1,6,17,12,5,20023.26,1,101433,27450.666666666668,198.5,5946.5,41307.5,83.0,27676.0,8461.8,3111.0,3276.0,8163.0,2,1,4,1.15625,1.0,1.0,1.0,1,4,2.5,2.5,1.75,3.25,"Hypergraph(num_v=37, num_e=6)",False,0.1914067268371582
2056,STATS,026-066-augA5,orig,0.12501168251037598,0.1603333950042724,1,6,17,12,5,20023.26,1,101433,27450.666666666668,198.5,5946.5,41307.5,83.0,27676.0,8461.8,3111.0,3276.0,8163.0,1,1,4,1.15625,1.0,1.0,1.0,5,5,5.0,5.0,5.0,5.0,"Hypergraph(num_v=37, num_e=6)",False,0.03532171249389643
2057,STATS,026-066-augF1,orig,0.12535595893859863,0.3155152797698974,1,6,17,12,5,20020.76,1,101433,27450.666666666668,198.5,5946.5,41307.5,83.0,27676.0,8414.2,2995.0,3154.0,8163.0,1,1,4,1.15625,1.0,1.0,1.0,5,5,5.0,5.0,5.0,5.0,"Hypergraph(num_v=37, num_e=6)",False,0.19015932083129877
2058,STATS,026-066-augF1-augA1,orig,0.11867952346801758,0.2039985656738281,1,6,17,12,5,20020.76,1,101433,27450.666666666668,198.5,5946.5,41307.5,83.0,27676.0,8414.2,2995.0,3154.0,8163.0,1,1,4,1.15625,1.0,1.0,1.0,5,5,5.0,5.0,5.0,5.0,"Hypergraph(num_v=37, num_e=6)",False,0.08531904220581052
2059,STATS,026-066-augF1-augA2,orig,0.1232614517211914,0.3903806209564209,1,6,17,12,5,20020.76,1,101433,27450.666666666668,198.5,5946.5,41307.5,83.0,27676.0,8414.2,2995.0,3154.0,8163.0,2,1,4,1.15625,1.0,1.0,1.0,1,4,2.5,2.5,1.75,3.25,"Hypergraph(num_v=37, num_e=6)",False,0.2671191692352295
2060,STATS,026-066-augF1-augA3,orig,0.12117886543273926,0.1220746040344238,1,6,17,12,5,20020.76,1,101433,27450.666666666668,198.5,5946.5,41307.5,83.0,27676.0,8414.2,2995.0,3154.0,8163.0,2,1,4,1.15625,1.0,1.0,1.0,1,4,2.5,2.5,1.75,3.25,"Hypergraph(num_v=37, num_e=6)",False,0.0008957386016845426
2061,STATS,026-066-augF1-augA4,orig,0.12353086471557617,0.1798915863037109,1,6,17,12,5,20020.76,1,101433,27450.666666666668,198.5,5946.5,41307.5,83.0,27676.0,8414.2,2995.0,3154.0,8163.0,2,1,4,1.15625,1.0,1.0,1.0,1,4,2.5,2.5,1.75,3.25,"Hypergraph(num_v=37, num_e=6)",False,0.05636072158813474
2062,STATS,026-066-augF1-augA5,orig,0.12249946594238281,0.4167120456695556,1,6,17,12,5,20020.76,1,101433,27450.666666666668,198.5,5946.5,41307.5,83.0,27676.0,8414.2,2995.0,3154.0,8163.0,1,1,4,1.15625,1.0,1.0,1.0,5,5,5.0,5.0,5.0,5.0,"Hypergraph(num_v=37, num_e=6)",False,0.2942125797271728
2063,STATS,026-066-augF2,orig,0.13810944557189941,0.4380998611450195,1,6,17,12,5,20361.95,1,101433,42514.0,3507.5,31239.0,80491.0,102.0,12006.0,6175.8,3840.0,4044.0,10887.0,1,1,4,1.15625,1.0,1.0,1.0,5,5,5.0,5.0,5.0,5.0,"Hypergraph(num_v=37, num_e=6)",False,0.29999041557312006
2064,STATS,026-066-augF2-augA1,orig,0.13490009307861328,0.1932699680328369,1,6,17,12,5,20361.95,1,101433,42514.0,3507.5,31239.0,80491.0,102.0,12006.0,6175.8,3840.0,4044.0,10887.0,1,1,4,1.15625,1.0,1.0,1.0,5,5,5.0,5.0,5.0,5.0,"Hypergraph(num_v=37, num_e=6)",False,0.058369874954223605
2065,STATS,026-066-augF2-augA2,orig,0.1395564079284668,0.4138178825378418,1,6,17,12,5,20361.95,1,101433,42514.0,3507.5,31239.0,80491.0,102.0,12006.0,6175.8,3840.0,4044.0,10887.0,2,1,4,1.15625,1.0,1.0,1.0,1,4,2.5,2.5,1.75,3.25,"Hypergraph(num_v=37, num_e=6)",False,0.274261474609375
2066,STATS,026-066-augF2-augA3,orig,0.12985754013061523,0.3245034217834472,1,6,17,12,5,20361.95,1,101433,42514.0,3507.5,31239.0,80491.0,102.0,12006.0,6175.8,3840.0,4044.0,10887.0,2,1,4,1.15625,1.0,1.0,1.0,1,4,2.5,2.5,1.75,3.25,"Hypergraph(num_v=37, num_e=6)",False,0.19464588165283198
2067,STATS,026-066-augF2-augA4,orig,0.13823843002319336,0.3397402763366699,1,6,17,12,5,20361.95,1,101433,42514.0,3507.5,31239.0,80491.0,102.0,12006.0,6175.8,3840.0,4044.0,10887.0,2,1,4,1.15625,1.0,1.0,1.0,1,4,2.5,2.5,1.75,3.25,"Hypergraph(num_v=37, num_e=6)",False,0.20150184631347656
2068,STATS,026-066-augF2-augA5,orig,0.13768482208251953,0.236189603805542,1,6,17,12,5,20361.95,1,101433,42514.0,3507.5,31239.0,80491.0,102.0,12006.0,6175.8,3840.0,4044.0,10887.0,1,1,4,1.15625,1.0,1.0,1.0,5,5,5.0,5.0,5.0,5.0,"Hypergraph(num_v=37, num_e=6)",False,0.09850478172302246
2069,STATS,027-132,rewr,0.25613999366760254,0.1176061630249023,1,5,15,11,4,289374.12,1659,102532,42632.2,19537.0,37748.0,51685.0,11989.0,103726445.0,26022980.0,73846.75,176743.0,26125876.25,2,1,5,1.1428571428571428,1.0,1.0,1.0,1,3,2.0,2.0,1.5,2.5,"Hypergraph(num_v=32, num_e=5)",True,-0.13853383064270025
2070,STATS,027-132-augA1,rewr,0.2799670696258545,0.1872835159301757,1,5,15,11,4,289374.12,1659,102532,42632.2,19537.0,37748.0,51685.0,11989.0,103726445.0,26022980.0,73846.75,176743.0,26125876.25,2,1,5,1.1428571428571428,1.0,1.0,1.0,1,3,2.0,2.0,1.5,2.5,"Hypergraph(num_v=32, num_e=5)",False,-0.0926835536956788
2071,STATS,027-132-augA2,rewr,0.25394368171691895,0.2121672630310058,1,5,15,11,4,289374.12,1659,102532,42632.2,19537.0,37748.0,51685.0,11989.0,103726445.0,26022980.0,73846.75,176743.0,26125876.25,1,1,5,1.1428571428571428,1.0,1.0,1.0,4,4,4.0,4.0,4.0,4.0,"Hypergraph(num_v=32, num_e=5)",False,-0.04177641868591314
2072,STATS,027-132-augA3,rewr,0.24881529808044434,0.135833740234375,1,5,15,11,4,289374.12,1659,102532,42632.2,19537.0,37748.0,51685.0,11989.0,103726445.0,26022980.0,73846.75,176743.0,26125876.25,1,1,5,1.1428571428571428,1.0,1.0,1.0,4,4,4.0,4.0,4.0,4.0,"Hypergraph(num_v=32, num_e=5)",False,-0.11298155784606934
2073,STATS,027-132-augA4,rewr,0.24190330505371094,0.1284084320068359,1,5,15,11,4,289374.12,1659,102532,42632.2,19537.0,37748.0,51685.0,11989.0,103726445.0,26022980.0,73846.75,176743.0,26125876.25,1,1,5,1.1428571428571428,1.0,1.0,1.0,4,4,4.0,4.0,4.0,4.0,"Hypergraph(num_v=32, num_e=5)",False,-0.11349487304687503
2074,STATS,027-132-augF1,rewr,0.24608683586120605,0.1422622203826904,1,5,15,11,4,288699.96,1659,102532,42622.2,19487.0,37748.0,51685.0,11989.0,103460984.0,25956449.0,73846.75,176411.5,26059013.75,2,1,5,1.1428571428571428,1.0,1.0,1.0,1,3,2.0,2.0,1.5,2.5,"Hypergraph(num_v=32, num_e=5)",False,-0.10382461547851565
2075,STATS,027-132-augF1-augA1,rewr,0.2878139019012451,0.1133491992950439,1,5,15,11,4,288699.96,1659,102532,42622.2,19487.0,37748.0,51685.0,11989.0,103460984.0,25956449.0,73846.75,176411.5,26059013.75,2,1,5,1.1428571428571428,1.0,1.0,1.0,1,3,2.0,2.0,1.5,2.5,"Hypergraph(num_v=32, num_e=5)",False,-0.17446470260620123
2076,STATS,027-132-augF1-augA2,rewr,0.25351762771606445,0.1247365474700927,1,5,15,11,4,288699.96,1659,102532,42622.2,19487.0,37748.0,51685.0,11989.0,103460984.0,25956449.0,73846.75,176411.5,26059013.75,2,1,5,1.1428571428571428,1.0,1.0,1.0,1,3,2.0,2.0,1.5,2.5,"Hypergraph(num_v=32, num_e=5)",False,-0.12878108024597174
2077,STATS,027-132-augF1-augA3,orig,0.24490833282470703,0.2910118103027344,1,5,15,11,4,288699.96,1659,102532,42622.2,19487.0,37748.0,51685.0,11989.0,103460984.0,25956449.0,73846.75,176411.5,26059013.75,2,1,5,1.1428571428571428,1.0,1.0,1.0,1,3,2.0,2.0,1.5,2.5,"Hypergraph(num_v=32, num_e=5)",False,0.046103477478027344
2078,STATS,027-132-augF1-augA4,rewr,0.24191999435424805,0.1624164581298828,1,5,15,11,4,288699.96,1659,102532,42622.2,19487.0,37748.0,51685.0,11989.0,103460984.0,25956449.0,73846.75,176411.5,26059013.75,1,1,5,1.1428571428571428,1.0,1.0,1.0,4,4,4.0,4.0,4.0,4.0,"Hypergraph(num_v=32, num_e=5)",False,-0.07950353622436523
2079,STATS,027-132-augF2,rewr,0.24875164031982422,0.1149377822875976,1,5,15,11,4,291868.53,1659,102532,42669.2,19722.0,37748.0,51685.0,11989.0,104708651.0,26269144.5,73846.75,177969.0,26373266.75,2,1,5,1.1428571428571428,1.0,1.0,1.0,1,3,2.0,2.0,1.5,2.5,"Hypergraph(num_v=32, num_e=5)",False,-0.13381385803222662
2080,STATS,027-132-augF2-augA1,rewr,0.2996947765350342,0.1179783344268798,1,5,15,11,4,291868.53,1659,102532,42669.2,19722.0,37748.0,51685.0,11989.0,104708651.0,26269144.5,73846.75,177969.0,26373266.75,2,1,5,1.1428571428571428,1.0,1.0,1.0,1,3,2.0,2.0,1.5,2.5,"Hypergraph(num_v=32, num_e=5)",False,-0.18171644210815438
2081,STATS,027-132-augF2-augA2,rewr,0.25435757637023926,0.1486783027648925,1,5,15,11,4,291868.53,1659,102532,42669.2,19722.0,37748.0,51685.0,11989.0,104708651.0,26269144.5,73846.75,177969.0,26373266.75,2,1,5,1.1428571428571428,1.0,1.0,1.0,1,3,2.0,2.0,1.5,2.5,"Hypergraph(num_v=32, num_e=5)",False,-0.10567927360534676
2082,STATS,027-132-augF2-augA3,rewr,0.251115083694458,0.1647043228149414,1,5,15,11,4,291868.53,1659,102532,42669.2,19722.0,37748.0,51685.0,11989.0,104708651.0,26269144.5,73846.75,177969.0,26373266.75,2,1,5,1.1428571428571428,1.0,1.0,1.0,1,3,2.0,2.0,1.5,2.5,"Hypergraph(num_v=32, num_e=5)",False,-0.0864107608795166
2083,STATS,027-132-augF2-augA4,rewr,0.2512185573577881,0.1411139965057373,1,5,15,11,4,291868.53,1659,102532,42669.2,19722.0,37748.0,51685.0,11989.0,104708651.0,26269144.5,73846.75,177969.0,26373266.75,1,1,5,1.1428571428571428,1.0,1.0,1.0,4,4,4.0,4.0,4.0,4.0,"Hypergraph(num_v=32, num_e=5)",False,-0.11010456085205078
2084,STATS,028-062,orig,0.05087089538574219,0.1658203601837158,1,6,12,7,5,12012.91,1,192979,48128.333333333336,1209.75,7969.0,62663.75,33.0,7067.0,1735.4,34.0,118.0,1425.0,2,1,4,1.1666666666666667,1.0,1.0,1.0,1,4,2.5,2.5,1.75,3.25,"Hypergraph(num_v=35, num_e=6)",True,0.1149494647979736
2085,STATS,028-062-augA1,orig,0.05077171325683594,0.1580684185028076,1,6,12,7,5,12012.91,1,192979,48128.333333333336,1209.75,7969.0,62663.75,33.0,7067.0,1735.4,34.0,118.0,1425.0,1,1,4,1.1666666666666667,1.0,1.0,1.0,5,5,5.0,5.0,5.0,5.0,"Hypergraph(num_v=35, num_e=6)",False,0.10729670524597165
2086,STATS,028-062-augA2,orig,0.0518651008605957,0.17643404006958,1,6,12,7,5,12012.91,1,192979,48128.333333333336,1209.75,7969.0,62663.75,33.0,7067.0,1735.4,34.0,118.0,1425.0,2,1,4,1.1666666666666667,1.0,1.0,1.0,1,4,2.5,2.5,1.75,3.25,"Hypergraph(num_v=35, num_e=6)",False,0.12456893920898429
2087,STATS,028-062-augA3,orig,0.04980182647705078,0.0966620445251464,1,6,12,7,5,12012.91,1,192979,48128.333333333336,1209.75,7969.0,62663.75,33.0,7067.0,1735.4,34.0,118.0,1425.0,2,1,4,1.1666666666666667,1.0,1.0,1.0,1,4,2.5,2.5,1.75,3.25,"Hypergraph(num_v=35, num_e=6)",False,0.04686021804809562
2088,STATS,028-062-augA4,orig,0.05021786689758301,0.1483948230743408,1,6,12,7,5,12012.91,1,192979,48128.333333333336,1209.75,7969.0,62663.75,33.0,7067.0,1735.4,34.0,118.0,1425.0,2,1,4,1.1666666666666667,1.0,1.0,1.0,1,4,2.5,2.5,1.75,3.25,"Hypergraph(num_v=35, num_e=6)",False,0.09817695617675778
2089,STATS,028-062-augA5,orig,0.05061817169189453,0.167001724243164,1,6,12,7,5,12012.91,1,192979,48128.333333333336,1209.75,7969.0,62663.75,33.0,7067.0,1735.4,34.0,118.0,1425.0,1,1,4,1.1666666666666667,1.0,1.0,1.0,5,5,5.0,5.0,5.0,5.0,"Hypergraph(num_v=35, num_e=6)",False,0.11638355255126948
2090,STATS,028-062-augF1,orig,0.015866756439208984,0.0217189788818359,1,6,12,7,5,11955.63,1,192979,48128.333333333336,1209.75,7969.0,62663.75,1.0,1425.0,313.6,1.0,2.0,139.0,2,1,4,1.1666666666666667,1.0,1.0,1.0,1,4,2.5,2.5,1.75,3.25,"Hypergraph(num_v=35, num_e=6)",False,0.005852222442626915
2091,STATS,028-062-augF1-augA1,orig,0.016356945037841797,0.09645676612854,1,6,12,7,5,11955.63,1,192979,48128.333333333336,1209.75,7969.0,62663.75,1.0,1425.0,313.6,1.0,2.0,139.0,1,1,4,1.1666666666666667,1.0,1.0,1.0,5,5,5.0,5.0,5.0,5.0,"Hypergraph(num_v=35, num_e=6)",False,0.0800998210906982
2092,STATS,028-062-augF1-augA2,orig,0.017595767974853516,0.1360301971435547,1,6,12,7,5,11955.63,1,192979,48128.333333333336,1209.75,7969.0,62663.75,1.0,1425.0,313.6,1.0,2.0,139.0,2,1,4,1.1666666666666667,1.0,1.0,1.0,1,4,2.5,2.5,1.75,3.25,"Hypergraph(num_v=35, num_e=6)",False,0.11843442916870117
2093,STATS,028-062-augF1-augA3,orig,0.015951871871948242,0.048185110092163,1,6,12,7,5,11955.63,1,192979,48128.333333333336,1209.75,7969.0,62663.75,1.0,1425.0,313.6,1.0,2.0,139.0,2,1,4,1.1666666666666667,1.0,1.0,1.0,1,4,2.5,2.5,1.75,3.25,"Hypergraph(num_v=35, num_e=6)",False,0.03223323822021476
2094,STATS,028-062-augF1-augA4,orig,0.01556253433227539,0.0220026969909667,1,6,12,7,5,11955.63,1,192979,48128.333333333336,1209.75,7969.0,62663.75,1.0,1425.0,313.6,1.0,2.0,139.0,2,1,4,1.1666666666666667,1.0,1.0,1.0,1,4,2.5,2.5,1.75,3.25,"Hypergraph(num_v=35, num_e=6)",False,0.006440162658691309
2095,STATS,028-062-augF1-augA5,orig,0.0166623592376709,0.1022689342498779,1,6,12,7,5,11955.63,1,192979,48128.333333333336,1209.75,7969.0,62663.75,1.0,1425.0,313.6,1.0,2.0,139.0,1,1,4,1.1666666666666667,1.0,1.0,1.0,5,5,5.0,5.0,5.0,5.0,"Hypergraph(num_v=35, num_e=6)",False,0.085606575012207
2096,STATS,028-062-augF2,orig,0.03477120399475098,0.1425151824951172,1,6,12,7,5,11958.12,1,192979,48128.333333333336,1209.75,7969.0,62663.75,2.0,1425.0,363.6,2.0,6.0,383.0,2,1,4,1.1666666666666667,1.0,1.0,1.0,1,4,2.5,2.5,1.75,3.25,"Hypergraph(num_v=35, num_e=6)",False,0.10774397850036621
2097,STATS,028-062-augF2-augA1,orig,0.034578800201416016,0.1476025581359863,1,6,12,7,5,11958.12,1,192979,48128.333333333336,1209.75,7969.0,62663.75,2.0,1425.0,363.6,2.0,6.0,383.0,1,1,4,1.1666666666666667,1.0,1.0,1.0,5,5,5.0,5.0,5.0,5.0,"Hypergraph(num_v=35, num_e=6)",False,0.11302375793457028
2098,STATS,028-062-augF2-augA2,orig,0.03464674949645996,0.1473348140716552,1,6,12,7,5,11958.12,1,192979,48128.333333333336,1209.75,7969.0,62663.75,2.0,1425.0,363.6,2.0,6.0,383.0,2,1,4,1.1666666666666667,1.0,1.0,1.0,1,4,2.5,2.5,1.75,3.25,"Hypergraph(num_v=35, num_e=6)",False,0.11268806457519523
2099,STATS,028-062-augF2-augA3,orig,0.0346527099609375,0.0849368572235107,1,6,12,7,5,11958.12,1,192979,48128.333333333336,1209.75,7969.0,62663.75,2.0,1425.0,363.6,2.0,6.0,383.0,2,1,4,1.1666666666666667,1.0,1.0,1.0,1,4,2.5,2.5,1.75,3.25,"Hypergraph(num_v=35, num_e=6)",False,0.0502841472625732
2100,STATS,028-062-augF2-augA4,orig,0.035393714904785156,0.1363334655761718,1,6,12,7,5,11958.12,1,192979,48128.333333333336,1209.75,7969.0,62663.75,2.0,1425.0,363.6,2.0,6.0,383.0,2,1,4,1.1666666666666667,1.0,1.0,1.0,1,4,2.5,2.5,1.75,3.25,"Hypergraph(num_v=35, num_e=6)",False,0.10093975067138664
2101,STATS,028-062-augF2-augA5,orig,0.03491091728210449,0.1502737998962402,1,6,12,7,5,11958.12,1,192979,48128.333333333336,1209.75,7969.0,62663.75,2.0,1425.0,363.6,2.0,6.0,383.0,1,1,4,1.1666666666666667,1.0,1.0,1.0,5,5,5.0,5.0,5.0,5.0,"Hypergraph(num_v=35, num_e=6)",False,0.11536288261413571
2102,STATS,029-023,orig,0.05663180351257324,0.0696601867675781,1,3,4,2,2,10413.77,39595,192979,104141.66666666669,59723.0,79851.0,136415.0,53986.0,78405.0,66195.5,60090.75,66195.5,72300.25,2,1,3,1.1538461538461535,1.0,1.0,1.0,1,1,1.0,1.0,1.0,1.0,"Hypergraph(num_v=15, num_e=3)",True,0.013028383255004855
2103,STATS,029-023-augA1,orig,0.058330535888671875,0.0802061557769775,1,3,4,2,2,10413.77,39595,192979,104141.66666666669,59723.0,79851.0,136415.0,53986.0,78405.0,66195.5,60090.75,66195.5,72300.25,2,1,3,1.1538461538461535,1.0,1.0,1.0,1,1,1.0,1.0,1.0,1.0,"Hypergraph(num_v=15, num_e=3)",False,0.021875619888305622
2104,STATS,029-023-augA2,orig,0.05652618408203125,0.0934805870056152,1,3,4,2,2,10413.77,39595,192979,104141.66666666669,59723.0,79851.0,136415.0,53986.0,78405.0,66195.5,60090.75,66195.5,72300.25,1,1,3,1.1538461538461535,1.0,1.0,1.0,2,2,2.0,2.0,2.0,2.0,"Hypergraph(num_v=15, num_e=3)",False,0.03695440292358396
2105,STATS,029-023-augF1,orig,0.0577242374420166,0.0752902030944824,1,3,4,2,2,10413.77,39595,192979,104141.66666666669,59723.0,79851.0,136415.0,53986.0,78405.0,66195.5,60090.75,66195.5,72300.25,1,1,3,1.1538461538461535,1.0,1.0,1.0,2,2,2.0,2.0,2.0,2.0,"Hypergraph(num_v=15, num_e=3)",False,0.017565965652465793
2106,STATS,029-023-augF1-augA1,orig,0.05827045440673828,0.107487678527832,1,3,4,2,2,10413.77,39595,192979,104141.66666666669,59723.0,79851.0,136415.0,53986.0,78405.0,66195.5,60090.75,66195.5,72300.25,1,1,3,1.1538461538461535,1.0,1.0,1.0,2,2,2.0,2.0,2.0,2.0,"Hypergraph(num_v=15, num_e=3)",False,0.04921722412109372
2107,STATS,029-023-augF1-augA2,orig,0.05701446533203125,0.0700507164001464,1,3,4,2,2,10413.77,39595,192979,104141.66666666669,59723.0,79851.0,136415.0,53986.0,78405.0,66195.5,60090.75,66195.5,72300.25,1,1,3,1.1538461538461535,1.0,1.0,1.0,2,2,2.0,2.0,2.0,2.0,"Hypergraph(num_v=15, num_e=3)",False,0.013036251068115151
2108,STATS,029-023-augF2,rewr,0.08370161056518555,0.0717313289642334,1,3,4,2,2,10449.99,40306,192979,104378.66666666669,60078.5,79851.0,136415.0,54956.0,79813.0,67384.5,61170.25,67384.5,73598.75,2,1,3,1.1538461538461535,1.0,1.0,1.0,1,1,1.0,1.0,1.0,1.0,"Hypergraph(num_v=15, num_e=3)",False,-0.011970281600952148
2109,STATS,029-023-augF2-augA1,orig,0.08815813064575195,0.09678316116333,1,3,4,2,2,10449.99,40306,192979,104378.66666666669,60078.5,79851.0,136415.0,54956.0,79813.0,67384.5,61170.25,67384.5,73598.75,1,1,3,1.1538461538461535,1.0,1.0,1.0,2,2,2.0,2.0,2.0,2.0,"Hypergraph(num_v=15, num_e=3)",False,0.008625030517578042
2110,STATS,029-023-augF2-augA2,orig,0.08753371238708496,0.1030428409576416,1,3,4,2,2,10449.99,40306,192979,104378.66666666669,60078.5,79851.0,136415.0,54956.0,79813.0,67384.5,61170.25,67384.5,73598.75,1,1,3,1.1538461538461535,1.0,1.0,1.0,2,2,2.0,2.0,2.0,2.0,"Hypergraph(num_v=15, num_e=3)",False,0.01550912857055664
2111,STATS,030-092,orig,0.08259224891662598,0.0949978828430175,1,3,6,4,2,11059.59,38369,178345,101853.0,63607.0,88845.0,133595.0,161552.0,172274.0,166913.0,164232.5,166913.0,169593.5,2,1,2,1.05,1.0,1.0,1.0,1,1,1.0,1.0,1.0,1.0,"Hypergraph(num_v=21, num_e=3)",True,0.012405633926391518
2112,STATS,030-092-augA1,orig,0.08174800872802734,0.1375482082366943,1,3,6,4,2,11059.59,38369,178345,101853.0,63607.0,88845.0,133595.0,161552.0,172274.0,166913.0,164232.5,166913.0,169593.5,1,1,2,1.05,1.0,1.0,1.0,2,2,2.0,2.0,2.0,2.0,"Hypergraph(num_v=21, num_e=3)",False,0.055800199508666964
2113,STATS,030-092-augA2,orig,0.08006453514099121,0.1396429538726806,1,3,6,4,2,11059.59,38369,178345,101853.0,63607.0,88845.0,133595.0,161552.0,172274.0,166913.0,164232.5,166913.0,169593.5,1,1,2,1.05,1.0,1.0,1.0,2,2,2.0,2.0,2.0,2.0,"Hypergraph(num_v=21, num_e=3)",False,0.0595784187316894
2114,STATS,030-092-augF1,orig,0.07983708381652832,0.0798804759979248,1,3,6,4,2,10961.84,34124,178345,100438.0,61484.5,88845.0,133595.0,143678.0,172274.0,157976.0,150827.0,157976.0,165125.0,2,1,2,1.05,1.0,1.0,1.0,1,1,1.0,1.0,1.0,1.0,"Hypergraph(num_v=21, num_e=3)",False,4.3392181396484375e-05
2115,STATS,030-092-augF1-augA1,orig,0.07892918586730957,0.1268424987792968,1,3,6,4,2,10961.84,34124,178345,100438.0,61484.5,88845.0,133595.0,143678.0,172274.0,157976.0,150827.0,157976.0,165125.0,1,1,2,1.05,1.0,1.0,1.0,2,2,2.0,2.0,2.0,2.0,"Hypergraph(num_v=21, num_e=3)",False,0.04791331291198722
2116,STATS,030-092-augF1-augA2,orig,0.07673406600952148,0.1276221275329589,1,3,6,4,2,10961.84,34124,178345,100438.0,61484.5,88845.0,133595.0,143678.0,172274.0,157976.0,150827.0,157976.0,165125.0,1,1,2,1.05,1.0,1.0,1.0,2,2,2.0,2.0,2.0,2.0,"Hypergraph(num_v=21, num_e=3)",False,0.05088806152343742
2117,STATS,030-092-augF2,orig,0.0849144458770752,0.0970079898834228,1,3,6,4,2,11085.53,38369,178345,102243.66666666669,64193.0,90017.0,134181.0,163683.0,174546.0,169114.5,166398.75,169114.5,171830.25,2,1,2,1.05,1.0,1.0,1.0,1,1,1.0,1.0,1.0,1.0,"Hypergraph(num_v=21, num_e=3)",False,0.0120935440063476
2118,STATS,030-092-augF2-augA1,orig,0.08501529693603516,0.1390705108642578,1,3,6,4,2,11085.53,38369,178345,102243.66666666669,64193.0,90017.0,134181.0,163683.0,174546.0,169114.5,166398.75,169114.5,171830.25,1,1,2,1.05,1.0,1.0,1.0,2,2,2.0,2.0,2.0,2.0,"Hypergraph(num_v=21, num_e=3)",False,0.054055213928222656
2119,STATS,030-092-augF2-augA2,orig,0.0817117691040039,0.1785252094268798,1,3,6,4,2,11085.53,38369,178345,102243.66666666669,64193.0,90017.0,134181.0,163683.0,174546.0,169114.5,166398.75,169114.5,171830.25,1,1,2,1.05,1.0,1.0,1.0,2,2,2.0,2.0,2.0,2.0,"Hypergraph(num_v=21, num_e=3)",False,0.0968134403228759
2120,STATS,031-025,orig,0.08142375946044922,0.2198760509490966,1,4,7,4,3,13707.54,11102,154211,89695.25,71724.5,96734.0,114704.75,11097.0,34916.0,19421.0,11673.5,12250.0,23583.0,1,1,4,1.1304347826086956,1.0,1.0,1.0,3,3,3.0,3.0,3.0,3.0,"Hypergraph(num_v=26, num_e=4)",True,0.13845229148864738
2121,STATS,031-025-augA1,orig,0.08179521560668945,0.1624894142150879,1,4,7,4,3,13707.54,11102,154211,89695.25,71724.5,96734.0,114704.75,11097.0,34916.0,19421.0,11673.5,12250.0,23583.0,1,1,4,1.1304347826086956,1.0,1.0,1.0,3,3,3.0,3.0,3.0,3.0,"Hypergraph(num_v=26, num_e=4)",False,0.08069419860839844
2122,STATS,031-025-augA2,orig,0.08121228218078613,0.2552614212036133,1,4,7,4,3,13707.54,11102,154211,89695.25,71724.5,96734.0,114704.75,11097.0,34916.0,19421.0,11673.5,12250.0,23583.0,2,1,4,1.1304347826086956,1.0,1.0,1.0,1,2,1.5,1.5,1.25,1.75,"Hypergraph(num_v=26, num_e=4)",False,0.17404913902282715
2123,STATS,031-025-augA3,orig,0.08135509490966797,0.1476020812988281,1,4,7,4,3,13707.54,11102,154211,89695.25,71724.5,96734.0,114704.75,11097.0,34916.0,19421.0,11673.5,12250.0,23583.0,2,1,4,1.1304347826086956,1.0,1.0,1.0,1,2,1.5,1.5,1.25,1.75,"Hypergraph(num_v=26, num_e=4)",False,0.06624698638916013
2124,STATS,031-025-augF1,orig,0.01908731460571289,0.0534126758575439,1,4,7,4,3,9394.59,1,101536,28161.25,4.75,5554.0,33710.5,1.0,2.0,1.3333333333333333,1.0,1.0,1.5,2,1,4,1.1304347826086956,1.0,1.0,1.0,1,2,1.5,1.5,1.25,1.75,"Hypergraph(num_v=26, num_e=4)",False,0.034325361251831006
2125,STATS,031-025-augF1-augA1,orig,0.020241260528564453,0.0493984222412109,1,4,7,4,3,9394.59,1,101536,28161.25,4.75,5554.0,33710.5,1.0,2.0,1.3333333333333333,1.0,1.0,1.5,1,1,4,1.1304347826086956,1.0,1.0,1.0,3,3,3.0,3.0,3.0,3.0,"Hypergraph(num_v=26, num_e=4)",False,0.02915716171264645
2126,STATS,031-025-augF1-augA2,orig,0.018960237503051758,0.0825808048248291,1,4,7,4,3,9394.59,1,101536,28161.25,4.75,5554.0,33710.5,1.0,2.0,1.3333333333333333,1.0,1.0,1.5,1,1,4,1.1304347826086956,1.0,1.0,1.0,3,3,3.0,3.0,3.0,3.0,"Hypergraph(num_v=26, num_e=4)",False,0.06362056732177734
2127,STATS,031-025-augF1-augA3,orig,0.020471572875976562,0.0898146629333496,1,4,7,4,3,9394.59,1,101536,28161.25,4.75,5554.0,33710.5,1.0,2.0,1.3333333333333333,1.0,1.0,1.5,2,1,4,1.1304347826086956,1.0,1.0,1.0,1,2,1.5,1.5,1.25,1.75,"Hypergraph(num_v=26, num_e=4)",False,0.06934309005737303
2128,STATS,031-025-augF2,orig,0.057929277420043945,0.0805237293243408,1,4,7,4,3,12792.93,11102,101536,58077.75,23581.25,59836.5,94333.0,3347.0,11097.0,6908.333333333333,4814.0,6281.0,8689.0,2,1,4,1.1304347826086956,1.0,1.0,1.0,1,2,1.5,1.5,1.25,1.75,"Hypergraph(num_v=26, num_e=4)",False,0.02259445190429686
2129,STATS,031-025-augF2-augA1,orig,0.05916118621826172,0.1196286678314209,1,4,7,4,3,12792.93,11102,101536,58077.75,23581.25,59836.5,94333.0,3347.0,11097.0,6908.333333333333,4814.0,6281.0,8689.0,1,1,4,1.1304347826086956,1.0,1.0,1.0,3,3,3.0,3.0,3.0,3.0,"Hypergraph(num_v=26, num_e=4)",False,0.06046748161315918
2130,STATS,031-025-augF2-augA2,orig,0.05838441848754883,0.1512181758880615,1,4,7,4,3,12792.93,11102,101536,58077.75,23581.25,59836.5,94333.0,3347.0,11097.0,6908.333333333333,4814.0,6281.0,8689.0,2,1,4,1.1304347826086956,1.0,1.0,1.0,1,2,1.5,1.5,1.25,1.75,"Hypergraph(num_v=26, num_e=4)",False,0.09283375740051267
2131,STATS,031-025-augF2-augA3,orig,0.059112548828125,0.0972440242767334,1,4,7,4,3,12792.93,11102,101536,58077.75,23581.25,59836.5,94333.0,3347.0,11097.0,6908.333333333333,4814.0,6281.0,8689.0,2,1,4,1.1304347826086956,1.0,1.0,1.0,1,2,1.5,1.5,1.25,1.75,"Hypergraph(num_v=26, num_e=4)",False,0.0381314754486084
2132,STATS,032-086,orig,0.14411306381225586,0.1916475296020507,1,4,6,3,3,20255.69,38323,192979,87654.25,39439.0,59657.5,107872.75,77252.0,609394.0,293208.3333333333,135115.5,192979.0,401186.5,1,1,3,1.125,1.0,1.0,1.0,3,3,3.0,3.0,3.0,3.0,"Hypergraph(num_v=27, num_e=4)",True,0.04753446578979484
2133,STATS,032-086-augA1,orig,0.1472928524017334,0.188481330871582,1,4,6,3,3,20633.69,38323,192979,87654.25,39439.0,59657.5,107872.75,77252.0,609394.0,293208.3333333333,135115.5,192979.0,401186.5,2,1,3,1.125,1.0,1.0,1.0,1,2,1.5,1.5,1.25,1.75,"Hypergraph(num_v=27, num_e=4)",False,0.041188478469848605
2134,STATS,032-086-augA2,orig,0.14498329162597656,0.267775297164917,1,4,6,3,3,20255.69,38323,192979,87654.25,39439.0,59657.5,107872.75,77252.0,609394.0,293208.3333333333,135115.5,192979.0,401186.5,1,1,3,1.125,1.0,1.0,1.0,3,3,3.0,3.0,3.0,3.0,"Hypergraph(num_v=27, num_e=4)",False,0.12279200553894043
2135,STATS,032-086-augA3,orig,0.14577102661132812,0.2192511558532714,1,4,6,3,3,20255.69,38323,192979,87654.25,39439.0,59657.5,107872.75,77252.0,609394.0,293208.3333333333,135115.5,192979.0,401186.5,1,1,3,1.125,1.0,1.0,1.0,3,3,3.0,3.0,3.0,3.0,"Hypergraph(num_v=27, num_e=4)",False,0.07348012924194328
2136,STATS,032-086-augF1,orig,0.14742255210876465,0.2040197849273681,1,4,6,3,3,20277.03,38323,192979,87697.0,39567.25,59743.0,107872.75,77585.0,612012.0,294192.0,135282.0,192979.0,402495.5,1,1,3,1.125,1.0,1.0,1.0,3,3,3.0,3.0,3.0,3.0,"Hypergraph(num_v=27, num_e=4)",False,0.05659723281860346
2137,STATS,032-086-augF1-augA1,orig,0.14732694625854492,0.1908478736877441,1,4,6,3,3,20655.03,38323,192979,87697.0,39567.25,59743.0,107872.75,77585.0,612012.0,294192.0,135282.0,192979.0,402495.5,2,1,3,1.125,1.0,1.0,1.0,1,2,1.5,1.5,1.25,1.75,"Hypergraph(num_v=27, num_e=4)",False,0.04352092742919919
2138,STATS,032-086-augF1-augA2,orig,0.14670681953430176,0.2022266387939453,1,4,6,3,3,20277.03,38323,192979,87697.0,39567.25,59743.0,107872.75,77585.0,612012.0,294192.0,135282.0,192979.0,402495.5,1,1,3,1.125,1.0,1.0,1.0,3,3,3.0,3.0,3.0,3.0,"Hypergraph(num_v=27, num_e=4)",False,0.055519819259643555
2139,STATS,032-086-augF1-augA3,orig,0.14783763885498047,0.2346649169921875,1,4,6,3,3,20277.03,38323,192979,87697.0,39567.25,59743.0,107872.75,77585.0,612012.0,294192.0,135282.0,192979.0,402495.5,1,1,3,1.125,1.0,1.0,1.0,3,3,3.0,3.0,3.0,3.0,"Hypergraph(num_v=27, num_e=4)",False,0.08682727813720703
2140,STATS,032-086-augF2,orig,0.05954289436340332,0.110483169555664,1,4,6,3,3,13065.89,1,192979,48295.75,1.0,101.5,48396.25,196.0,1546.0,1096.0,871.0,1546.0,1546.0,1,1,3,1.125,1.0,1.0,1.0,3,3,3.0,3.0,3.0,3.0,"Hypergraph(num_v=27, num_e=4)",False,0.05094027519226067
2141,STATS,032-086-augF2-augA1,rewr,0.06238889694213867,0.0362648963928222,1,4,6,3,3,13065.89,1,192979,48295.75,1.0,101.5,48396.25,196.0,1546.0,1096.0,871.0,1546.0,1546.0,2,1,3,1.125,1.0,1.0,1.0,1,2,1.5,1.5,1.25,1.75,"Hypergraph(num_v=27, num_e=4)",False,-0.02612400054931647
2142,STATS,032-086-augF2-augA2,orig,0.06015896797180176,0.1124687194824218,1,4,6,3,3,13065.89,1,192979,48295.75,1.0,101.5,48396.25,196.0,1546.0,1096.0,871.0,1546.0,1546.0,1,1,3,1.125,1.0,1.0,1.0,3,3,3.0,3.0,3.0,3.0,"Hypergraph(num_v=27, num_e=4)",False,0.05230975151062005
2143,STATS,032-086-augF2-augA3,orig,0.05939316749572754,0.1072919368743896,1,4,6,3,3,13065.89,1,192979,48295.75,1.0,101.5,48396.25,196.0,1546.0,1096.0,871.0,1546.0,1546.0,1,1,3,1.125,1.0,1.0,1.0,3,3,3.0,3.0,3.0,3.0,"Hypergraph(num_v=27, num_e=4)",False,0.04789876937866207
2144,STATS,033-137,orig,0.0807039737701416,0.0814027786254882,1,5,17,13,4,9992.55,1,102506,39342.6,5524.0,8831.0,79851.0,522.0,2815.0,1225.25,528.0,782.0,1479.25,2,1,3,1.0740740740740742,1.0,1.0,1.0,1,3,2.0,2.0,1.5,2.5,"Hypergraph(num_v=29, num_e=5)",True,0.0006988048553465964
2145,STATS,033-137-augA1,orig,0.08336639404296875,0.1293404102325439,1,5,17,13,4,9992.55,1,102506,39342.6,5524.0,8831.0,79851.0,522.0,2815.0,1225.25,528.0,782.0,1479.25,2,1,3,1.0740740740740742,1.0,1.0,1.0,1,3,2.0,2.0,1.5,2.5,"Hypergraph(num_v=29, num_e=5)",False,0.04597401618957514
2146,STATS,033-137-augA2,orig,0.0818474292755127,0.1059699058532714,1,5,17,13,4,9992.55,1,102506,39342.6,5524.0,8831.0,79851.0,522.0,2815.0,1225.25,528.0,782.0,1479.25,1,1,3,1.0740740740740742,1.0,1.0,1.0,4,4,4.0,4.0,4.0,4.0,"Hypergraph(num_v=29, num_e=5)",False,0.024122476577758706
2147,STATS,033-137-augA3,orig,0.0838775634765625,0.1334946155548095,1,5,17,13,4,9992.55,1,102506,39342.6,5524.0,8831.0,79851.0,522.0,2815.0,1225.25,528.0,782.0,1479.25,1,1,3,1.0740740740740742,1.0,1.0,1.0,4,4,4.0,4.0,4.0,4.0,"Hypergraph(num_v=29, num_e=5)",False,0.04961705207824699
2148,STATS,033-137-augA4,orig,0.083984375,0.1152830123901367,1,5,17,13,4,9992.55,1,102506,39342.6,5524.0,8831.0,79851.0,522.0,2815.0,1225.25,528.0,782.0,1479.25,2,1,3,1.0740740740740742,1.0,1.0,1.0,1,3,2.0,2.0,1.5,2.5,"Hypergraph(num_v=29, num_e=5)",False,0.031298637390136705
2149,STATS,033-137-augF1,rewr,0.08415508270263672,0.0816082954406738,1,5,17,13,4,9996.74,1,102506,39358.4,5603.0,8831.0,79851.0,530.0,2856.0,1243.25,536.0,793.5,1500.75,2,1,3,1.0740740740740742,1.0,1.0,1.0,1,3,2.0,2.0,1.5,2.5,"Hypergraph(num_v=29, num_e=5)",False,-0.0025467872619629184
2150,STATS,033-137-augF1-augA1,orig,0.08434033393859863,0.1278715133666992,1,5,17,13,4,9996.74,1,102506,39358.4,5603.0,8831.0,79851.0,530.0,2856.0,1243.25,536.0,793.5,1500.75,2,1,3,1.0740740740740742,1.0,1.0,1.0,1,3,2.0,2.0,1.5,2.5,"Hypergraph(num_v=29, num_e=5)",False,0.04353117942810056
2151,STATS,033-137-augF1-augA2,orig,0.0826728343963623,0.1254127025604248,1,5,17,13,4,9996.74,1,102506,39358.4,5603.0,8831.0,79851.0,530.0,2856.0,1243.25,536.0,793.5,1500.75,1,1,3,1.0740740740740742,1.0,1.0,1.0,4,4,4.0,4.0,4.0,4.0,"Hypergraph(num_v=29, num_e=5)",False,0.0427398681640625
2152,STATS,033-137-augF1-augA3,orig,0.08464288711547852,0.1131041049957275,1,5,17,13,4,9996.74,1,102506,39358.4,5603.0,8831.0,79851.0,530.0,2856.0,1243.25,536.0,793.5,1500.75,1,1,3,1.0740740740740742,1.0,1.0,1.0,4,4,4.0,4.0,4.0,4.0,"Hypergraph(num_v=29, num_e=5)",False,0.028461217880248982
2153,STATS,033-137-augF1-augA4,orig,0.08544659614562988,0.1120147705078125,1,5,17,13,4,9996.74,1,102506,39358.4,5603.0,8831.0,79851.0,530.0,2856.0,1243.25,536.0,793.5,1500.75,2,1,3,1.0740740740740742,1.0,1.0,1.0,1,3,2.0,2.0,1.5,2.5,"Hypergraph(num_v=29, num_e=5)",False,0.026568174362182617
2154,STATS,033-137-augF2,orig,0.08416914939880371,0.0853991508483886,1,5,17,13,4,10009.87,1,102506,39451.8,5524.0,9377.0,79851.0,555.0,2989.0,1301.5,561.0,831.0,1571.5,2,1,3,1.0740740740740742,1.0,1.0,1.0,1,3,2.0,2.0,1.5,2.5,"Hypergraph(num_v=29, num_e=5)",False,0.0012300014495848915
2155,STATS,033-137-augF2-augA1,orig,0.08436012268066406,0.1183552742004394,1,5,17,13,4,10009.87,1,102506,39451.8,5524.0,9377.0,79851.0,555.0,2989.0,1301.5,561.0,831.0,1571.5,2,1,3,1.0740740740740742,1.0,1.0,1.0,1,3,2.0,2.0,1.5,2.5,"Hypergraph(num_v=29, num_e=5)",False,0.033995151519775335
2156,STATS,033-137-augF2-augA2,orig,0.08213376998901367,0.1311945915222168,1,5,17,13,4,10009.87,1,102506,39451.8,5524.0,9377.0,79851.0,555.0,2989.0,1301.5,561.0,831.0,1571.5,1,1,3,1.0740740740740742,1.0,1.0,1.0,4,4,4.0,4.0,4.0,4.0,"Hypergraph(num_v=29, num_e=5)",False,0.049060821533203125
2157,STATS,033-137-augF2-augA3,orig,0.08470869064331055,0.1243491172790527,1,5,17,13,4,10009.87,1,102506,39451.8,5524.0,9377.0,79851.0,555.0,2989.0,1301.5,561.0,831.0,1571.5,1,1,3,1.0740740740740742,1.0,1.0,1.0,4,4,4.0,4.0,4.0,4.0,"Hypergraph(num_v=29, num_e=5)",False,0.03964042663574216
2158,STATS,033-137-augF2-augA4,orig,0.08412718772888184,0.1037583351135253,1,5,17,13,4,10009.87,1,102506,39451.8,5524.0,9377.0,79851.0,555.0,2989.0,1301.5,561.0,831.0,1571.5,2,1,3,1.0740740740740742,1.0,1.0,1.0,1,3,2.0,2.0,1.5,2.5,"Hypergraph(num_v=29, num_e=5)",False,0.019631147384643458
2159,STATS,034-016,orig,0.06317472457885742,0.0724387168884277,1,3,9,7,2,25436.65,38235,79761,65833.33333333333,58869.5,79504.0,79632.5,75627.0,6271476.0,3173551.5,1624589.25,3173551.5,4722513.75,2,1,3,1.1666666666666667,1.0,1.0,1.0,1,1,1.0,1.0,1.0,1.0,"Hypergraph(num_v=14, num_e=3)",True,0.009263992309570285
2160,STATS,034-016-augA1,orig,0.06591510772705078,0.0932393074035644,1,3,9,7,2,25436.65,38235,79761,65833.33333333333,58869.5,79504.0,79632.5,75627.0,6271476.0,3173551.5,1624589.25,3173551.5,4722513.75,1,1,3,1.1666666666666667,1.0,1.0,1.0,2,2,2.0,2.0,2.0,2.0,"Hypergraph(num_v=14, num_e=3)",False,0.027324199676513616
2161,STATS,034-016-augA2,orig,0.0652155876159668,0.1295695304870605,1,3,9,7,2,25436.65,38235,79761,65833.33333333333,58869.5,79504.0,79632.5,75627.0,6271476.0,3173551.5,1624589.25,3173551.5,4722513.75,1,1,3,1.1666666666666667,1.0,1.0,1.0,2,2,2.0,2.0,2.0,2.0,"Hypergraph(num_v=14, num_e=3)",False,0.0643539428710937
2162,STATS,034-016-augF1,orig,0.06167173385620117,0.0867848396301269,1,3,9,7,2,24625.31,38235,79504,64654.66666666666,57230.0,76225.0,77864.5,72274.0,5993446.0,3032860.0,1552567.0,3032860.0,4513153.0,1,1,3,1.1666666666666667,1.0,1.0,1.0,2,2,2.0,2.0,2.0,2.0,"Hypergraph(num_v=14, num_e=3)",False,0.025113105773925726
2163,STATS,034-016-augF1-augA1,orig,0.06268978118896484,0.0807435512542724,1,3,9,7,2,24625.31,38235,79504,64654.66666666666,57230.0,76225.0,77864.5,72274.0,5993446.0,3032860.0,1552567.0,3032860.0,4513153.0,2,1,3,1.1666666666666667,1.0,1.0,1.0,1,1,1.0,1.0,1.0,1.0,"Hypergraph(num_v=14, num_e=3)",False,0.01805377006530756
2164,STATS,034-016-augF1-augA2,orig,0.06255102157592773,0.0905601978302002,1,3,9,7,2,24625.31,38235,79504,64654.66666666666,57230.0,76225.0,77864.5,72274.0,5993446.0,3032860.0,1552567.0,3032860.0,4513153.0,1,1,3,1.1666666666666667,1.0,1.0,1.0,2,2,2.0,2.0,2.0,2.0,"Hypergraph(num_v=14, num_e=3)",False,0.02800917625427246
2165,STATS,034-016-augF2,orig,0.04706883430480957,0.0659935474395752,1,3,9,7,2,23095.23,33414,79761,64226.333333333336,56459.0,79504.0,79632.5,66091.0,5480714.0,2773402.5,1419746.75,2773402.5,4127058.25,2,1,3,1.1666666666666667,1.0,1.0,1.0,1,1,1.0,1.0,1.0,1.0,"Hypergraph(num_v=14, num_e=3)",False,0.018924713134765625
2166,STATS,034-016-augF2-augA1,orig,0.04752683639526367,0.0782623291015625,1,3,9,7,2,23095.23,33414,79761,64226.333333333336,56459.0,79504.0,79632.5,66091.0,5480714.0,2773402.5,1419746.75,2773402.5,4127058.25,1,1,3,1.1666666666666667,1.0,1.0,1.0,2,2,2.0,2.0,2.0,2.0,"Hypergraph(num_v=14, num_e=3)",False,0.030735492706298828
2167,STATS,034-016-augF2-augA2,orig,0.04745054244995117,0.0797362327575683,1,3,9,7,2,23095.23,33414,79761,64226.333333333336,56459.0,79504.0,79632.5,66091.0,5480714.0,2773402.5,1419746.75,2773402.5,4127058.25,1,1,3,1.1666666666666667,1.0,1.0,1.0,2,2,2.0,2.0,2.0,2.0,"Hypergraph(num_v=14, num_e=3)",False,0.03228569030761713
2168,STATS,035-020,orig,0.09149003028869629,0.1365342140197754,1,3,8,6,2,11608.29,40275,172892,100659.33333333331,64543.0,88811.0,130851.5,164329.0,166942.0,165635.5,164982.25,165635.5,166288.75,2,1,2,1.05,1.0,1.0,1.0,1,1,1.0,1.0,1.0,1.0,"Hypergraph(num_v=21, num_e=3)",True,0.0450441837310791
2169,STATS,035-020-augA1,orig,0.09046077728271484,0.1677987575531005,1,3,8,6,2,11608.29,40275,172892,100659.33333333331,64543.0,88811.0,130851.5,164329.0,166942.0,165635.5,164982.25,165635.5,166288.75,1,1,2,1.05,1.0,1.0,1.0,2,2,2.0,2.0,2.0,2.0,"Hypergraph(num_v=21, num_e=3)",False,0.07733798027038566
2170,STATS,035-020-augA2,orig,0.09034943580627441,0.1759665012359619,1,3,8,6,2,11608.29,40275,172892,100659.33333333331,64543.0,88811.0,130851.5,164329.0,166942.0,165635.5,164982.25,165635.5,166288.75,1,1,2,1.05,1.0,1.0,1.0,2,2,2.0,2.0,2.0,2.0,"Hypergraph(num_v=21, num_e=3)",False,0.08561706542968747
2171,STATS,035-020-augF1,rewr,0.08289003372192383,0.079538345336914,1,3,8,6,2,11299.82,26686,172892,96129.66666666669,57748.5,88811.0,130851.5,108884.0,166942.0,137913.0,123398.5,137913.0,152427.5,2,1,2,1.05,1.0,1.0,1.0,1,1,1.0,1.0,1.0,1.0,"Hypergraph(num_v=21, num_e=3)",False,-0.003351688385009835
2172,STATS,035-020-augF1-augA1,orig,0.08088874816894531,0.1305747032165527,1,3,8,6,2,11299.82,26686,172892,96129.66666666669,57748.5,88811.0,130851.5,108884.0,166942.0,137913.0,123398.5,137913.0,152427.5,1,1,2,1.05,1.0,1.0,1.0,2,2,2.0,2.0,2.0,2.0,"Hypergraph(num_v=21, num_e=3)",False,0.049685955047607394
2173,STATS,035-020-augF1-augA2,orig,0.07830953598022461,0.1332082748413086,1,3,8,6,2,11299.82,26686,172892,96129.66666666669,57748.5,88811.0,130851.5,108884.0,166942.0,137913.0,123398.5,137913.0,152427.5,1,1,2,1.05,1.0,1.0,1.0,2,2,2.0,2.0,2.0,2.0,"Hypergraph(num_v=21, num_e=3)",False,0.054898738861083984
2174,STATS,035-020-augF2,orig,0.08402490615844727,0.1275882720947265,1,3,8,6,2,11355.49,40275,172892,96839.33333333331,58813.0,77351.0,125121.5,143124.0,145401.0,144262.5,143693.25,144262.5,144831.75,2,1,2,1.05,1.0,1.0,1.0,1,1,1.0,1.0,1.0,1.0,"Hypergraph(num_v=21, num_e=3)",False,0.04356336593627924
2175,STATS,035-020-augF2-augA1,orig,0.08481597900390625,0.1772420406341552,1,3,8,6,2,11355.49,40275,172892,96839.33333333331,58813.0,77351.0,125121.5,143124.0,145401.0,144262.5,143693.25,144262.5,144831.75,1,1,2,1.05,1.0,1.0,1.0,2,2,2.0,2.0,2.0,2.0,"Hypergraph(num_v=21, num_e=3)",False,0.09242606163024894
2176,STATS,035-020-augF2-augA2,orig,0.08337807655334473,0.1630334854125976,1,3,8,6,2,11355.49,40275,172892,96839.33333333331,58813.0,77351.0,125121.5,143124.0,145401.0,144262.5,143693.25,144262.5,144831.75,1,1,2,1.05,1.0,1.0,1.0,2,2,2.0,2.0,2.0,2.0,"Hypergraph(num_v=21, num_e=3)",False,0.07965540885925287
2177,STATS,036-100,orig,0.1056828498840332,0.1834292411804199,1,4,10,7,3,15144.63,39433,192979,94057.0,40821.25,71908.0,125143.75,44355.0,158206.0,82861.0,45188.5,46022.0,102114.0,2,1,3,1.125,1.0,1.0,1.0,1,2,1.5,1.5,1.25,1.75,"Hypergraph(num_v=27, num_e=4)",True,0.07774639129638669
2178,STATS,036-100-augA1,orig,0.10395646095275879,0.2076551914215088,1,4,10,7,3,15144.63,39433,192979,94057.0,40821.25,71908.0,125143.75,44355.0,158206.0,82861.0,45188.5,46022.0,102114.0,1,1,3,1.125,1.0,1.0,1.0,3,3,3.0,3.0,3.0,3.0,"Hypergraph(num_v=27, num_e=4)",False,0.10369873046875
2179,STATS,036-100-augA2,orig,0.10311722755432129,0.1458337306976318,1,4,10,7,3,15144.63,39433,192979,94057.0,40821.25,71908.0,125143.75,44355.0,158206.0,82861.0,45188.5,46022.0,102114.0,2,1,3,1.125,1.0,1.0,1.0,1,2,1.5,1.5,1.25,1.75,"Hypergraph(num_v=27, num_e=4)",False,0.04271650314331052
2180,STATS,036-100-augA3,orig,0.10602664947509766,0.2070229053497314,1,4,10,7,3,15144.63,39433,192979,94057.0,40821.25,71908.0,125143.75,44355.0,158206.0,82861.0,45188.5,46022.0,102114.0,1,1,3,1.125,1.0,1.0,1.0,3,3,3.0,3.0,3.0,3.0,"Hypergraph(num_v=27, num_e=4)",False,0.10099625587463373
2181,STATS,036-100-augF1,orig,0.09909510612487793,0.1839170455932617,1,4,10,7,3,15145.82,39453,192979,94062.0,40826.25,71908.0,125143.75,44377.0,158287.0,82895.33333333333,45199.5,46022.0,102154.5,2,1,3,1.125,1.0,1.0,1.0,1,2,1.5,1.5,1.25,1.75,"Hypergraph(num_v=27, num_e=4)",False,0.08482193946838376
2182,STATS,036-100-augF1-augA1,orig,0.09653306007385254,0.1918635368347168,1,4,10,7,3,15145.82,39453,192979,94062.0,40826.25,71908.0,125143.75,44377.0,158287.0,82895.33333333333,45199.5,46022.0,102154.5,1,1,3,1.125,1.0,1.0,1.0,3,3,3.0,3.0,3.0,3.0,"Hypergraph(num_v=27, num_e=4)",False,0.09533047676086426
2183,STATS,036-100-augF1-augA2,orig,0.10330796241760254,0.1548683643341064,1,4,10,7,3,15145.82,39453,192979,94062.0,40826.25,71908.0,125143.75,44377.0,158287.0,82895.33333333333,45199.5,46022.0,102154.5,2,1,3,1.125,1.0,1.0,1.0,1,2,1.5,1.5,1.25,1.75,"Hypergraph(num_v=27, num_e=4)",False,0.05156040191650385
2184,STATS,036-100-augF1-augA3,orig,0.09933304786682129,0.1978178024291992,1,4,10,7,3,15145.82,39453,192979,94062.0,40826.25,71908.0,125143.75,44377.0,158287.0,82895.33333333333,45199.5,46022.0,102154.5,1,1,3,1.125,1.0,1.0,1.0,3,3,3.0,3.0,3.0,3.0,"Hypergraph(num_v=27, num_e=4)",False,0.0984847545623779
2185,STATS,036-100-augF2,orig,0.0389552116394043,0.1150457859039306,1,4,10,7,3,12577.31,1,192979,73964.0,258.25,51438.0,125143.75,369.0,1319.0,690.6666666666666,376.5,384.0,851.5,2,1,3,1.125,1.0,1.0,1.0,1,2,1.5,1.5,1.25,1.75,"Hypergraph(num_v=27, num_e=4)",False,0.0760905742645263
2186,STATS,036-100-augF2-augA1,orig,0.038758277893066406,0.1491317749023437,1,4,10,7,3,12577.31,1,192979,73964.0,258.25,51438.0,125143.75,369.0,1319.0,690.6666666666666,376.5,384.0,851.5,1,1,3,1.125,1.0,1.0,1.0,3,3,3.0,3.0,3.0,3.0,"Hypergraph(num_v=27, num_e=4)",False,0.11037349700927729
2187,STATS,036-100-augF2-augA2,orig,0.038342952728271484,0.0864710807800293,1,4,10,7,3,12577.31,1,192979,73964.0,258.25,51438.0,125143.75,369.0,1319.0,690.6666666666666,376.5,384.0,851.5,2,1,3,1.125,1.0,1.0,1.0,1,2,1.5,1.5,1.25,1.75,"Hypergraph(num_v=27, num_e=4)",False,0.04812812805175781
2188,STATS,036-100-augF2-augA3,orig,0.0379185676574707,0.1438429355621338,1,4,10,7,3,12577.31,1,192979,73964.0,258.25,51438.0,125143.75,369.0,1319.0,690.6666666666666,376.5,384.0,851.5,1,1,3,1.125,1.0,1.0,1.0,3,3,3.0,3.0,3.0,3.0,"Hypergraph(num_v=27, num_e=4)",False,0.10592436790466309
2189,STATS,037-013,orig,0.05928659439086914,0.1523301601409912,1,3,5,3,2,28077.44,39896,192979,111465.66666666669,70709.0,101522.0,147250.5,20709.0,6920798.0,3470753.5,1745731.25,3470753.5,5195775.75,1,1,3,1.1333333333333333,1.0,1.0,1.0,2,2,2.0,2.0,2.0,2.0,"Hypergraph(num_v=17, num_e=3)",True,0.09304356575012207
2190,STATS,037-013-augA1,orig,0.06311178207397461,0.0947175025939941,1,3,5,3,2,28077.44,39896,192979,111465.66666666669,70709.0,101522.0,147250.5,20709.0,6920798.0,3470753.5,1745731.25,3470753.5,5195775.75,1,1,3,1.1333333333333333,1.0,1.0,1.0,2,2,2.0,2.0,2.0,2.0,"Hypergraph(num_v=17, num_e=3)",False,0.03160572052001949
2191,STATS,037-013-augA2,orig,0.06283998489379883,0.1277897357940673,1,3,5,3,2,28077.44,39896,192979,111465.66666666669,70709.0,101522.0,147250.5,20709.0,6920798.0,3470753.5,1745731.25,3470753.5,5195775.75,1,1,3,1.1333333333333333,1.0,1.0,1.0,2,2,2.0,2.0,2.0,2.0,"Hypergraph(num_v=17, num_e=3)",False,0.06494975090026847
2192,STATS,037-013-augF1,orig,0.07074999809265137,0.0883388519287109,1,3,5,3,2,28137.49,40025,192979,111508.66666666669,70773.5,101522.0,147250.5,20776.0,6943176.0,3481976.0,1751376.0,3481976.0,5212576.0,2,1,3,1.1333333333333333,1.0,1.0,1.0,1,1,1.0,1.0,1.0,1.0,"Hypergraph(num_v=17, num_e=3)",False,0.01758885383605953
2193,STATS,037-013-augF1-augA1,orig,0.07086777687072754,0.0810866355895996,1,3,5,3,2,28137.49,40025,192979,111508.66666666669,70773.5,101522.0,147250.5,20776.0,6943176.0,3481976.0,1751376.0,3481976.0,5212576.0,2,1,3,1.1333333333333333,1.0,1.0,1.0,1,1,1.0,1.0,1.0,1.0,"Hypergraph(num_v=17, num_e=3)",False,0.010218858718872056
2194,STATS,037-013-augF1-augA2,orig,0.07069277763366699,0.1161911487579345,1,3,5,3,2,28137.49,40025,192979,111508.66666666669,70773.5,101522.0,147250.5,20776.0,6943176.0,3481976.0,1751376.0,3481976.0,5212576.0,1,1,3,1.1333333333333333,1.0,1.0,1.0,2,2,2.0,2.0,2.0,2.0,"Hypergraph(num_v=17, num_e=3)",False,0.04549837112426751
2195,STATS,037-013-augF2,orig,0.06309223175048828,0.0879082679748535,1,3,5,3,2,28146.7,39896,192979,111594.66666666669,70902.5,101909.0,147444.0,20709.0,6947144.0,3483926.5,1752317.75,3483926.5,5215535.25,2,1,3,1.1333333333333333,1.0,1.0,1.0,1,1,1.0,1.0,1.0,1.0,"Hypergraph(num_v=17, num_e=3)",False,0.02481603622436522
2196,STATS,037-013-augF2-augA1,orig,0.05925154685974121,0.0817465782165527,1,3,5,3,2,28146.7,39896,192979,111594.66666666669,70902.5,101909.0,147444.0,20709.0,6947144.0,3483926.5,1752317.75,3483926.5,5215535.25,2,1,3,1.1333333333333333,1.0,1.0,1.0,1,1,1.0,1.0,1.0,1.0,"Hypergraph(num_v=17, num_e=3)",False,0.022495031356811496
2197,STATS,037-013-augF2-augA2,orig,0.05897045135498047,0.0924031734466552,1,3,5,3,2,28146.7,39896,192979,111594.66666666669,70902.5,101909.0,147444.0,20709.0,6947144.0,3483926.5,1752317.75,3483926.5,5215535.25,1,1,3,1.1333333333333333,1.0,1.0,1.0,2,2,2.0,2.0,2.0,2.0,"Hypergraph(num_v=17, num_e=3)",False,0.033432722091674735
2198,STATS,038-011,orig,0.06710243225097656,0.0918447971343994,1,3,13,11,2,20287.82,17604,79504,45115.0,27920.5,38237.0,58870.5,16452.0,4428774.0,2222613.0,1119532.5,2222613.0,3325693.5,1,1,3,1.105263157894737,1.0,1.0,1.0,2,2,2.0,2.0,2.0,2.0,"Hypergraph(num_v=21, num_e=3)",True,0.024742364883422838
2199,STATS,038-011-augA1,orig,0.06736588478088379,0.0768933296203613,1,3,13,11,2,20287.82,17604,79504,45115.0,27920.5,38237.0,58870.5,16452.0,4428774.0,2222613.0,1119532.5,2222613.0,3325693.5,2,1,3,1.105263157894737,1.0,1.0,1.0,1,1,1.0,1.0,1.0,1.0,"Hypergraph(num_v=21, num_e=3)",False,0.009527444839477511
2200,STATS,038-011-augA2,orig,0.06636214256286621,0.1224379539489746,1,3,13,11,2,20287.82,17604,79504,45115.0,27920.5,38237.0,58870.5,16452.0,4428774.0,2222613.0,1119532.5,2222613.0,3325693.5,1,1,3,1.105263157894737,1.0,1.0,1.0,2,2,2.0,2.0,2.0,2.0,"Hypergraph(num_v=21, num_e=3)",False,0.056075811386108385
2201,STATS,038-011-augF1,orig,0.06719517707824707,0.1206076145172119,1,3,13,11,2,20502.09,17928,79504,45223.0,28082.5,38237.0,58870.5,16754.0,4510285.0,2263519.5,1140136.75,2263519.5,3386902.25,1,1,3,1.105263157894737,1.0,1.0,1.0,2,2,2.0,2.0,2.0,2.0,"Hypergraph(num_v=21, num_e=3)",False,0.05341243743896483
2202,STATS,038-011-augF1-augA1,orig,0.0673060417175293,0.0896873474121093,1,3,13,11,2,20502.09,17928,79504,45223.0,28082.5,38237.0,58870.5,16754.0,4510285.0,2263519.5,1140136.75,2263519.5,3386902.25,1,1,3,1.105263157894737,1.0,1.0,1.0,2,2,2.0,2.0,2.0,2.0,"Hypergraph(num_v=21, num_e=3)",False,0.02238130569458001
2203,STATS,038-011-augF1-augA2,orig,0.06627392768859863,0.0812854766845703,1,3,13,11,2,20502.09,17928,79504,45223.0,28082.5,38237.0,58870.5,16754.0,4510285.0,2263519.5,1140136.75,2263519.5,3386902.25,1,1,3,1.105263157894737,1.0,1.0,1.0,2,2,2.0,2.0,2.0,2.0,"Hypergraph(num_v=21, num_e=3)",False,0.015011548995971666
2204,STATS,038-011-augF2,orig,0.0249631404876709,0.028390884399414,1,3,13,11,2,7298.64,1,79504,26511.0,14.5,28.0,39766.0,26.0,7044.0,3535.0,1780.5,3535.0,5289.5,2,1,3,1.105263157894737,1.0,1.0,1.0,1,1,1.0,1.0,1.0,1.0,"Hypergraph(num_v=21, num_e=3)",False,0.0034277439117431016
2205,STATS,038-011-augF2-augA1,orig,0.025328874588012695,0.0817530155181884,1,3,13,11,2,7298.64,1,79504,26511.0,14.5,28.0,39766.0,26.0,7044.0,3535.0,1780.5,3535.0,5289.5,2,1,3,1.105263157894737,1.0,1.0,1.0,1,1,1.0,1.0,1.0,1.0,"Hypergraph(num_v=21, num_e=3)",False,0.0564241409301757
2206,STATS,038-011-augF2-augA2,orig,0.025152921676635742,0.0657656192779541,1,3,13,11,2,7298.64,1,79504,26511.0,14.5,28.0,39766.0,26.0,7044.0,3535.0,1780.5,3535.0,5289.5,1,1,3,1.105263157894737,1.0,1.0,1.0,2,2,2.0,2.0,2.0,2.0,"Hypergraph(num_v=21, num_e=3)",False,0.04061269760131836
2207,STATS,039-117,orig,0.12007308006286621,0.1898314952850341,1,4,10,7,3,18501.71,39274,176634,103241.5,41771.5,98529.0,159999.0,68674.0,224202.0,121473.33333333331,70109.0,71544.0,147873.0,2,1,3,1.125,1.0,1.0,1.0,1,2,1.5,1.5,1.25,1.75,"Hypergraph(num_v=27, num_e=4)",True,0.06975841522216789
2208,STATS,039-117-augA1,orig,0.11795306205749512,0.249507188796997,1,4,10,7,3,18501.71,39274,176634,103241.5,41771.5,98529.0,159999.0,68674.0,224202.0,121473.33333333331,70109.0,71544.0,147873.0,1,1,3,1.125,1.0,1.0,1.0,3,3,3.0,3.0,3.0,3.0,"Hypergraph(num_v=27, num_e=4)",False,0.13155412673950187
2209,STATS,039-117-augA2,orig,0.12028837203979492,0.2072060108184814,1,4,10,7,3,18501.71,39274,176634,103241.5,41771.5,98529.0,159999.0,68674.0,224202.0,121473.33333333331,70109.0,71544.0,147873.0,2,1,3,1.125,1.0,1.0,1.0,1,2,1.5,1.5,1.25,1.75,"Hypergraph(num_v=27, num_e=4)",False,0.08691763877868647
2210,STATS,039-117-augA3,orig,0.12188506126403809,0.2374508380889892,1,4,10,7,3,18501.71,39274,176634,103241.5,41771.5,98529.0,159999.0,68674.0,224202.0,121473.33333333331,70109.0,71544.0,147873.0,1,1,3,1.125,1.0,1.0,1.0,3,3,3.0,3.0,3.0,3.0,"Hypergraph(num_v=27, num_e=4)",False,0.11556577682495112
2211,STATS,039-117-augF1,orig,0.12841129302978516,0.1885054111480713,1,4,10,7,3,18551.45,39879,176634,103392.75,41922.75,98529.0,159999.0,69732.0,227656.0,122977.33333333331,70638.0,71544.0,149600.0,2,1,3,1.125,1.0,1.0,1.0,1,2,1.5,1.5,1.25,1.75,"Hypergraph(num_v=27, num_e=4)",False,0.06009411811828613
2212,STATS,039-117-augF1-augA1,orig,0.1290898323059082,0.246628999710083,1,4,10,7,3,18551.45,39879,176634,103392.75,41922.75,98529.0,159999.0,69732.0,227656.0,122977.33333333331,70638.0,71544.0,149600.0,1,1,3,1.125,1.0,1.0,1.0,3,3,3.0,3.0,3.0,3.0,"Hypergraph(num_v=27, num_e=4)",False,0.1175391674041748
2213,STATS,039-117-augF1-augA2,orig,0.12934112548828125,0.2060990333557129,1,4,10,7,3,18551.45,39879,176634,103392.75,41922.75,98529.0,159999.0,69732.0,227656.0,122977.33333333331,70638.0,71544.0,149600.0,2,1,3,1.125,1.0,1.0,1.0,1,2,1.5,1.5,1.25,1.75,"Hypergraph(num_v=27, num_e=4)",False,0.07675790786743164
2214,STATS,039-117-augF1-augA3,orig,0.1318497657775879,0.245842695236206,1,4,10,7,3,18551.45,39879,176634,103392.75,41922.75,98529.0,159999.0,69732.0,227656.0,122977.33333333331,70638.0,71544.0,149600.0,1,1,3,1.125,1.0,1.0,1.0,3,3,3.0,3.0,3.0,3.0,"Hypergraph(num_v=27, num_e=4)",False,0.11399292945861811
2215,STATS,039-117-augF2,orig,0.11889910697937012,0.184201955795288,1,4,10,7,3,18483.49,39274,176634,103185.5,41603.5,98417.0,159999.0,68312.0,223022.0,120834.0,69740.0,71168.0,147095.0,2,1,3,1.125,1.0,1.0,1.0,1,2,1.5,1.5,1.25,1.75,"Hypergraph(num_v=27, num_e=4)",False,0.06530284881591789
2216,STATS,039-117-augF2-augA1,orig,0.11865878105163574,0.2359287738800048,1,4,10,7,3,18483.49,39274,176634,103185.5,41603.5,98417.0,159999.0,68312.0,223022.0,120834.0,69740.0,71168.0,147095.0,1,1,3,1.125,1.0,1.0,1.0,3,3,3.0,3.0,3.0,3.0,"Hypergraph(num_v=27, num_e=4)",False,0.11726999282836906
2217,STATS,039-117-augF2-augA2,orig,0.1205453872680664,0.1995480060577392,1,4,10,7,3,18483.49,39274,176634,103185.5,41603.5,98417.0,159999.0,68312.0,223022.0,120834.0,69740.0,71168.0,147095.0,2,1,3,1.125,1.0,1.0,1.0,1,2,1.5,1.5,1.25,1.75,"Hypergraph(num_v=27, num_e=4)",False,0.0790026187896728
2218,STATS,039-117-augF2-augA3,orig,0.12127017974853516,0.2490413188934326,1,4,10,7,3,18483.49,39274,176634,103185.5,41603.5,98417.0,159999.0,68312.0,223022.0,120834.0,69740.0,71168.0,147095.0,1,1,3,1.125,1.0,1.0,1.0,3,3,3.0,3.0,3.0,3.0,"Hypergraph(num_v=27, num_e=4)",False,0.12777113914489743
2219,STATS,040-101,orig,0.13921642303466797,0.2726483345031738,1,4,11,8,3,17786.59,40325,192676,99828.5,69444.5,83156.5,113540.5,73925.0,263265.0,137399.33333333334,74466.5,75008.0,169136.5,2,1,3,1.125,1.0,1.0,1.0,1,2,1.5,1.5,1.25,1.75,"Hypergraph(num_v=27, num_e=4)",True,0.1334319114685058
2220,STATS,040-101-augA1,orig,0.1401212215423584,0.2500362396240234,1,4,11,8,3,17786.59,40325,192676,99828.5,69444.5,83156.5,113540.5,73925.0,263265.0,137399.33333333334,74466.5,75008.0,169136.5,1,1,3,1.125,1.0,1.0,1.0,3,3,3.0,3.0,3.0,3.0,"Hypergraph(num_v=27, num_e=4)",False,0.10991501808166498
2221,STATS,040-101-augA2,orig,0.12895965576171875,0.1881208419799804,1,4,11,8,3,17786.59,40325,192676,99828.5,69444.5,83156.5,113540.5,73925.0,263265.0,137399.33333333334,74466.5,75008.0,169136.5,2,1,3,1.125,1.0,1.0,1.0,1,2,1.5,1.5,1.25,1.75,"Hypergraph(num_v=27, num_e=4)",False,0.05916118621826166
2222,STATS,040-101-augA3,orig,0.14232134819030762,0.2337825298309326,1,4,11,8,3,17786.59,40325,192676,99828.5,69444.5,83156.5,113540.5,73925.0,263265.0,137399.33333333334,74466.5,75008.0,169136.5,1,1,3,1.125,1.0,1.0,1.0,3,3,3.0,3.0,3.0,3.0,"Hypergraph(num_v=27, num_e=4)",False,0.09146118164062497
2223,STATS,040-101-augF1,orig,0.15062212944030762,0.2760391235351562,1,4,11,8,3,17849.75,40325,192676,100140.0,69444.5,83779.5,114475.0,74982.0,267029.0,139363.66666666666,75531.0,76080.0,171554.5,2,1,3,1.125,1.0,1.0,1.0,1,2,1.5,1.5,1.25,1.75,"Hypergraph(num_v=27, num_e=4)",False,0.12541699409484858
2224,STATS,040-101-augF1-augA1,orig,0.14581513404846191,0.2801680564880371,1,4,11,8,3,17849.75,40325,192676,100140.0,69444.5,83779.5,114475.0,74982.0,267029.0,139363.66666666666,75531.0,76080.0,171554.5,1,1,3,1.125,1.0,1.0,1.0,3,3,3.0,3.0,3.0,3.0,"Hypergraph(num_v=27, num_e=4)",False,0.1343529224395752
2225,STATS,040-101-augF1-augA2,orig,0.14653897285461426,0.1912002563476562,1,4,11,8,3,17849.75,40325,192676,100140.0,69444.5,83779.5,114475.0,74982.0,267029.0,139363.66666666666,75531.0,76080.0,171554.5,2,1,3,1.125,1.0,1.0,1.0,1,2,1.5,1.5,1.25,1.75,"Hypergraph(num_v=27, num_e=4)",False,0.04466128349304194
2226,STATS,040-101-augF1-augA3,orig,0.14882993698120117,0.2371549606323242,1,4,11,8,3,17849.75,40325,192676,100140.0,69444.5,83779.5,114475.0,74982.0,267029.0,139363.66666666666,75531.0,76080.0,171554.5,1,1,3,1.125,1.0,1.0,1.0,3,3,3.0,3.0,3.0,3.0,"Hypergraph(num_v=27, num_e=4)",False,0.08832502365112302
2227,STATS,040-101-augF2,orig,0.05888676643371582,0.1304752826690673,1,4,11,8,3,13472.02,2027,192676,78544.75,30750.5,59738.0,107532.25,1719.0,6122.0,3195.0,1731.5,1744.0,3933.0,2,1,3,1.125,1.0,1.0,1.0,1,2,1.5,1.5,1.25,1.75,"Hypergraph(num_v=27, num_e=4)",False,0.07158851623535148
2228,STATS,040-101-augF2-augA1,orig,0.05876445770263672,0.16550874710083,1,4,11,8,3,13472.02,2027,192676,78544.75,30750.5,59738.0,107532.25,1719.0,6122.0,3195.0,1731.5,1744.0,3933.0,1,1,3,1.125,1.0,1.0,1.0,3,3,3.0,3.0,3.0,3.0,"Hypergraph(num_v=27, num_e=4)",False,0.10674428939819328
2229,STATS,040-101-augF2-augA2,orig,0.05845355987548828,0.0942163467407226,1,4,11,8,3,13472.02,2027,192676,78544.75,30750.5,59738.0,107532.25,1719.0,6122.0,3195.0,1731.5,1744.0,3933.0,2,1,3,1.125,1.0,1.0,1.0,1,2,1.5,1.5,1.25,1.75,"Hypergraph(num_v=27, num_e=4)",False,0.03576278686523432
2230,STATS,040-101-augF2-augA3,orig,0.05907773971557617,0.1578328609466552,1,4,11,8,3,13472.02,2027,192676,78544.75,30750.5,59738.0,107532.25,1719.0,6122.0,3195.0,1731.5,1744.0,3933.0,1,1,3,1.125,1.0,1.0,1.0,3,3,3.0,3.0,3.0,3.0,"Hypergraph(num_v=27, num_e=4)",False,0.09875512123107902
2231,STATS,041-078,orig,0.12123799324035645,0.1838765144348144,1,6,10,5,5,16816.76,1,178345,60254.66666666666,200.25,40324.5,96861.75,98.0,19391.0,4650.8,99.0,323.0,3343.0,2,1,4,1.1666666666666667,1.0,1.0,1.0,1,4,2.5,2.5,1.75,3.25,"Hypergraph(num_v=35, num_e=6)",True,0.06263852119445795
2232,STATS,041-078-augA1,orig,0.12030959129333496,0.2150611877441406,1,6,10,5,5,16816.76,1,178345,60254.66666666666,200.25,40324.5,96861.75,98.0,19391.0,4650.8,99.0,323.0,3343.0,1,1,4,1.1666666666666667,1.0,1.0,1.0,5,5,5.0,5.0,5.0,5.0,"Hypergraph(num_v=35, num_e=6)",False,0.09475159645080564
2233,STATS,041-078-augA2,orig,0.11783623695373535,0.1277854442596435,1,6,10,5,5,16816.76,1,178345,60254.66666666666,200.25,40324.5,96861.75,98.0,19391.0,4650.8,99.0,323.0,3343.0,2,1,4,1.1666666666666667,1.0,1.0,1.0,1,4,2.5,2.5,1.75,3.25,"Hypergraph(num_v=35, num_e=6)",False,0.009949207305908148
2234,STATS,041-078-augA3,orig,0.11830401420593262,0.2157857418060302,1,6,10,5,5,16816.76,1,178345,60254.66666666666,200.25,40324.5,96861.75,98.0,19391.0,4650.8,99.0,323.0,3343.0,2,1,4,1.1666666666666667,1.0,1.0,1.0,1,4,2.5,2.5,1.75,3.25,"Hypergraph(num_v=35, num_e=6)",False,0.09748172760009757
2235,STATS,041-078-augA4,orig,0.11768579483032227,0.1747822761535644,1,6,10,5,5,16816.76,1,178345,60254.66666666666,200.25,40324.5,96861.75,98.0,19391.0,4650.8,99.0,323.0,3343.0,2,1,4,1.1666666666666667,1.0,1.0,1.0,1,4,2.5,2.5,1.75,3.25,"Hypergraph(num_v=35, num_e=6)",False,0.05709648132324213
2236,STATS,041-078-augA5,orig,0.11764788627624512,0.2111175060272216,1,6,10,5,5,16816.76,1,178345,60254.66666666666,200.25,40324.5,96861.75,98.0,19391.0,4650.8,99.0,323.0,3343.0,1,1,4,1.1666666666666667,1.0,1.0,1.0,5,5,5.0,5.0,5.0,5.0,"Hypergraph(num_v=35, num_e=6)",False,0.09346961975097648
2237,STATS,041-078-augF1,orig,0.15945172309875488,0.1710274219512939,1,6,10,5,5,17203.61,1,178345,60292.0,256.25,40436.5,96861.75,126.0,24857.0,5962.0,128.0,414.0,4285.0,2,1,4,1.1666666666666667,1.0,1.0,1.0,1,4,2.5,2.5,1.75,3.25,"Hypergraph(num_v=35, num_e=6)",False,0.011575698852539007
2238,STATS,041-078-augF1-augA1,orig,0.15639781951904297,0.1956598758697509,1,6,10,5,5,17203.61,1,178345,60292.0,256.25,40436.5,96861.75,126.0,24857.0,5962.0,128.0,414.0,4285.0,1,1,4,1.1666666666666667,1.0,1.0,1.0,5,5,5.0,5.0,5.0,5.0,"Hypergraph(num_v=35, num_e=6)",False,0.039262056350707925
2239,STATS,041-078-augF1-augA2,rewr,0.15646147727966309,0.1290473937988281,1,6,10,5,5,17203.61,1,178345,60292.0,256.25,40436.5,96861.75,126.0,24857.0,5962.0,128.0,414.0,4285.0,2,1,4,1.1666666666666667,1.0,1.0,1.0,1,4,2.5,2.5,1.75,3.25,"Hypergraph(num_v=35, num_e=6)",False,-0.02741408348083499
2240,STATS,041-078-augF1-augA3,orig,0.15709543228149414,0.2296204566955566,1,6,10,5,5,17203.61,1,178345,60292.0,256.25,40436.5,96861.75,126.0,24857.0,5962.0,128.0,414.0,4285.0,2,1,4,1.1666666666666667,1.0,1.0,1.0,1,4,2.5,2.5,1.75,3.25,"Hypergraph(num_v=35, num_e=6)",False,0.07252502441406247
2241,STATS,041-078-augF1-augA4,orig,0.15650320053100586,0.2014369964599609,1,6,10,5,5,17203.61,1,178345,60292.0,256.25,40436.5,96861.75,126.0,24857.0,5962.0,128.0,414.0,4285.0,2,1,4,1.1666666666666667,1.0,1.0,1.0,1,4,2.5,2.5,1.75,3.25,"Hypergraph(num_v=35, num_e=6)",False,0.04493379592895505
2242,STATS,041-078-augF1-augA5,orig,0.1553022861480713,0.1876111030578613,1,6,10,5,5,17203.61,1,178345,60292.0,256.25,40436.5,96861.75,126.0,24857.0,5962.0,128.0,414.0,4285.0,1,1,4,1.1666666666666667,1.0,1.0,1.0,5,5,5.0,5.0,5.0,5.0,"Hypergraph(num_v=35, num_e=6)",False,0.03230881690979001
2243,STATS,041-078-augF2,orig,0.0697939395904541,0.1613557338714599,1,6,10,5,5,16774.52,1,178345,60254.66666666666,200.25,40324.5,96861.75,71.0,14100.0,3564.2,72.0,235.0,3343.0,2,1,4,1.1666666666666667,1.0,1.0,1.0,1,4,2.5,2.5,1.75,3.25,"Hypergraph(num_v=35, num_e=6)",False,0.0915617942810058
2244,STATS,041-078-augF2-augA1,orig,0.0670938491821289,0.2019665241241455,1,6,10,5,5,16774.52,1,178345,60254.66666666666,200.25,40324.5,96861.75,71.0,14100.0,3564.2,72.0,235.0,3343.0,1,1,4,1.1666666666666667,1.0,1.0,1.0,5,5,5.0,5.0,5.0,5.0,"Hypergraph(num_v=35, num_e=6)",False,0.1348726749420166
2245,STATS,041-078-augF2-augA2,orig,0.0667271614074707,0.1265866756439209,1,6,10,5,5,16774.52,1,178345,60254.66666666666,200.25,40324.5,96861.75,71.0,14100.0,3564.2,72.0,235.0,3343.0,2,1,4,1.1666666666666667,1.0,1.0,1.0,1,4,2.5,2.5,1.75,3.25,"Hypergraph(num_v=35, num_e=6)",False,0.059859514236450195
2246,STATS,041-078-augF2-augA3,orig,0.06667852401733398,0.1998450756072998,1,6,10,5,5,16774.52,1,178345,60254.66666666666,200.25,40324.5,96861.75,71.0,14100.0,3564.2,72.0,235.0,3343.0,2,1,4,1.1666666666666667,1.0,1.0,1.0,1,4,2.5,2.5,1.75,3.25,"Hypergraph(num_v=35, num_e=6)",False,0.13316655158996582
2247,STATS,041-078-augF2-augA4,orig,0.06689119338989258,0.1935443878173828,1,6,10,5,5,16774.52,1,178345,60254.66666666666,200.25,40324.5,96861.75,71.0,14100.0,3564.2,72.0,235.0,3343.0,2,1,4,1.1666666666666667,1.0,1.0,1.0,1,4,2.5,2.5,1.75,3.25,"Hypergraph(num_v=35, num_e=6)",False,0.12665319442749023
2248,STATS,041-078-augF2-augA5,orig,0.06689095497131348,0.1873221397399902,1,6,10,5,5,16774.52,1,178345,60254.66666666666,200.25,40324.5,96861.75,71.0,14100.0,3564.2,72.0,235.0,3343.0,1,1,4,1.1666666666666667,1.0,1.0,1.0,5,5,5.0,5.0,5.0,5.0,"Hypergraph(num_v=35, num_e=6)",False,0.12043118476867673
2249,STATS,042-006,rewr,0.11315560340881348,0.039863109588623,1,2,6,5,1,39798.16,41837,79626,60731.5,51284.25,60731.5,70178.75,1473651.0,1473651.0,1473651.0,1473651.0,1473651.0,1473651.0,1,1,2,1.0833333333333333,1.0,1.0,1.0,1,1,1.0,1.0,1.0,1.0,"Hypergraph(num_v=13, num_e=2)",True,-0.07329249382019049
2250,STATS,042-006-augA1,rewr,0.07851576805114746,0.0417084693908691,1,2,6,5,1,39798.16,41837,79626,60731.5,51284.25,60731.5,70178.75,1473651.0,1473651.0,1473651.0,1473651.0,1473651.0,1473651.0,1,1,2,1.0833333333333333,1.0,1.0,1.0,1,1,1.0,1.0,1.0,1.0,"Hypergraph(num_v=13, num_e=2)",False,-0.03680729866027836
2251,STATS,042-006-augF1,rewr,0.08988642692565918,0.0367577075958251,1,2,6,5,1,32415.41,31355,79626,55490.5,43422.75,55490.5,67558.25,1104437.0,1104437.0,1104437.0,1104437.0,1104437.0,1104437.0,1,1,2,1.0833333333333333,1.0,1.0,1.0,1,1,1.0,1.0,1.0,1.0,"Hypergraph(num_v=13, num_e=2)",False,-0.05312871932983408
2252,STATS,042-006-augF1-augA1,rewr,0.05998373031616211,0.0394067764282226,1,2,6,5,1,32415.41,31355,79626,55490.5,43422.75,55490.5,67558.25,1104437.0,1104437.0,1104437.0,1104437.0,1104437.0,1104437.0,1,1,2,1.0833333333333333,1.0,1.0,1.0,1,1,1.0,1.0,1.0,1.0,"Hypergraph(num_v=13, num_e=2)",False,-0.02057695388793951
2253,STATS,042-006-augF2,rewr,0.11503386497497559,0.0397922992706298,1,2,6,5,1,39887.67,41837,79843,60840.0,51338.5,60840.0,70341.5,1477667.0,1477667.0,1477667.0,1477667.0,1477667.0,1477667.0,1,1,2,1.0833333333333333,1.0,1.0,1.0,1,1,1.0,1.0,1.0,1.0,"Hypergraph(num_v=13, num_e=2)",False,-0.07524156570434579
2254,STATS,042-006-augF2-augA1,rewr,0.0772256851196289,0.0412545204162597,1,2,6,5,1,39887.67,41837,79843,60840.0,51338.5,60840.0,70341.5,1477667.0,1477667.0,1477667.0,1477667.0,1477667.0,1477667.0,1,1,2,1.0833333333333333,1.0,1.0,1.0,1,1,1.0,1.0,1.0,1.0,"Hypergraph(num_v=13, num_e=2)",False,-0.0359711647033692
2255,STATS,043-076,orig,0.1744389533996582,0.2892794609069824,1,6,15,10,5,27441.44,19167,154454,74427.83333333333,41105.25,66742.5,96861.75,11177.0,1927855.0,418761.8,21182.0,60469.0,73126.0,2,1,4,1.1666666666666667,1.0,1.0,1.0,1,4,2.5,2.5,1.75,3.25,"Hypergraph(num_v=35, num_e=6)",True,0.11484050750732422
2256,STATS,043-076-augA1,orig,0.1647477149963379,0.3223509788513183,1,6,15,10,5,27441.44,19167,154454,74427.83333333333,41105.25,66742.5,96861.75,11177.0,1927855.0,418761.8,21182.0,60469.0,73126.0,1,1,4,1.1666666666666667,1.0,1.0,1.0,5,5,5.0,5.0,5.0,5.0,"Hypergraph(num_v=35, num_e=6)",False,0.1576032638549804
2257,STATS,043-076-augA2,orig,0.17307734489440918,0.2487411499023437,1,6,15,10,5,27441.44,19167,154454,74427.83333333333,41105.25,66742.5,96861.75,11177.0,1927855.0,418761.8,21182.0,60469.0,73126.0,2,1,4,1.1666666666666667,1.0,1.0,1.0,1,4,2.5,2.5,1.75,3.25,"Hypergraph(num_v=35, num_e=6)",False,0.07566380500793451
2258,STATS,043-076-augA3,orig,0.17480945587158203,0.2490766048431396,1,6,15,10,5,27441.44,19167,154454,74427.83333333333,41105.25,66742.5,96861.75,11177.0,1927855.0,418761.8,21182.0,60469.0,73126.0,2,1,4,1.1666666666666667,1.0,1.0,1.0,1,4,2.5,2.5,1.75,3.25,"Hypergraph(num_v=35, num_e=6)",False,0.07426714897155756
2259,STATS,043-076-augA4,orig,0.16562438011169434,0.2855584621429443,1,6,15,10,5,27441.44,19167,154454,74427.83333333333,41105.25,66742.5,96861.75,11177.0,1927855.0,418761.8,21182.0,60469.0,73126.0,2,1,4,1.1666666666666667,1.0,1.0,1.0,1,4,2.5,2.5,1.75,3.25,"Hypergraph(num_v=35, num_e=6)",False,0.11993408203124994
2260,STATS,043-076-augA5,orig,0.17210054397583008,0.2884843349456787,1,6,15,10,5,27441.44,19167,154454,74427.83333333333,41105.25,66742.5,96861.75,11177.0,1927855.0,418761.8,21182.0,60469.0,73126.0,1,1,4,1.1666666666666667,1.0,1.0,1.0,5,5,5.0,5.0,5.0,5.0,"Hypergraph(num_v=35, num_e=6)",False,0.11638379096984863
2261,STATS,043-076-augF1,orig,0.05522799491882324,0.169093370437622,1,6,15,10,5,18059.41,1,154454,65086.0,13441.5,66742.5,96861.75,48.0,7461.0,1581.4,49.0,138.0,211.0,2,1,4,1.1666666666666667,1.0,1.0,1.0,1,4,2.5,2.5,1.75,3.25,"Hypergraph(num_v=35, num_e=6)",False,0.11386537551879874
2262,STATS,043-076-augF1-augA1,orig,0.05600237846374512,0.2013494968414306,1,6,15,10,5,18059.41,1,154454,65086.0,13441.5,66742.5,96861.75,48.0,7461.0,1581.4,49.0,138.0,211.0,1,1,4,1.1666666666666667,1.0,1.0,1.0,5,5,5.0,5.0,5.0,5.0,"Hypergraph(num_v=35, num_e=6)",False,0.1453471183776855
2263,STATS,043-076-augF1-augA2,orig,0.05492520332336426,0.1956963539123535,1,6,15,10,5,18059.41,1,154454,65086.0,13441.5,66742.5,96861.75,48.0,7461.0,1581.4,49.0,138.0,211.0,2,1,4,1.1666666666666667,1.0,1.0,1.0,1,4,2.5,2.5,1.75,3.25,"Hypergraph(num_v=35, num_e=6)",False,0.14077115058898923
2264,STATS,043-076-augF1-augA3,orig,0.05483222007751465,0.1396491527557373,1,6,15,10,5,18059.41,1,154454,65086.0,13441.5,66742.5,96861.75,48.0,7461.0,1581.4,49.0,138.0,211.0,2,1,4,1.1666666666666667,1.0,1.0,1.0,1,4,2.5,2.5,1.75,3.25,"Hypergraph(num_v=35, num_e=6)",False,0.08481693267822266
2265,STATS,043-076-augF1-augA4,orig,0.05542755126953125,0.1880016326904297,1,6,15,10,5,18059.41,1,154454,65086.0,13441.5,66742.5,96861.75,48.0,7461.0,1581.4,49.0,138.0,211.0,2,1,4,1.1666666666666667,1.0,1.0,1.0,1,4,2.5,2.5,1.75,3.25,"Hypergraph(num_v=35, num_e=6)",False,0.13257408142089844
2266,STATS,043-076-augF1-augA5,orig,0.055376529693603516,0.2090201377868652,1,6,15,10,5,18059.41,1,154454,65086.0,13441.5,66742.5,96861.75,48.0,7461.0,1581.4,49.0,138.0,211.0,1,1,4,1.1666666666666667,1.0,1.0,1.0,5,5,5.0,5.0,5.0,5.0,"Hypergraph(num_v=35, num_e=6)",False,0.1536436080932617
2267,STATS,043-076-augF2,orig,0.1799771785736084,0.2809760570526123,1,6,15,10,5,27495.33,19308,154454,74451.33333333333,41105.25,66742.5,96861.75,11259.0,1942033.0,421734.0,21338.0,60914.0,73126.0,2,1,4,1.1666666666666667,1.0,1.0,1.0,1,4,2.5,2.5,1.75,3.25,"Hypergraph(num_v=35, num_e=6)",False,0.1009988784790039
2268,STATS,043-076-augF2-augA1,orig,0.1679668426513672,0.2653734683990478,1,6,15,10,5,27495.33,19308,154454,74451.33333333333,41105.25,66742.5,96861.75,11259.0,1942033.0,421734.0,21338.0,60914.0,73126.0,1,1,4,1.1666666666666667,1.0,1.0,1.0,5,5,5.0,5.0,5.0,5.0,"Hypergraph(num_v=35, num_e=6)",False,0.09740662574768061
2269,STATS,043-076-augF2-augA2,orig,0.18275904655456543,0.2673232555389404,1,6,15,10,5,27495.33,19308,154454,74451.33333333333,41105.25,66742.5,96861.75,11259.0,1942033.0,421734.0,21338.0,60914.0,73126.0,2,1,4,1.1666666666666667,1.0,1.0,1.0,1,4,2.5,2.5,1.75,3.25,"Hypergraph(num_v=35, num_e=6)",False,0.08456420898437494
2270,STATS,043-076-augF2-augA3,orig,0.17932844161987305,0.270190954208374,1,6,15,10,5,27495.33,19308,154454,74451.33333333333,41105.25,66742.5,96861.75,11259.0,1942033.0,421734.0,21338.0,60914.0,73126.0,2,1,4,1.1666666666666667,1.0,1.0,1.0,1,4,2.5,2.5,1.75,3.25,"Hypergraph(num_v=35, num_e=6)",False,0.09086251258850098
2271,STATS,043-076-augF2-augA4,orig,0.1814255714416504,0.308802843093872,1,6,15,10,5,27495.33,19308,154454,74451.33333333333,41105.25,66742.5,96861.75,11259.0,1942033.0,421734.0,21338.0,60914.0,73126.0,2,1,4,1.1666666666666667,1.0,1.0,1.0,1,4,2.5,2.5,1.75,3.25,"Hypergraph(num_v=35, num_e=6)",False,0.12737727165222162
2272,STATS,043-076-augF2-augA5,orig,0.179304838180542,0.2929253578186035,1,6,15,10,5,27495.33,19308,154454,74451.33333333333,41105.25,66742.5,96861.75,11259.0,1942033.0,421734.0,21338.0,60914.0,73126.0,1,1,4,1.1666666666666667,1.0,1.0,1.0,5,5,5.0,5.0,5.0,5.0,"Hypergraph(num_v=35, num_e=6)",False,0.11362051963806152
2273,STATS,044-145,orig,0.12527036666870117,0.1899268627166748,1,6,15,10,5,17401.98,1,191225,60793.5,12831.5,30197.0,87122.75,983.0,6581.0,2535.0,1000.0,1862.0,2249.0,2,1,5,1.15625,1.0,1.0,1.0,1,4,2.5,2.5,1.75,3.25,"Hypergraph(num_v=37, num_e=6)",True,0.06465649604797363
2274,STATS,044-145-augA1,orig,0.12630462646484375,0.3034052848815918,1,6,15,10,5,17401.98,1,191225,60793.5,12831.5,30197.0,87122.75,983.0,6581.0,2535.0,1000.0,1862.0,2249.0,1,1,5,1.15625,1.0,1.0,1.0,5,5,5.0,5.0,5.0,5.0,"Hypergraph(num_v=37, num_e=6)",False,0.17710065841674805
2275,STATS,044-145-augA2,orig,0.12630605697631836,0.3375120162963867,1,6,15,10,5,17401.98,1,191225,60793.5,12831.5,30197.0,87122.75,983.0,6581.0,2535.0,1000.0,1862.0,2249.0,2,1,5,1.15625,1.0,1.0,1.0,1,4,2.5,2.5,1.75,3.25,"Hypergraph(num_v=37, num_e=6)",False,0.21120595932006836
2276,STATS,044-145-augA3,orig,0.12556719779968262,0.2458443641662597,1,6,15,10,5,17401.98,1,191225,60793.5,12831.5,30197.0,87122.75,983.0,6581.0,2535.0,1000.0,1862.0,2249.0,2,1,5,1.15625,1.0,1.0,1.0,1,4,2.5,2.5,1.75,3.25,"Hypergraph(num_v=37, num_e=6)",False,0.12027716636657709
2277,STATS,044-145-augA4,orig,0.12366962432861328,0.1825423240661621,1,6,15,10,5,17401.98,1,191225,60793.5,12831.5,30197.0,87122.75,983.0,6581.0,2535.0,1000.0,1862.0,2249.0,2,1,5,1.15625,1.0,1.0,1.0,1,4,2.5,2.5,1.75,3.25,"Hypergraph(num_v=37, num_e=6)",False,0.05887269973754883
2278,STATS,044-145-augA5,orig,0.12816548347473145,0.2609410285949707,1,6,15,10,5,17401.98,1,191225,60793.5,12831.5,30197.0,87122.75,983.0,6581.0,2535.0,1000.0,1862.0,2249.0,1,1,5,1.15625,1.0,1.0,1.0,5,5,5.0,5.0,5.0,5.0,"Hypergraph(num_v=37, num_e=6)",False,0.13277554512023926
2279,STATS,044-145-augF1,orig,0.016790390014648438,0.0203132629394531,1,6,15,10,5,16619.65,1,191225,57543.833333333336,2653.0,25752.0,87122.75,1.0,2.0,1.2,1.0,1.0,1.0,2,1,5,1.15625,1.0,1.0,1.0,1,4,2.5,2.5,1.75,3.25,"Hypergraph(num_v=37, num_e=6)",False,0.003522872924804663
2280,STATS,044-145-augF1-augA1,orig,0.01639389991760254,0.0201568603515625,1,6,15,10,5,16619.65,1,191225,57543.833333333336,2653.0,25752.0,87122.75,1.0,2.0,1.2,1.0,1.0,1.0,1,1,5,1.15625,1.0,1.0,1.0,5,5,5.0,5.0,5.0,5.0,"Hypergraph(num_v=37, num_e=6)",False,0.003762960433959961
2281,STATS,044-145-augF1-augA2,orig,0.015935182571411133,0.020639419555664,1,6,15,10,5,16619.65,1,191225,57543.833333333336,2653.0,25752.0,87122.75,1.0,2.0,1.2,1.0,1.0,1.0,2,1,5,1.15625,1.0,1.0,1.0,1,4,2.5,2.5,1.75,3.25,"Hypergraph(num_v=37, num_e=6)",False,0.004704236984252867
2282,STATS,044-145-augF1-augA3,orig,0.01630258560180664,0.024554967880249,1,6,15,10,5,16619.65,1,191225,57543.833333333336,2653.0,25752.0,87122.75,1.0,2.0,1.2,1.0,1.0,1.0,2,1,5,1.15625,1.0,1.0,1.0,1,4,2.5,2.5,1.75,3.25,"Hypergraph(num_v=37, num_e=6)",False,0.008252382278442359
2283,STATS,044-145-augF1-augA4,orig,0.01647472381591797,0.0249583721160888,1,6,15,10,5,16619.65,1,191225,57543.833333333336,2653.0,25752.0,87122.75,1.0,2.0,1.2,1.0,1.0,1.0,2,1,5,1.15625,1.0,1.0,1.0,1,4,2.5,2.5,1.75,3.25,"Hypergraph(num_v=37, num_e=6)",False,0.008483648300170833
2284,STATS,044-145-augF1-augA5,orig,0.016255617141723633,0.0197072029113769,1,6,15,10,5,16619.65,1,191225,57543.833333333336,2653.0,25752.0,87122.75,1.0,2.0,1.2,1.0,1.0,1.0,1,1,5,1.15625,1.0,1.0,1.0,5,5,5.0,5.0,5.0,5.0,"Hypergraph(num_v=37, num_e=6)",False,0.0034515857696532683
2285,STATS,044-145-augF2,orig,0.12337708473205566,0.2225515842437744,1,6,15,10,5,17358.01,1,180335,58978.5,12831.5,30197.0,87122.75,983.0,6206.0,2460.0,1000.0,1862.0,2249.0,2,1,5,1.15625,1.0,1.0,1.0,1,4,2.5,2.5,1.75,3.25,"Hypergraph(num_v=37, num_e=6)",False,0.09917449951171872
2286,STATS,044-145-augF2-augA1,orig,0.12437677383422852,0.2502541542053222,1,6,15,10,5,17358.01,1,180335,58978.5,12831.5,30197.0,87122.75,983.0,6206.0,2460.0,1000.0,1862.0,2249.0,1,1,5,1.15625,1.0,1.0,1.0,5,5,5.0,5.0,5.0,5.0,"Hypergraph(num_v=37, num_e=6)",False,0.1258773803710937
2287,STATS,044-145-augF2-augA2,orig,0.12627267837524414,0.2722737789154053,1,6,15,10,5,17358.01,1,180335,58978.5,12831.5,30197.0,87122.75,983.0,6206.0,2460.0,1000.0,1862.0,2249.0,2,1,5,1.15625,1.0,1.0,1.0,1,4,2.5,2.5,1.75,3.25,"Hypergraph(num_v=37, num_e=6)",False,0.14600110054016113
2288,STATS,044-145-augF2-augA3,orig,0.12473034858703613,0.2363691329956054,1,6,15,10,5,17358.01,1,180335,58978.5,12831.5,30197.0,87122.75,983.0,6206.0,2460.0,1000.0,1862.0,2249.0,2,1,5,1.15625,1.0,1.0,1.0,1,4,2.5,2.5,1.75,3.25,"Hypergraph(num_v=37, num_e=6)",False,0.11163878440856928
2289,STATS,044-145-augF2-augA4,orig,0.12164711952209473,0.1565780639648437,1,6,15,10,5,17358.01,1,180335,58978.5,12831.5,30197.0,87122.75,983.0,6206.0,2460.0,1000.0,1862.0,2249.0,2,1,5,1.15625,1.0,1.0,1.0,1,4,2.5,2.5,1.75,3.25,"Hypergraph(num_v=37, num_e=6)",False,0.03493094444274897
2290,STATS,044-145-augF2-augA5,orig,0.12601470947265625,0.2313952445983886,1,6,15,10,5,17358.01,1,180335,58978.5,12831.5,30197.0,87122.75,983.0,6206.0,2460.0,1000.0,1862.0,2249.0,1,1,5,1.15625,1.0,1.0,1.0,5,5,5.0,5.0,5.0,5.0,"Hypergraph(num_v=37, num_e=6)",False,0.10538053512573234
2291,STATS,045-046,orig,0.11621975898742676,0.3186702728271484,1,5,14,10,4,17985.48,9788,192524,97881.2,10831.0,101539.0,174724.0,1153.0,14621.0,5288.75,1242.25,2690.5,6737.0,2,1,5,1.148148148148148,1.0,1.0,1.0,1,3,2.0,2.0,1.5,2.5,"Hypergraph(num_v=31, num_e=5)",True,0.20245051383972162
2292,STATS,045-046-augA1,orig,0.11823606491088867,0.5130870342254639,1,5,14,10,4,17985.48,9788,192524,97881.2,10831.0,101539.0,174724.0,1153.0,14621.0,5288.75,1242.25,2690.5,6737.0,1,1,5,1.148148148148148,1.0,1.0,1.0,4,4,4.0,4.0,4.0,4.0,"Hypergraph(num_v=31, num_e=5)",False,0.3948509693145752
2293,STATS,045-046-augA2,orig,0.11973261833190918,0.3587691783905029,1,5,14,10,4,17985.48,9788,192524,97881.2,10831.0,101539.0,174724.0,1153.0,14621.0,5288.75,1242.25,2690.5,6737.0,2,1,5,1.148148148148148,1.0,1.0,1.0,1,3,2.0,2.0,1.5,2.5,"Hypergraph(num_v=31, num_e=5)",False,0.2390365600585937
2294,STATS,045-046-augA3,orig,0.11913895606994629,0.4451413154602051,1,5,14,10,4,17985.48,9788,192524,97881.2,10831.0,101539.0,174724.0,1153.0,14621.0,5288.75,1242.25,2690.5,6737.0,1,1,5,1.148148148148148,1.0,1.0,1.0,4,4,4.0,4.0,4.0,4.0,"Hypergraph(num_v=31, num_e=5)",False,0.3260023593902588
2295,STATS,045-046-augA4,orig,0.11723041534423828,0.1948516368865966,1,5,14,10,4,17985.48,9788,192524,97881.2,10831.0,101539.0,174724.0,1153.0,14621.0,5288.75,1242.25,2690.5,6737.0,2,1,5,1.148148148148148,1.0,1.0,1.0,1,3,2.0,2.0,1.5,2.5,"Hypergraph(num_v=31, num_e=5)",False,0.07762122154235832
2296,STATS,045-046-augF1,orig,0.11715817451477051,0.2316229343414306,1,5,14,10,4,17986.02,9788,192524,97884.4,10847.0,101539.0,174724.0,1154.0,14642.0,5296.25,1244.0,2694.5,6746.75,2,1,5,1.148148148148148,1.0,1.0,1.0,1,3,2.0,2.0,1.5,2.5,"Hypergraph(num_v=31, num_e=5)",False,0.1144647598266601
2297,STATS,045-046-augF1-augA1,orig,0.11662650108337402,0.265371561050415,1,5,14,10,4,17986.02,9788,192524,97884.4,10847.0,101539.0,174724.0,1154.0,14642.0,5296.25,1244.0,2694.5,6746.75,1,1,5,1.148148148148148,1.0,1.0,1.0,4,4,4.0,4.0,4.0,4.0,"Hypergraph(num_v=31, num_e=5)",False,0.14874505996704096
2298,STATS,045-046-augF1-augA2,orig,0.11987066268920898,0.2717201709747314,1,5,14,10,4,17986.02,9788,192524,97884.4,10847.0,101539.0,174724.0,1154.0,14642.0,5296.25,1244.0,2694.5,6746.75,2,1,5,1.148148148148148,1.0,1.0,1.0,1,3,2.0,2.0,1.5,2.5,"Hypergraph(num_v=31, num_e=5)",False,0.1518495082855224
2299,STATS,045-046-augF1-augA3,orig,0.1179800033569336,0.1759383678436279,1,5,14,10,4,17986.02,9788,192524,97884.4,10847.0,101539.0,174724.0,1154.0,14642.0,5296.25,1244.0,2694.5,6746.75,2,1,5,1.148148148148148,1.0,1.0,1.0,1,3,2.0,2.0,1.5,2.5,"Hypergraph(num_v=31, num_e=5)",False,0.05795836448669431
2300,STATS,045-046-augF1-augA4,orig,0.1160438060760498,0.1807663440704345,1,5,14,10,4,17986.02,9788,192524,97884.4,10847.0,101539.0,174724.0,1154.0,14642.0,5296.25,1244.0,2694.5,6746.75,2,1,5,1.148148148148148,1.0,1.0,1.0,1,3,2.0,2.0,1.5,2.5,"Hypergraph(num_v=31, num_e=5)",False,0.06472253799438468
2301,STATS,045-046-augF2,orig,0.0610659122467041,0.1511564254760742,1,5,14,10,4,16944.73,1,192524,93907.2,748.0,101539.0,174724.0,97.0,2018.0,886.25,259.75,715.0,1341.5,2,1,5,1.148148148148148,1.0,1.0,1.0,1,3,2.0,2.0,1.5,2.5,"Hypergraph(num_v=31, num_e=5)",False,0.09009051322937009
2302,STATS,045-046-augF2-augA1,orig,0.061933040618896484,0.2510819435119629,1,5,14,10,4,16944.73,1,192524,93907.2,748.0,101539.0,174724.0,97.0,2018.0,886.25,259.75,715.0,1341.5,1,1,5,1.148148148148148,1.0,1.0,1.0,4,4,4.0,4.0,4.0,4.0,"Hypergraph(num_v=31, num_e=5)",False,0.1891489028930664
2303,STATS,045-046-augF2-augA2,orig,0.0629267692565918,0.2577271461486816,1,5,14,10,4,16944.73,1,192524,93907.2,748.0,101539.0,174724.0,97.0,2018.0,886.25,259.75,715.0,1341.5,2,1,5,1.148148148148148,1.0,1.0,1.0,1,3,2.0,2.0,1.5,2.5,"Hypergraph(num_v=31, num_e=5)",False,0.1948003768920898
2304,STATS,045-046-augF2-augA3,orig,0.06112074851989746,0.267735481262207,1,5,14,10,4,16944.73,1,192524,93907.2,748.0,101539.0,174724.0,97.0,2018.0,886.25,259.75,715.0,1341.5,2,1,5,1.148148148148148,1.0,1.0,1.0,1,3,2.0,2.0,1.5,2.5,"Hypergraph(num_v=31, num_e=5)",False,0.20661473274230951
2305,STATS,045-046-augF2-augA4,orig,0.06181931495666504,0.1545946598052978,1,5,14,10,4,16944.73,1,192524,93907.2,748.0,101539.0,174724.0,97.0,2018.0,886.25,259.75,715.0,1341.5,2,1,5,1.148148148148148,1.0,1.0,1.0,1,3,2.0,2.0,1.5,2.5,"Hypergraph(num_v=31, num_e=5)",False,0.09277534484863276
2306,STATS,046-128,orig,0.11656546592712402,0.2271454334259033,1,5,14,10,4,17985.48,9788,192524,97881.2,10831.0,101539.0,174724.0,1153.0,14621.0,5288.75,1242.25,2690.5,6737.0,2,1,5,1.148148148148148,1.0,1.0,1.0,1,3,2.0,2.0,1.5,2.5,"Hypergraph(num_v=31, num_e=5)",True,0.11057996749877927
2307,STATS,046-128-augA1,orig,0.11711525917053223,0.3958492279052734,1,5,14,10,4,17985.48,9788,192524,97881.2,10831.0,101539.0,174724.0,1153.0,14621.0,5288.75,1242.25,2690.5,6737.0,1,1,5,1.148148148148148,1.0,1.0,1.0,4,4,4.0,4.0,4.0,4.0,"Hypergraph(num_v=31, num_e=5)",False,0.27873396873474116
2308,STATS,046-128-augA2,orig,0.11447024345397949,0.2563197612762451,1,5,14,10,4,17985.48,9788,192524,97881.2,10831.0,101539.0,174724.0,1153.0,14621.0,5288.75,1242.25,2690.5,6737.0,2,1,5,1.148148148148148,1.0,1.0,1.0,1,3,2.0,2.0,1.5,2.5,"Hypergraph(num_v=31, num_e=5)",False,0.14184951782226562
2309,STATS,046-128-augA3,orig,0.11870908737182617,0.1627135276794433,1,5,14,10,4,17985.48,9788,192524,97881.2,10831.0,101539.0,174724.0,1153.0,14621.0,5288.75,1242.25,2690.5,6737.0,2,1,5,1.148148148148148,1.0,1.0,1.0,1,3,2.0,2.0,1.5,2.5,"Hypergraph(num_v=31, num_e=5)",False,0.04400444030761713
2310,STATS,046-128-augA4,orig,0.11308121681213379,0.1923692226409912,1,5,14,10,4,17985.48,9788,192524,97881.2,10831.0,101539.0,174724.0,1153.0,14621.0,5288.75,1242.25,2690.5,6737.0,2,1,5,1.148148148148148,1.0,1.0,1.0,1,3,2.0,2.0,1.5,2.5,"Hypergraph(num_v=31, num_e=5)",False,0.07928800582885742
2311,STATS,046-128-augF1,orig,0.1353590488433838,0.2149524688720703,1,5,14,10,4,18029.74,9788,192524,98135.8,12104.0,101539.0,174724.0,1288.0,16339.0,5910.25,1388.5,3007.0,7528.75,2,1,5,1.148148148148148,1.0,1.0,1.0,1,3,2.0,2.0,1.5,2.5,"Hypergraph(num_v=31, num_e=5)",False,0.07959342002868652
2312,STATS,046-128-augF1-augA1,orig,0.1306924819946289,0.2669293880462646,1,5,14,10,4,18029.74,9788,192524,98135.8,12104.0,101539.0,174724.0,1288.0,16339.0,5910.25,1388.5,3007.0,7528.75,1,1,5,1.148148148148148,1.0,1.0,1.0,4,4,4.0,4.0,4.0,4.0,"Hypergraph(num_v=31, num_e=5)",False,0.1362369060516357
2313,STATS,046-128-augF1-augA2,orig,0.13339900970458984,0.3948860168457031,1,5,14,10,4,18029.74,9788,192524,98135.8,12104.0,101539.0,174724.0,1288.0,16339.0,5910.25,1388.5,3007.0,7528.75,2,1,5,1.148148148148148,1.0,1.0,1.0,1,3,2.0,2.0,1.5,2.5,"Hypergraph(num_v=31, num_e=5)",False,0.2614870071411133
2314,STATS,046-128-augF1-augA3,orig,0.1387310028076172,0.1988637447357177,1,5,14,10,4,18029.74,9788,192524,98135.8,12104.0,101539.0,174724.0,1288.0,16339.0,5910.25,1388.5,3007.0,7528.75,2,1,5,1.148148148148148,1.0,1.0,1.0,1,3,2.0,2.0,1.5,2.5,"Hypergraph(num_v=31, num_e=5)",False,0.0601327419281005
2315,STATS,046-128-augF1-augA4,orig,0.13781356811523438,0.1950671672821045,1,5,14,10,4,18029.74,9788,192524,98135.8,12104.0,101539.0,174724.0,1288.0,16339.0,5910.25,1388.5,3007.0,7528.75,2,1,5,1.148148148148148,1.0,1.0,1.0,1,3,2.0,2.0,1.5,2.5,"Hypergraph(num_v=31, num_e=5)",False,0.05725359916687012
2316,STATS,046-128-augF2,orig,0.11028766632080078,0.2167198657989502,1,5,14,10,4,17882.34,9788,192524,93657.8,10831.0,101539.0,153607.0,1153.0,12854.0,4722.75,1242.25,2442.0,5922.5,2,1,5,1.148148148148148,1.0,1.0,1.0,1,3,2.0,2.0,1.5,2.5,"Hypergraph(num_v=31, num_e=5)",False,0.10643219947814941
2317,STATS,046-128-augF2-augA1,orig,0.1086738109588623,0.2424373626708984,1,5,14,10,4,17882.34,9788,192524,93657.8,10831.0,101539.0,153607.0,1153.0,12854.0,4722.75,1242.25,2442.0,5922.5,1,1,5,1.148148148148148,1.0,1.0,1.0,4,4,4.0,4.0,4.0,4.0,"Hypergraph(num_v=31, num_e=5)",False,0.1337635517120361
2318,STATS,046-128-augF2-augA2,orig,0.10976886749267578,0.2567229270935058,1,5,14,10,4,17882.34,9788,192524,93657.8,10831.0,101539.0,153607.0,1153.0,12854.0,4722.75,1242.25,2442.0,5922.5,2,1,5,1.148148148148148,1.0,1.0,1.0,1,3,2.0,2.0,1.5,2.5,"Hypergraph(num_v=31, num_e=5)",False,0.14695405960083002
2319,STATS,046-128-augF2-augA3,orig,0.11065077781677246,0.1992416381835937,1,5,14,10,4,17882.34,9788,192524,93657.8,10831.0,101539.0,153607.0,1153.0,12854.0,4722.75,1242.25,2442.0,5922.5,2,1,5,1.148148148148148,1.0,1.0,1.0,1,3,2.0,2.0,1.5,2.5,"Hypergraph(num_v=31, num_e=5)",False,0.08859086036682123
2320,STATS,046-128-augF2-augA4,orig,0.10844993591308594,0.1862349510192871,1,5,14,10,4,17882.34,9788,192524,93657.8,10831.0,101539.0,153607.0,1153.0,12854.0,4722.75,1242.25,2442.0,5922.5,2,1,5,1.148148148148148,1.0,1.0,1.0,1,3,2.0,2.0,1.5,2.5,"Hypergraph(num_v=31, num_e=5)",False,0.07778501510620117
2321,STATS,047-008,rewr,0.06943368911743164,0.0478324890136718,1,3,7,5,2,56289.42,9533,89472,59503.0,44518.5,79504.0,84488.0,9273.0,2499809.0,1254541.0,631907.0,1254541.0,1877175.0,2,1,2,1.0526315789473684,1.0,1.0,1.0,1,1,1.0,1.0,1.0,1.0,"Hypergraph(num_v=20, num_e=3)",True,-0.021601200103759842
2322,STATS,047-008-augA1,rewr,0.06896567344665527,0.0631599426269531,1,3,7,5,2,56289.42,9533,89472,59503.0,44518.5,79504.0,84488.0,9273.0,2499809.0,1254541.0,631907.0,1254541.0,1877175.0,1,1,2,1.0526315789473684,1.0,1.0,1.0,2,2,2.0,2.0,2.0,2.0,"Hypergraph(num_v=20, num_e=3)",False,-0.005805730819702176
2323,STATS,047-008-augA2,orig,0.06830358505249023,0.1345887184143066,1,3,7,5,2,56289.42,9533,89472,59503.0,44518.5,79504.0,84488.0,9273.0,2499809.0,1254541.0,631907.0,1254541.0,1877175.0,2,1,2,1.0526315789473684,1.0,1.0,1.0,1,1,1.0,1.0,1.0,1.0,"Hypergraph(num_v=20, num_e=3)",False,0.06628513336181638
2324,STATS,047-008-augF1,orig,0.005896329879760742,0.0096774101257324,1,3,7,5,2,4184.13,1,79504,26502.0,1.0,1.0,39752.5,1.0,262.0,131.5,66.25,131.5,196.75,2,1,2,1.0526315789473684,1.0,1.0,1.0,1,1,1.0,1.0,1.0,1.0,"Hypergraph(num_v=20, num_e=3)",False,0.003781080245971657
2325,STATS,047-008-augF1-augA1,rewr,0.005560159683227539,0.0054504871368408,1,3,7,5,2,4184.13,1,79504,26502.0,1.0,1.0,39752.5,1.0,262.0,131.5,66.25,131.5,196.75,1,1,2,1.0526315789473684,1.0,1.0,1.0,2,2,2.0,2.0,2.0,2.0,"Hypergraph(num_v=20, num_e=3)",False,-0.0001096725463867387
2326,STATS,047-008-augF1-augA2,orig,0.005137443542480469,0.098792552947998,1,3,7,5,2,4184.13,1,79504,26502.0,1.0,1.0,39752.5,1.0,262.0,131.5,66.25,131.5,196.75,2,1,2,1.0526315789473684,1.0,1.0,1.0,1,1,1.0,1.0,1.0,1.0,"Hypergraph(num_v=20, num_e=3)",False,0.09365510940551754
2327,STATS,047-008-augF2,rewr,0.0632789134979248,0.0407488346099853,1,3,7,5,2,40619.54,9533,79504,47823.66666666666,31983.5,54434.0,66969.0,5642.0,1520862.0,763252.0,384447.0,763252.0,1142057.0,2,1,2,1.0526315789473684,1.0,1.0,1.0,1,1,1.0,1.0,1.0,1.0,"Hypergraph(num_v=20, num_e=3)",False,-0.0225300788879395
2328,STATS,047-008-augF2-augA1,orig,0.06142926216125488,0.089562177658081,1,3,7,5,2,40619.54,9533,79504,47823.66666666666,31983.5,54434.0,66969.0,5642.0,1520862.0,763252.0,384447.0,763252.0,1142057.0,1,1,2,1.0526315789473684,1.0,1.0,1.0,2,2,2.0,2.0,2.0,2.0,"Hypergraph(num_v=20, num_e=3)",False,0.028132915496826116
2329,STATS,047-008-augF2-augA2,orig,0.058431386947631836,0.1017029285430908,1,3,7,5,2,40619.54,9533,79504,47823.66666666666,31983.5,54434.0,66969.0,5642.0,1520862.0,763252.0,384447.0,763252.0,1142057.0,2,1,2,1.0526315789473684,1.0,1.0,1.0,1,1,1.0,1.0,1.0,1.0,"Hypergraph(num_v=20, num_e=3)",False,0.04327154159545897
2330,STATS,048-127,orig,0.11160707473754883,0.1898534297943115,1,5,11,7,4,16841.79,9276,178345,86904.8,12945.0,79504.0,154454.0,1128.0,10616.0,4067.75,1261.5,2263.5,5069.75,2,1,5,1.148148148148148,1.0,1.0,1.0,1,3,2.0,2.0,1.5,2.5,"Hypergraph(num_v=31, num_e=5)",True,0.07824635505676267
2331,STATS,048-127-augA1,orig,0.10826349258422852,0.2348191738128662,1,5,11,7,4,16841.79,9276,178345,86904.8,12945.0,79504.0,154454.0,1128.0,10616.0,4067.75,1261.5,2263.5,5069.75,1,1,5,1.148148148148148,1.0,1.0,1.0,4,4,4.0,4.0,4.0,4.0,"Hypergraph(num_v=31, num_e=5)",False,0.1265556812286377
2332,STATS,048-127-augA2,orig,0.11186933517456055,0.2408235073089599,1,5,11,7,4,16841.79,9276,178345,86904.8,12945.0,79504.0,154454.0,1128.0,10616.0,4067.75,1261.5,2263.5,5069.75,2,1,5,1.148148148148148,1.0,1.0,1.0,1,3,2.0,2.0,1.5,2.5,"Hypergraph(num_v=31, num_e=5)",False,0.12895417213439936
2333,STATS,048-127-augA3,orig,0.1054997444152832,0.2162172794342041,1,5,11,7,4,16841.79,9276,178345,86904.8,12945.0,79504.0,154454.0,1128.0,10616.0,4067.75,1261.5,2263.5,5069.75,1,1,5,1.148148148148148,1.0,1.0,1.0,4,4,4.0,4.0,4.0,4.0,"Hypergraph(num_v=31, num_e=5)",False,0.1107175350189209
2334,STATS,048-127-augA4,orig,0.10650992393493652,0.1760613918304443,1,5,11,7,4,16841.79,9276,178345,86904.8,12945.0,79504.0,154454.0,1128.0,10616.0,4067.75,1261.5,2263.5,5069.75,2,1,5,1.148148148148148,1.0,1.0,1.0,1,3,2.0,2.0,1.5,2.5,"Hypergraph(num_v=31, num_e=5)",False,0.06955146789550778
2335,STATS,048-127-augF1,orig,0.005995035171508789,0.1621999740600586,1,5,11,7,4,14016.99,1,178345,82461.0,1.0,79504.0,154454.0,1.0,5.0,2.5,1.75,2.0,2.75,1,1,5,1.148148148148148,1.0,1.0,1.0,4,4,4.0,4.0,4.0,4.0,"Hypergraph(num_v=31, num_e=5)",False,0.1562049388885498
2336,STATS,048-127-augF1-augA1,orig,0.0056002140045166016,0.0102453231811523,1,5,11,7,4,14016.99,1,178345,82461.0,1.0,79504.0,154454.0,1.0,5.0,2.5,1.75,2.0,2.75,1,1,5,1.148148148148148,1.0,1.0,1.0,4,4,4.0,4.0,4.0,4.0,"Hypergraph(num_v=31, num_e=5)",False,0.004645109176635699
2337,STATS,048-127-augF1-augA2,orig,0.004971027374267578,0.009744644165039,1,5,11,7,4,14016.99,1,178345,82461.0,1.0,79504.0,154454.0,1.0,5.0,2.5,1.75,2.0,2.75,1,1,5,1.148148148148148,1.0,1.0,1.0,4,4,4.0,4.0,4.0,4.0,"Hypergraph(num_v=31, num_e=5)",False,0.004773616790771422
2338,STATS,048-127-augF1-augA3,orig,0.0051152706146240234,0.155177354812622,1,5,11,7,4,14016.99,1,178345,82461.0,1.0,79504.0,154454.0,1.0,5.0,2.5,1.75,2.0,2.75,2,1,5,1.148148148148148,1.0,1.0,1.0,1,3,2.0,2.0,1.5,2.5,"Hypergraph(num_v=31, num_e=5)",False,0.15006208419799796
2339,STATS,048-127-augF1-augA4,orig,0.005185842514038086,0.166543960571289,1,5,11,7,4,14016.99,1,178345,82461.0,1.0,79504.0,154454.0,1.0,5.0,2.5,1.75,2.0,2.75,2,1,5,1.148148148148148,1.0,1.0,1.0,1,3,2.0,2.0,1.5,2.5,"Hypergraph(num_v=31, num_e=5)",False,0.16135811805725092
2340,STATS,048-127-augF2,orig,0.04488015174865723,0.2010838985443115,1,5,11,7,4,13846.26,1,178345,68426.2,55.0,9276.0,154454.0,1.0,14.0,5.5,1.75,3.5,7.25,2,1,5,1.148148148148148,1.0,1.0,1.0,1,3,2.0,2.0,1.5,2.5,"Hypergraph(num_v=31, num_e=5)",False,0.15620374679565427
2341,STATS,048-127-augF2-augA1,orig,0.04505467414855957,0.1811718940734863,1,5,11,7,4,13846.26,1,178345,68426.2,55.0,9276.0,154454.0,1.0,14.0,5.5,1.75,3.5,7.25,1,1,5,1.148148148148148,1.0,1.0,1.0,4,4,4.0,4.0,4.0,4.0,"Hypergraph(num_v=31, num_e=5)",False,0.13611721992492673
2342,STATS,048-127-augF2-augA2,orig,0.04580426216125488,0.1607460975646972,1,5,11,7,4,13846.26,1,178345,68426.2,55.0,9276.0,154454.0,1.0,14.0,5.5,1.75,3.5,7.25,2,1,5,1.148148148148148,1.0,1.0,1.0,1,3,2.0,2.0,1.5,2.5,"Hypergraph(num_v=31, num_e=5)",False,0.11494183540344233
2343,STATS,048-127-augF2-augA3,orig,0.04490160942077637,0.1270885467529297,1,5,11,7,4,13846.26,1,178345,68426.2,55.0,9276.0,154454.0,1.0,14.0,5.5,1.75,3.5,7.25,1,1,5,1.148148148148148,1.0,1.0,1.0,4,4,4.0,4.0,4.0,4.0,"Hypergraph(num_v=31, num_e=5)",False,0.08218693733215332
2344,STATS,048-127-augF2-augA4,orig,0.04457592964172363,0.1389710903167724,1,5,11,7,4,13846.26,1,178345,68426.2,55.0,9276.0,154454.0,1.0,14.0,5.5,1.75,3.5,7.25,2,1,5,1.148148148148148,1.0,1.0,1.0,1,3,2.0,2.0,1.5,2.5,"Hypergraph(num_v=31, num_e=5)",False,0.09439516067504877
2345,STATS,049-118,orig,0.16079068183898926,0.1931161880493164,1,4,11,8,3,17441.49,19409,189489,103798.5,33056.0,103148.0,173890.5,32718.0,114587.0,60967.66666666666,34158.0,35598.0,75092.5,2,1,3,1.125,1.0,1.0,1.0,1,2,1.5,1.5,1.25,1.75,"Hypergraph(num_v=27, num_e=4)",True,0.03232550621032715
2346,STATS,049-118-augA1,orig,0.15590262413024902,0.2394852638244629,1,4,11,8,3,17441.49,19409,189489,103798.5,33056.0,103148.0,173890.5,32718.0,114587.0,60967.66666666666,34158.0,35598.0,75092.5,1,1,3,1.125,1.0,1.0,1.0,3,3,3.0,3.0,3.0,3.0,"Hypergraph(num_v=27, num_e=4)",False,0.08358263969421387
2347,STATS,049-118-augA2,orig,0.15578103065490723,0.2055666446685791,1,4,11,8,3,17441.49,19409,189489,103798.5,33056.0,103148.0,173890.5,32718.0,114587.0,60967.66666666666,34158.0,35598.0,75092.5,2,1,3,1.125,1.0,1.0,1.0,1,2,1.5,1.5,1.25,1.75,"Hypergraph(num_v=27, num_e=4)",False,0.049785614013671875
2348,STATS,049-118-augA3,orig,0.15994787216186523,0.2497756481170654,1,4,11,8,3,17441.49,19409,189489,103798.5,33056.0,103148.0,173890.5,32718.0,114587.0,60967.66666666666,34158.0,35598.0,75092.5,1,1,3,1.125,1.0,1.0,1.0,3,3,3.0,3.0,3.0,3.0,"Hypergraph(num_v=27, num_e=4)",False,0.08982777595520017
2349,STATS,049-118-augF1,orig,0.16434431076049805,0.1920561790466308,1,4,11,8,3,17468.81,19720,189489,103876.25,33133.75,103148.0,173890.5,33242.0,116424.0,61944.66666666666,34705.0,36168.0,76296.0,2,1,3,1.125,1.0,1.0,1.0,1,2,1.5,1.5,1.25,1.75,"Hypergraph(num_v=27, num_e=4)",False,0.027711868286132757
2350,STATS,049-118-augF1-augA1,orig,0.161698579788208,0.2431507110595703,1,4,11,8,3,17468.81,19720,189489,103876.25,33133.75,103148.0,173890.5,33242.0,116424.0,61944.66666666666,34705.0,36168.0,76296.0,1,1,3,1.125,1.0,1.0,1.0,3,3,3.0,3.0,3.0,3.0,"Hypergraph(num_v=27, num_e=4)",False,0.0814521312713623
2351,STATS,049-118-augF1-augA2,orig,0.16050100326538086,0.2090590000152588,1,4,11,8,3,17468.81,19720,189489,103876.25,33133.75,103148.0,173890.5,33242.0,116424.0,61944.66666666666,34705.0,36168.0,76296.0,2,1,3,1.125,1.0,1.0,1.0,1,2,1.5,1.5,1.25,1.75,"Hypergraph(num_v=27, num_e=4)",False,0.04855799674987793
2352,STATS,049-118-augF1-augA3,orig,0.16432857513427734,0.2474849224090576,1,4,11,8,3,17468.81,19720,189489,103876.25,33133.75,103148.0,173890.5,33242.0,116424.0,61944.66666666666,34705.0,36168.0,76296.0,1,1,3,1.125,1.0,1.0,1.0,3,3,3.0,3.0,3.0,3.0,"Hypergraph(num_v=27, num_e=4)",False,0.08315634727478025
2353,STATS,049-118-augF2,orig,0.16005539894104004,0.1923859119415283,1,4,11,8,3,17451.79,19409,190512,104054.25,33056.0,103148.0,174146.25,32718.0,115206.0,61174.0,34158.0,35598.0,75402.0,2,1,3,1.125,1.0,1.0,1.0,1,2,1.5,1.5,1.25,1.75,"Hypergraph(num_v=27, num_e=4)",False,0.032330513000488253
2354,STATS,049-118-augF2-augA1,orig,0.16015625,0.2491395473480224,1,4,11,8,3,17451.79,19409,190512,104054.25,33056.0,103148.0,174146.25,32718.0,115206.0,61174.0,34158.0,35598.0,75402.0,1,1,3,1.125,1.0,1.0,1.0,3,3,3.0,3.0,3.0,3.0,"Hypergraph(num_v=27, num_e=4)",False,0.0889832973480224
2355,STATS,049-118-augF2-augA2,orig,0.15697717666625977,0.2092959880828857,1,4,11,8,3,17451.79,19409,190512,104054.25,33056.0,103148.0,174146.25,32718.0,115206.0,61174.0,34158.0,35598.0,75402.0,2,1,3,1.125,1.0,1.0,1.0,1,2,1.5,1.5,1.25,1.75,"Hypergraph(num_v=27, num_e=4)",False,0.05231881141662592
2356,STATS,049-118-augF2-augA3,orig,0.16004133224487305,0.2439334392547607,1,4,11,8,3,17451.79,19409,190512,104054.25,33056.0,103148.0,174146.25,32718.0,115206.0,61174.0,34158.0,35598.0,75402.0,1,1,3,1.125,1.0,1.0,1.0,3,3,3.0,3.0,3.0,3.0,"Hypergraph(num_v=27, num_e=4)",False,0.08389210700988764
2357,STATS,050-106,rewr,0.6207060813903809,0.1447639465332031,1,4,12,9,3,847373.51,36745,192979,122974.75,77569.75,131087.5,176492.5,153359.0,306851074.0,103154896.33333331,1306807.5,2460256.0,154655665.0,2,1,4,1.1578947368421053,1.0,1.0,1.0,1,2,1.5,1.5,1.25,1.75,"Hypergraph(num_v=22, num_e=4)",True,-0.47594213485717773
2358,STATS,050-106-augA1,rewr,0.7573843002319336,0.1218898296356201,1,4,12,9,3,846852.01,36745,192979,122974.75,77569.75,131087.5,176492.5,153359.0,306851074.0,103154896.33333331,1306807.5,2460256.0,154655665.0,2,1,4,1.1578947368421053,1.0,1.0,1.0,1,2,1.5,1.5,1.25,1.75,"Hypergraph(num_v=22, num_e=4)",False,-0.6354944705963135
2359,STATS,050-106-augA2,rewr,0.6384942531585693,0.1732046604156494,1,4,12,9,3,846852.01,36745,192979,122974.75,77569.75,131087.5,176492.5,153359.0,306851074.0,103154896.33333331,1306807.5,2460256.0,154655665.0,2,1,4,1.1578947368421053,1.0,1.0,1.0,1,2,1.5,1.5,1.25,1.75,"Hypergraph(num_v=22, num_e=4)",False,-0.4652895927429199
2360,STATS,050-106-augA3,rewr,0.6260428428649902,0.1754560470581054,1,4,12,9,3,846852.01,36745,192979,122974.75,77569.75,131087.5,176492.5,153359.0,306851074.0,103154896.33333331,1306807.5,2460256.0,154655665.0,1,1,4,1.1578947368421053,1.0,1.0,1.0,3,3,3.0,3.0,3.0,3.0,"Hypergraph(num_v=22, num_e=4)",False,-0.4505867958068848
2361,STATS,050-106-augF1,rewr,0.6140577793121338,0.2540731430053711,1,4,12,9,3,537111.35,22577,192979,119432.75,74027.75,131087.5,176492.5,94228.0,188536582.0,63697022.0,1277242.0,2460256.0,95498419.0,1,1,4,1.1578947368421053,1.0,1.0,1.0,3,3,3.0,3.0,3.0,3.0,"Hypergraph(num_v=22, num_e=4)",False,-0.3599846363067627
2362,STATS,050-106-augF1-augA1,rewr,0.7554965019226074,0.1443917751312255,1,4,12,9,3,537111.35,22577,192979,119432.75,74027.75,131087.5,176492.5,94228.0,188536582.0,63697022.0,1277242.0,2460256.0,95498419.0,2,1,4,1.1578947368421053,1.0,1.0,1.0,1,2,1.5,1.5,1.25,1.75,"Hypergraph(num_v=22, num_e=4)",False,-0.611104726791382
2363,STATS,050-106-augF1-augA2,rewr,0.6365227699279785,0.1416525840759277,1,4,12,9,3,537111.35,22577,192979,119432.75,74027.75,131087.5,176492.5,94228.0,188536582.0,63697022.0,1277242.0,2460256.0,95498419.0,2,1,4,1.1578947368421053,1.0,1.0,1.0,1,2,1.5,1.5,1.25,1.75,"Hypergraph(num_v=22, num_e=4)",False,-0.4948701858520508
2364,STATS,050-106-augF1-augA3,rewr,0.6167731285095215,0.1524775028228759,1,4,12,9,3,537111.35,22577,192979,119432.75,74027.75,131087.5,176492.5,94228.0,188536582.0,63697022.0,1277242.0,2460256.0,95498419.0,1,1,4,1.1578947368421053,1.0,1.0,1.0,3,3,3.0,3.0,3.0,3.0,"Hypergraph(num_v=22, num_e=4)",False,-0.4642956256866456
2365,STATS,050-106-augF2,rewr,0.621131181716919,0.1539638042449951,1,4,12,9,3,876924.5,38102,192979,123314.0,77909.0,131087.5,176492.5,159023.0,318183144.0,106934141.0,1309639.5,2460256.0,160321700.0,2,1,4,1.1578947368421053,1.0,1.0,1.0,1,2,1.5,1.5,1.25,1.75,"Hypergraph(num_v=22, num_e=4)",False,-0.46716737747192383
2366,STATS,050-106-augF2-augA1,rewr,0.7613739967346191,0.1304481029510498,1,4,12,9,3,876382.0,38102,192979,123314.0,77909.0,131087.5,176492.5,159023.0,318183144.0,106934141.0,1309639.5,2460256.0,160321700.0,2,1,4,1.1578947368421053,1.0,1.0,1.0,1,2,1.5,1.5,1.25,1.75,"Hypergraph(num_v=22, num_e=4)",False,-0.6309258937835693
2367,STATS,050-106-augF2-augA2,rewr,0.641319990158081,0.2195897102355957,1,4,12,9,3,876382.0,38102,192979,123314.0,77909.0,131087.5,176492.5,159023.0,318183144.0,106934141.0,1309639.5,2460256.0,160321700.0,2,1,4,1.1578947368421053,1.0,1.0,1.0,1,2,1.5,1.5,1.25,1.75,"Hypergraph(num_v=22, num_e=4)",False,-0.42173027992248535
2368,STATS,050-106-augF2-augA3,rewr,0.6222283840179443,0.1647181510925293,1,4,12,9,3,876382.0,38102,192979,123314.0,77909.0,131087.5,176492.5,159023.0,318183144.0,106934141.0,1309639.5,2460256.0,160321700.0,1,1,4,1.1578947368421053,1.0,1.0,1.0,3,3,3.0,3.0,3.0,3.0,"Hypergraph(num_v=22, num_e=4)",False,-0.45751023292541504
2369,STATS,051-090,rewr,0.1793677806854248,0.1208481788635253,1,3,8,6,2,30558.93,12080,275358,108305.33333333331,24779.0,37478.0,156418.0,238106.0,5608963.0,2923534.5,1580820.25,2923534.5,4266248.75,1,1,3,1.105263157894737,1.0,1.0,1.0,2,2,2.0,2.0,2.0,2.0,"Hypergraph(num_v=21, num_e=3)",True,-0.05851960182189951
2370,STATS,051-090-augA1,rewr,0.17873620986938477,0.1071772575378418,1,3,8,6,2,30094.93,12080,275358,108305.33333333331,24779.0,37478.0,156418.0,238106.0,5608963.0,2923534.5,1580820.25,2923534.5,4266248.75,2,1,3,1.105263157894737,1.0,1.0,1.0,1,1,1.0,1.0,1.0,1.0,"Hypergraph(num_v=21, num_e=3)",False,-0.07155895233154297
2371,STATS,051-090-augA2,rewr,0.17467904090881348,0.1032631397247314,1,3,8,6,2,30094.93,12080,275358,108305.33333333331,24779.0,37478.0,156418.0,238106.0,5608963.0,2923534.5,1580820.25,2923534.5,4266248.75,1,1,3,1.105263157894737,1.0,1.0,1.0,2,2,2.0,2.0,2.0,2.0,"Hypergraph(num_v=21, num_e=3)",False,-0.07141590118408207
2372,STATS,051-090-augF1,rewr,0.1877152919769287,0.0666055679321289,1,3,8,6,2,31847.53,13122,275358,108652.66666666669,25300.0,37478.0,156418.0,238106.0,6092782.0,3165444.0,1701775.0,3165444.0,4629113.0,2,1,3,1.105263157894737,1.0,1.0,1.0,1,1,1.0,1.0,1.0,1.0,"Hypergraph(num_v=21, num_e=3)",False,-0.1211097240447998
2373,STATS,051-090-augF1-augA1,rewr,0.18319129943847656,0.1068220138549804,1,3,8,6,2,31383.53,13122,275358,108652.66666666669,25300.0,37478.0,156418.0,238106.0,6092782.0,3165444.0,1701775.0,3165444.0,4629113.0,2,1,3,1.105263157894737,1.0,1.0,1.0,1,1,1.0,1.0,1.0,1.0,"Hypergraph(num_v=21, num_e=3)",False,-0.07636928558349616
2374,STATS,051-090-augF1-augA2,rewr,0.18272638320922852,0.1031787395477294,1,3,8,6,2,31383.53,13122,275358,108652.66666666669,25300.0,37478.0,156418.0,238106.0,6092782.0,3165444.0,1701775.0,3165444.0,4629113.0,1,1,3,1.105263157894737,1.0,1.0,1.0,2,2,2.0,2.0,2.0,2.0,"Hypergraph(num_v=21, num_e=3)",False,-0.07954764366149912
2375,STATS,051-090-augF2,rewr,0.07333588600158691,0.0450530052185058,1,3,8,6,2,11231.64,2609,275358,96682.33333333331,7344.5,12080.0,143719.0,16576.0,390463.0,203519.5,110047.75,203519.5,296991.25,2,1,3,1.105263157894737,1.0,1.0,1.0,1,1,1.0,1.0,1.0,1.0,"Hypergraph(num_v=21, num_e=3)",False,-0.028282880783081117
2376,STATS,051-090-augF2-augA1,orig,0.07267999649047852,0.0884113311767578,1,3,8,6,2,11231.64,2609,275358,96682.33333333331,7344.5,12080.0,143719.0,16576.0,390463.0,203519.5,110047.75,203519.5,296991.25,1,1,3,1.105263157894737,1.0,1.0,1.0,2,2,2.0,2.0,2.0,2.0,"Hypergraph(num_v=21, num_e=3)",False,0.015731334686279283
2377,STATS,051-090-augF2-augA2,orig,0.07224774360656738,0.0908617973327636,1,3,8,6,2,11231.64,2609,275358,96682.33333333331,7344.5,12080.0,143719.0,16576.0,390463.0,203519.5,110047.75,203519.5,296991.25,1,1,3,1.105263157894737,1.0,1.0,1.0,2,2,2.0,2.0,2.0,2.0,"Hypergraph(num_v=21, num_e=3)",False,0.01861405372619622
2378,STATS,052-029,rewr,0.11732816696166992,0.0997519493103027,1,4,13,10,3,14428.27,6011,192676,79023.5,30456.5,58703.5,107270.5,12592.0,414170.0,167401.0,44016.5,75441.0,244805.5,2,1,3,1.1363636363636365,1.0,1.0,1.0,1,2,1.5,1.5,1.25,1.75,"Hypergraph(num_v=25, num_e=4)",True,-0.017576217651367215
2379,STATS,052-029-augA1,orig,0.11654996871948242,0.1620855331420898,1,4,13,10,3,14428.27,6011,192676,79023.5,30456.5,58703.5,107270.5,12592.0,414170.0,167401.0,44016.5,75441.0,244805.5,1,1,3,1.1363636363636365,1.0,1.0,1.0,3,3,3.0,3.0,3.0,3.0,"Hypergraph(num_v=25, num_e=4)",False,0.045535564422607366
2380,STATS,052-029-augA2,orig,0.11832976341247559,0.1545181274414062,1,4,13,10,3,14428.27,6011,192676,79023.5,30456.5,58703.5,107270.5,12592.0,414170.0,167401.0,44016.5,75441.0,244805.5,2,1,3,1.1363636363636365,1.0,1.0,1.0,1,2,1.5,1.5,1.25,1.75,"Hypergraph(num_v=25, num_e=4)",False,0.03618836402893061
2381,STATS,052-029-augA3,orig,0.11602044105529785,0.1562690734863281,1,4,13,10,3,14428.27,6011,192676,79023.5,30456.5,58703.5,107270.5,12592.0,414170.0,167401.0,44016.5,75441.0,244805.5,1,1,3,1.1363636363636365,1.0,1.0,1.0,3,3,3.0,3.0,3.0,3.0,"Hypergraph(num_v=25, num_e=4)",False,0.040248632431030246
2382,STATS,052-029-augF1,orig,0.08515644073486328,0.0872871875762939,1,4,13,10,3,13093.54,6011,192676,68274.75,28358.0,37206.0,77122.75,12592.0,188196.0,78356.0,23436.0,34280.0,111238.0,2,1,3,1.1363636363636365,1.0,1.0,1.0,1,2,1.5,1.5,1.25,1.75,"Hypergraph(num_v=25, num_e=4)",False,0.0021307468414306224
2383,STATS,052-029-augF1-augA1,orig,0.08539533615112305,0.144280195236206,1,4,13,10,3,13093.54,6011,192676,68274.75,28358.0,37206.0,77122.75,12592.0,188196.0,78356.0,23436.0,34280.0,111238.0,1,1,3,1.1363636363636365,1.0,1.0,1.0,3,3,3.0,3.0,3.0,3.0,"Hypergraph(num_v=25, num_e=4)",False,0.05888485908508295
2384,STATS,052-029-augF1-augA2,orig,0.08478522300720215,0.1395316123962402,1,4,13,10,3,13093.54,6011,192676,68274.75,28358.0,37206.0,77122.75,12592.0,188196.0,78356.0,23436.0,34280.0,111238.0,2,1,3,1.1363636363636365,1.0,1.0,1.0,1,2,1.5,1.5,1.25,1.75,"Hypergraph(num_v=25, num_e=4)",False,0.05474638938903806
2385,STATS,052-029-augF1-augA3,orig,0.08417749404907227,0.1488721370697021,1,4,13,10,3,13093.54,6011,192676,68274.75,28358.0,37206.0,77122.75,12592.0,188196.0,78356.0,23436.0,34280.0,111238.0,1,1,3,1.1363636363636365,1.0,1.0,1.0,3,3,3.0,3.0,3.0,3.0,"Hypergraph(num_v=25, num_e=4)",False,0.06469464302062983
2386,STATS,052-029-augF2,rewr,0.12400412559509277,0.1038963794708252,1,4,13,10,3,14442.74,6073,192676,79039.0,30472.0,58703.5,107270.5,12722.0,418426.0,168863.0,44081.5,75441.0,246933.5,2,1,3,1.1363636363636365,1.0,1.0,1.0,1,2,1.5,1.5,1.25,1.75,"Hypergraph(num_v=25, num_e=4)",False,-0.020107746124267578
2387,STATS,052-029-augF2-augA1,orig,0.1222679615020752,0.1575703620910644,1,4,13,10,3,14442.74,6073,192676,79039.0,30472.0,58703.5,107270.5,12722.0,418426.0,168863.0,44081.5,75441.0,246933.5,1,1,3,1.1363636363636365,1.0,1.0,1.0,3,3,3.0,3.0,3.0,3.0,"Hypergraph(num_v=25, num_e=4)",False,0.0353024005889892
2388,STATS,052-029-augF2-augA2,orig,0.12186145782470703,0.1505634784698486,1,4,13,10,3,14442.74,6073,192676,79039.0,30472.0,58703.5,107270.5,12722.0,418426.0,168863.0,44081.5,75441.0,246933.5,2,1,3,1.1363636363636365,1.0,1.0,1.0,1,2,1.5,1.5,1.25,1.75,"Hypergraph(num_v=25, num_e=4)",False,0.028702020645141574
2389,STATS,052-029-augF2-augA3,orig,0.12009811401367188,0.1603477001190185,1,4,13,10,3,14442.74,6073,192676,79039.0,30472.0,58703.5,107270.5,12722.0,418426.0,168863.0,44081.5,75441.0,246933.5,1,1,3,1.1363636363636365,1.0,1.0,1.0,3,3,3.0,3.0,3.0,3.0,"Hypergraph(num_v=25, num_e=4)",False,0.040249586105346624
2390,STATS,053-081,rewr,0.07293486595153809,0.0528955459594726,1,3,8,6,2,12050.61,5932,79504,41920.333333333336,23128.5,40325.0,59914.5,5846.0,1575984.0,790915.0,398380.5,790915.0,1183449.5,2,1,3,1.105263157894737,1.0,1.0,1.0,1,1,1.0,1.0,1.0,1.0,"Hypergraph(num_v=21, num_e=3)",True,-0.020039319992065485
2391,STATS,053-081-augA1,rewr,0.07516288757324219,0.0719795227050781,1,3,8,6,2,12050.61,5932,79504,41920.333333333336,23128.5,40325.0,59914.5,5846.0,1575984.0,790915.0,398380.5,790915.0,1183449.5,2,1,3,1.105263157894737,1.0,1.0,1.0,1,1,1.0,1.0,1.0,1.0,"Hypergraph(num_v=21, num_e=3)",False,-0.0031833648681640903
2392,STATS,053-081-augA2,rewr,0.07417106628417969,0.0693049430847168,1,3,8,6,2,12050.61,5932,79504,41920.333333333336,23128.5,40325.0,59914.5,5846.0,1575984.0,790915.0,398380.5,790915.0,1183449.5,1,1,3,1.105263157894737,1.0,1.0,1.0,2,2,2.0,2.0,2.0,2.0,"Hypergraph(num_v=21, num_e=3)",False,-0.004866123199462891
2393,STATS,053-081-augF1,orig,0.05211448669433594,0.1133854389190673,1,3,8,6,2,10345.49,3490,79504,41106.333333333336,21907.5,40325.0,59914.5,3440.0,927205.0,465322.5,234381.25,465322.5,696263.75,1,1,3,1.105263157894737,1.0,1.0,1.0,2,2,2.0,2.0,2.0,2.0,"Hypergraph(num_v=21, num_e=3)",False,0.06127095222473136
2394,STATS,053-081-augF1-augA1,orig,0.052453041076660156,0.0639407634735107,1,3,8,6,2,10345.49,3490,79504,41106.333333333336,21907.5,40325.0,59914.5,3440.0,927205.0,465322.5,234381.25,465322.5,696263.75,1,1,3,1.105263157894737,1.0,1.0,1.0,2,2,2.0,2.0,2.0,2.0,"Hypergraph(num_v=21, num_e=3)",False,0.011487722396850544
2395,STATS,053-081-augF1-augA2,orig,0.05154013633728027,0.0648748874664306,1,3,8,6,2,10345.49,3490,79504,41106.333333333336,21907.5,40325.0,59914.5,3440.0,927205.0,465322.5,234381.25,465322.5,696263.75,1,1,3,1.105263157894737,1.0,1.0,1.0,2,2,2.0,2.0,2.0,2.0,"Hypergraph(num_v=21, num_e=3)",False,0.013334751129150321
2396,STATS,053-081-augF2,rewr,0.07489657402038574,0.0540986061096191,1,3,8,6,2,12076.46,5969,79504,41932.66666666666,23147.0,40325.0,59914.5,5883.0,1585814.0,795848.5,400865.75,795848.5,1190831.25,2,1,3,1.105263157894737,1.0,1.0,1.0,1,1,1.0,1.0,1.0,1.0,"Hypergraph(num_v=21, num_e=3)",False,-0.020797967910766643
2397,STATS,053-081-augF2-augA1,rewr,0.07562541961669922,0.0681879520416259,1,3,8,6,2,12076.46,5969,79504,41932.66666666666,23147.0,40325.0,59914.5,5883.0,1585814.0,795848.5,400865.75,795848.5,1190831.25,1,1,3,1.105263157894737,1.0,1.0,1.0,2,2,2.0,2.0,2.0,2.0,"Hypergraph(num_v=21, num_e=3)",False,-0.0074374675750733255
2398,STATS,053-081-augF2-augA2,rewr,0.07434773445129395,0.0713186264038086,1,3,8,6,2,12076.46,5969,79504,41932.66666666666,23147.0,40325.0,59914.5,5883.0,1585814.0,795848.5,400865.75,795848.5,1190831.25,1,1,3,1.105263157894737,1.0,1.0,1.0,2,2,2.0,2.0,2.0,2.0,"Hypergraph(num_v=21, num_e=3)",False,-0.0030291080474853516
2399,STATS,054-064,orig,0.11308693885803223,0.2506780624389648,1,6,16,11,5,17716.23,1,191208,79099.16666666667,3484.0,56564.0,152491.5,120.0,28514.0,5862.0,131.0,134.0,411.0,1,1,4,1.15625,1.0,1.0,1.0,5,5,5.0,5.0,5.0,5.0,"Hypergraph(num_v=37, num_e=6)",True,0.13759112358093256
2400,STATS,054-064-augA1,orig,0.11415839195251465,0.2380406856536865,1,6,16,11,5,17716.23,1,191208,79099.16666666667,3484.0,56564.0,152491.5,120.0,28514.0,5862.0,131.0,134.0,411.0,1,1,4,1.15625,1.0,1.0,1.0,5,5,5.0,5.0,5.0,5.0,"Hypergraph(num_v=37, num_e=6)",False,0.12388229370117185
2401,STATS,054-064-augA2,orig,0.11362719535827637,0.1952095031738281,1,6,16,11,5,17716.23,1,191208,79099.16666666667,3484.0,56564.0,152491.5,120.0,28514.0,5862.0,131.0,134.0,411.0,2,1,4,1.15625,1.0,1.0,1.0,1,4,2.5,2.5,1.75,3.25,"Hypergraph(num_v=37, num_e=6)",False,0.08158230781555173
2402,STATS,054-064-augA3,orig,0.11424779891967773,0.2083027362823486,1,6,16,11,5,17716.23,1,191208,79099.16666666667,3484.0,56564.0,152491.5,120.0,28514.0,5862.0,131.0,134.0,411.0,2,1,4,1.15625,1.0,1.0,1.0,1,4,2.5,2.5,1.75,3.25,"Hypergraph(num_v=37, num_e=6)",False,0.09405493736267087
2403,STATS,054-064-augA4,orig,0.11784934997558594,0.18147873878479,1,6,16,11,5,17716.23,1,191208,79099.16666666667,3484.0,56564.0,152491.5,120.0,28514.0,5862.0,131.0,134.0,411.0,2,1,4,1.15625,1.0,1.0,1.0,1,4,2.5,2.5,1.75,3.25,"Hypergraph(num_v=37, num_e=6)",False,0.06362938880920407
2404,STATS,054-064-augA5,orig,0.11457109451293945,0.1910417079925537,1,6,16,11,5,17716.23,1,191208,79099.16666666667,3484.0,56564.0,152491.5,120.0,28514.0,5862.0,131.0,134.0,411.0,1,1,4,1.15625,1.0,1.0,1.0,5,5,5.0,5.0,5.0,5.0,"Hypergraph(num_v=37, num_e=6)",False,0.07647061347961426
2405,STATS,054-064-augF1,orig,0.11387252807617188,0.2411081790924072,1,6,16,11,5,17719.8,1,191208,79103.16666666667,3502.0,56564.0,152491.5,123.0,29276.0,6018.6,135.0,137.0,422.0,1,1,4,1.15625,1.0,1.0,1.0,5,5,5.0,5.0,5.0,5.0,"Hypergraph(num_v=37, num_e=6)",False,0.12723565101623532
2406,STATS,054-064-augF1-augA1,orig,0.11403369903564453,0.378145694732666,1,6,16,11,5,17719.8,1,191208,79103.16666666667,3502.0,56564.0,152491.5,123.0,29276.0,6018.6,135.0,137.0,422.0,1,1,4,1.15625,1.0,1.0,1.0,5,5,5.0,5.0,5.0,5.0,"Hypergraph(num_v=37, num_e=6)",False,0.2641119956970215
2407,STATS,054-064-augF1-augA2,orig,0.11506199836730957,0.3095924854278564,1,6,16,11,5,17719.8,1,191208,79103.16666666667,3502.0,56564.0,152491.5,123.0,29276.0,6018.6,135.0,137.0,422.0,2,1,4,1.15625,1.0,1.0,1.0,1,4,2.5,2.5,1.75,3.25,"Hypergraph(num_v=37, num_e=6)",False,0.19453048706054682
2408,STATS,054-064-augF1-augA3,orig,0.11289191246032715,0.1534368991851806,1,6,16,11,5,17719.8,1,191208,79103.16666666667,3502.0,56564.0,152491.5,123.0,29276.0,6018.6,135.0,137.0,422.0,2,1,4,1.15625,1.0,1.0,1.0,1,4,2.5,2.5,1.75,3.25,"Hypergraph(num_v=37, num_e=6)",False,0.04054498672485346
2409,STATS,054-064-augF1-augA4,orig,0.11585021018981934,0.1690511703491211,1,6,16,11,5,17719.8,1,191208,79103.16666666667,3502.0,56564.0,152491.5,123.0,29276.0,6018.6,135.0,137.0,422.0,2,1,4,1.15625,1.0,1.0,1.0,1,4,2.5,2.5,1.75,3.25,"Hypergraph(num_v=37, num_e=6)",False,0.05320096015930176
2410,STATS,054-064-augF1-augA5,orig,0.1158895492553711,0.2380752563476562,1,6,16,11,5,17719.8,1,191208,79103.16666666667,3502.0,56564.0,152491.5,123.0,29276.0,6018.6,135.0,137.0,422.0,1,1,4,1.15625,1.0,1.0,1.0,5,5,5.0,5.0,5.0,5.0,"Hypergraph(num_v=37, num_e=6)",False,0.1221857070922851
2411,STATS,054-064-augF2,orig,0.07207441329956055,0.2341885566711425,1,6,16,11,5,17210.64,1,191208,59340.16666666666,3484.0,30786.0,89354.0,66.0,8554.0,1797.8,120.0,124.0,125.0,1,1,4,1.15625,1.0,1.0,1.0,5,5,5.0,5.0,5.0,5.0,"Hypergraph(num_v=37, num_e=6)",False,0.16211414337158195
2412,STATS,054-064-augF2-augA1,orig,0.07255935668945312,0.1568946838378906,1,6,16,11,5,17210.64,1,191208,59340.16666666666,3484.0,30786.0,89354.0,66.0,8554.0,1797.8,120.0,124.0,125.0,1,1,4,1.15625,1.0,1.0,1.0,5,5,5.0,5.0,5.0,5.0,"Hypergraph(num_v=37, num_e=6)",False,0.08433532714843747
2413,STATS,054-064-augF2-augA2,orig,0.07287001609802246,0.2718760967254638,1,6,16,11,5,17210.64,1,191208,59340.16666666666,3484.0,30786.0,89354.0,66.0,8554.0,1797.8,120.0,124.0,125.0,2,1,4,1.15625,1.0,1.0,1.0,1,4,2.5,2.5,1.75,3.25,"Hypergraph(num_v=37, num_e=6)",False,0.19900608062744135
2414,STATS,054-064-augF2-augA3,orig,0.07341933250427246,0.2245216369628906,1,6,16,11,5,17210.64,1,191208,59340.16666666666,3484.0,30786.0,89354.0,66.0,8554.0,1797.8,120.0,124.0,125.0,2,1,4,1.15625,1.0,1.0,1.0,1,4,2.5,2.5,1.75,3.25,"Hypergraph(num_v=37, num_e=6)",False,0.15110230445861814
2415,STATS,054-064-augF2-augA4,orig,0.07727384567260742,0.1206226348876953,1,6,16,11,5,17210.64,1,191208,59340.16666666666,3484.0,30786.0,89354.0,66.0,8554.0,1797.8,120.0,124.0,125.0,2,1,4,1.15625,1.0,1.0,1.0,1,4,2.5,2.5,1.75,3.25,"Hypergraph(num_v=37, num_e=6)",False,0.04334878921508788
2416,STATS,054-064-augF2-augA5,orig,0.0791635513305664,0.189594030380249,1,6,16,11,5,17210.64,1,191208,59340.16666666666,3484.0,30786.0,89354.0,66.0,8554.0,1797.8,120.0,124.0,125.0,1,1,4,1.15625,1.0,1.0,1.0,5,5,5.0,5.0,5.0,5.0,"Hypergraph(num_v=37, num_e=6)",False,0.11043047904968259
2417,STATS,055-009,orig,0.1347343921661377,0.2789559364318847,1,3,4,2,2,15813.24,91946,178345,124274.33333333331,97239.0,102532.0,140438.5,102499.0,337874.0,220186.5,161342.75,220186.5,279030.25,2,1,3,1.1111111111111112,1.0,1.0,1.0,1,1,1.0,1.0,1.0,1.0,"Hypergraph(num_v=20, num_e=3)",True,0.14422154426574701
2418,STATS,055-009-augA1,orig,0.13081860542297363,0.1880702972412109,1,3,4,2,2,15813.24,91946,178345,124274.33333333331,97239.0,102532.0,140438.5,102499.0,337874.0,220186.5,161342.75,220186.5,279030.25,1,1,3,1.1111111111111112,1.0,1.0,1.0,2,2,2.0,2.0,2.0,2.0,"Hypergraph(num_v=20, num_e=3)",False,0.05725169181823728
2419,STATS,055-009-augA2,orig,0.13147711753845215,0.2496213912963867,1,3,4,2,2,15813.24,91946,178345,124274.33333333331,97239.0,102532.0,140438.5,102499.0,337874.0,220186.5,161342.75,220186.5,279030.25,1,1,3,1.1111111111111112,1.0,1.0,1.0,2,2,2.0,2.0,2.0,2.0,"Hypergraph(num_v=20, num_e=3)",False,0.11814427375793454
2420,STATS,055-009-augF1,orig,0.0506439208984375,0.0617218017578125,1,3,4,2,2,10654.1,1810,178345,94229.0,52171.0,102532.0,140438.5,2018.0,6651.0,4334.5,3176.25,4334.5,5492.75,2,1,3,1.1111111111111112,1.0,1.0,1.0,1,1,1.0,1.0,1.0,1.0,"Hypergraph(num_v=20, num_e=3)",False,0.011077880859375
2421,STATS,055-009-augF1-augA1,orig,0.04912710189819336,0.1828413009643554,1,3,4,2,2,10654.1,1810,178345,94229.0,52171.0,102532.0,140438.5,2018.0,6651.0,4334.5,3176.25,4334.5,5492.75,1,1,3,1.1111111111111112,1.0,1.0,1.0,2,2,2.0,2.0,2.0,2.0,"Hypergraph(num_v=20, num_e=3)",False,0.13371419906616205
2422,STATS,055-009-augF1-augA2,orig,0.05002021789550781,0.0955617427825927,1,3,4,2,2,10654.1,1810,178345,94229.0,52171.0,102532.0,140438.5,2018.0,6651.0,4334.5,3176.25,4334.5,5492.75,1,1,3,1.1111111111111112,1.0,1.0,1.0,2,2,2.0,2.0,2.0,2.0,"Hypergraph(num_v=20, num_e=3)",False,0.04554152488708489
2423,STATS,055-009-augF2,orig,0.13463497161865234,0.2137296199798584,1,3,4,2,2,15814.93,91976,178345,124284.33333333331,97254.0,102532.0,140438.5,102532.0,337985.0,220258.5,161395.25,220258.5,279121.75,2,1,3,1.1111111111111112,1.0,1.0,1.0,1,1,1.0,1.0,1.0,1.0,"Hypergraph(num_v=20, num_e=3)",False,0.07909464836120605
2424,STATS,055-009-augF2-augA1,orig,0.13159847259521484,0.2030253410339355,1,3,4,2,2,15814.93,91976,178345,124284.33333333331,97254.0,102532.0,140438.5,102532.0,337985.0,220258.5,161395.25,220258.5,279121.75,1,1,3,1.1111111111111112,1.0,1.0,1.0,2,2,2.0,2.0,2.0,2.0,"Hypergraph(num_v=20, num_e=3)",False,0.07142686843872065
2425,STATS,055-009-augF2-augA2,orig,0.13198637962341309,0.2494380474090576,1,3,4,2,2,15814.93,91976,178345,124284.33333333331,97254.0,102532.0,140438.5,102532.0,337985.0,220258.5,161395.25,220258.5,279121.75,1,1,3,1.1111111111111112,1.0,1.0,1.0,2,2,2.0,2.0,2.0,2.0,"Hypergraph(num_v=20, num_e=3)",False,0.1174516677856445
2426,STATS,056-007,rewr,0.08052515983581543,0.0495822429656982,1,3,5,3,2,81292.66,11102,102532,68034.66666666667,50786.0,90470.0,96501.0,10920.0,3796386.0,1903653.0,957286.5,1903653.0,2850019.5,2,1,2,1.0526315789473684,1.0,1.0,1.0,1,1,1.0,1.0,1.0,1.0,"Hypergraph(num_v=20, num_e=3)",True,-0.03094291687011723
2427,STATS,056-007-augA1,orig,0.08127999305725098,0.1129353046417236,1,3,5,3,2,81292.66,11102,102532,68034.66666666667,50786.0,90470.0,96501.0,10920.0,3796386.0,1903653.0,957286.5,1903653.0,2850019.5,1,1,2,1.0526315789473684,1.0,1.0,1.0,2,2,2.0,2.0,2.0,2.0,"Hypergraph(num_v=20, num_e=3)",False,0.03165531158447263
2428,STATS,056-007-augA2,orig,0.08186960220336914,0.1365923881530761,1,3,5,3,2,81292.66,11102,102532,68034.66666666667,50786.0,90470.0,96501.0,10920.0,3796386.0,1903653.0,957286.5,1903653.0,2850019.5,2,1,2,1.0526315789473684,1.0,1.0,1.0,1,1,1.0,1.0,1.0,1.0,"Hypergraph(num_v=20, num_e=3)",False,0.05472278594970695
2429,STATS,056-007-augF1,rewr,0.0817413330078125,0.0503768920898437,1,3,5,3,2,81555.34,11102,102532,68196.0,51028.0,90954.0,96743.0,10979.0,3816696.0,1913837.5,962408.25,1913837.5,2865266.75,2,1,2,1.0526315789473684,1.0,1.0,1.0,1,1,1.0,1.0,1.0,1.0,"Hypergraph(num_v=20, num_e=3)",False,-0.0313644409179688
2430,STATS,056-007-augF1-augA1,rewr,0.08060216903686523,0.0668871402740478,1,3,5,3,2,81555.34,11102,102532,68196.0,51028.0,90954.0,96743.0,10979.0,3816696.0,1913837.5,962408.25,1913837.5,2865266.75,1,1,2,1.0526315789473684,1.0,1.0,1.0,2,2,2.0,2.0,2.0,2.0,"Hypergraph(num_v=20, num_e=3)",False,-0.013715028762817438
2431,STATS,056-007-augF1-augA2,orig,0.08157706260681152,0.1366806030273437,1,3,5,3,2,81555.34,11102,102532,68196.0,51028.0,90954.0,96743.0,10979.0,3816696.0,1913837.5,962408.25,1913837.5,2865266.75,2,1,2,1.0526315789473684,1.0,1.0,1.0,1,1,1.0,1.0,1.0,1.0,"Hypergraph(num_v=20, num_e=3)",False,0.05510354042053217
2432,STATS,056-007-augF2,rewr,0.08109760284423828,0.0447256565093994,1,3,5,3,2,70335.82,11102,102532,62289.333333333336,42168.0,73234.0,87883.0,8840.0,3073114.0,1540977.0,774908.5,1540977.0,2307045.5,2,1,2,1.0526315789473684,1.0,1.0,1.0,1,1,1.0,1.0,1.0,1.0,"Hypergraph(num_v=20, num_e=3)",False,-0.03637194633483888
2433,STATS,056-007-augF2-augA1,rewr,0.06975197792053223,0.0643868446350097,1,3,5,3,2,70335.82,11102,102532,62289.333333333336,42168.0,73234.0,87883.0,8840.0,3073114.0,1540977.0,774908.5,1540977.0,2307045.5,1,1,2,1.0526315789473684,1.0,1.0,1.0,2,2,2.0,2.0,2.0,2.0,"Hypergraph(num_v=20, num_e=3)",False,-0.00536513328552253
2434,STATS,056-007-augF2-augA2,orig,0.06966328620910645,0.1183381080627441,1,3,5,3,2,70335.82,11102,102532,62289.333333333336,42168.0,73234.0,87883.0,8840.0,3073114.0,1540977.0,774908.5,1540977.0,2307045.5,2,1,2,1.0526315789473684,1.0,1.0,1.0,1,1,1.0,1.0,1.0,1.0,"Hypergraph(num_v=20, num_e=3)",False,0.048674821853637654
2435,STATS,057-087,rewr,0.09322714805603027,0.0776307582855224,1,3,7,5,2,31217.93,40009,101342,73734.0,59930.0,79851.0,90596.5,79225.0,8374487.0,4226856.0,2153040.5,4226856.0,6300671.5,2,1,3,1.1666666666666667,1.0,1.0,1.0,1,1,1.0,1.0,1.0,1.0,"Hypergraph(num_v=14, num_e=3)",True,-0.015596389770507868
2436,STATS,057-087-augA1,rewr,0.09451675415039062,0.0762012004852294,1,3,7,5,2,31217.93,40009,101342,73734.0,59930.0,79851.0,90596.5,79225.0,8374487.0,4226856.0,2153040.5,4226856.0,6300671.5,2,1,3,1.1666666666666667,1.0,1.0,1.0,1,1,1.0,1.0,1.0,1.0,"Hypergraph(num_v=14, num_e=3)",False,-0.01831555366516123
2437,STATS,057-087-augA2,rewr,0.09205269813537598,0.0790061950683593,1,3,7,5,2,31217.93,40009,101342,73734.0,59930.0,79851.0,90596.5,79225.0,8374487.0,4226856.0,2153040.5,4226856.0,6300671.5,1,1,3,1.1666666666666667,1.0,1.0,1.0,2,2,2.0,2.0,2.0,2.0,"Hypergraph(num_v=14, num_e=3)",False,-0.013046503067016671
2438,STATS,057-087-augF1,rewr,0.504530668258667,0.0978953838348388,1,3,7,5,2,31406.88,40319,101342,73837.33333333333,60085.0,79851.0,90596.5,79839.0,8439375.0,4259607.0,2169723.0,4259607.0,6349491.0,2,1,3,1.1666666666666667,1.0,1.0,1.0,1,1,1.0,1.0,1.0,1.0,"Hypergraph(num_v=14, num_e=3)",False,-0.4066352844238282
2439,STATS,057-087-augF1-augA1,rewr,0.5135514736175537,0.0939030647277832,1,3,7,5,2,31406.88,40319,101342,73837.33333333333,60085.0,79851.0,90596.5,79839.0,8439375.0,4259607.0,2169723.0,4259607.0,6349491.0,1,1,3,1.1666666666666667,1.0,1.0,1.0,2,2,2.0,2.0,2.0,2.0,"Hypergraph(num_v=14, num_e=3)",False,-0.4196484088897705
2440,STATS,057-087-augF1-augA2,rewr,0.5021181106567383,0.0855786800384521,1,3,7,5,2,31406.88,40319,101342,73837.33333333333,60085.0,79851.0,90596.5,79839.0,8439375.0,4259607.0,2169723.0,4259607.0,6349491.0,1,1,3,1.1666666666666667,1.0,1.0,1.0,2,2,2.0,2.0,2.0,2.0,"Hypergraph(num_v=14, num_e=3)",False,-0.4165394306182862
2441,STATS,057-087-augF2,orig,0.05944180488586426,0.101733922958374,1,3,7,5,2,17188.02,40009,79851,53482.333333333336,40298.0,40587.0,60219.0,79225.0,3353956.0,1716590.5,897907.75,1716590.5,2535273.25,1,1,3,1.1666666666666667,1.0,1.0,1.0,2,2,2.0,2.0,2.0,2.0,"Hypergraph(num_v=14, num_e=3)",False,0.04229211807250974
2442,STATS,057-087-augF2-augA1,orig,0.06185436248779297,0.0864884853363037,1,3,7,5,2,17188.02,40009,79851,53482.333333333336,40298.0,40587.0,60219.0,79225.0,3353956.0,1716590.5,897907.75,1716590.5,2535273.25,2,1,3,1.1666666666666667,1.0,1.0,1.0,1,1,1.0,1.0,1.0,1.0,"Hypergraph(num_v=14, num_e=3)",False,0.02463412284851073
2443,STATS,057-087-augF2-augA2,orig,0.061437368392944336,0.0777995586395263,1,3,7,5,2,17188.02,40009,79851,53482.333333333336,40298.0,40587.0,60219.0,79225.0,3353956.0,1716590.5,897907.75,1716590.5,2535273.25,1,1,3,1.1666666666666667,1.0,1.0,1.0,2,2,2.0,2.0,2.0,2.0,"Hypergraph(num_v=14, num_e=3)",False,0.016362190246581962
2444,STATS,058-010,rewr,0.08050966262817383,0.0528483390808105,1,3,10,8,2,13613.53,5685,100915,48975.0,23005.0,40325.0,70620.0,5603.0,1914525.0,960064.0,482833.5,960064.0,1437294.5,2,1,3,1.105263157894737,1.0,1.0,1.0,1,1,1.0,1.0,1.0,1.0,"Hypergraph(num_v=21, num_e=3)",True,-0.02766132354736333
2445,STATS,058-010-augA1,rewr,0.08240342140197754,0.0718274116516113,1,3,10,8,2,13613.53,5685,100915,48975.0,23005.0,40325.0,70620.0,5603.0,1914525.0,960064.0,482833.5,960064.0,1437294.5,2,1,3,1.105263157894737,1.0,1.0,1.0,1,1,1.0,1.0,1.0,1.0,"Hypergraph(num_v=21, num_e=3)",False,-0.010576009750366239
2446,STATS,058-010-augA2,orig,0.08087825775146484,0.101006269454956,1,3,10,8,2,13613.53,5685,100915,48975.0,23005.0,40325.0,70620.0,5603.0,1914525.0,960064.0,482833.5,960064.0,1437294.5,1,1,3,1.105263157894737,1.0,1.0,1.0,2,2,2.0,2.0,2.0,2.0,"Hypergraph(num_v=21, num_e=3)",False,0.020128011703491155
2447,STATS,058-010-augF1,rewr,0.08311080932617188,0.0582258701324462,1,3,10,8,2,13623.23,5696,100915,48978.66666666666,23010.5,40325.0,70620.0,5614.0,1918230.0,961922.0,483768.0,961922.0,1440076.0,2,1,3,1.105263157894737,1.0,1.0,1.0,1,1,1.0,1.0,1.0,1.0,"Hypergraph(num_v=21, num_e=3)",False,-0.024884939193725676
2448,STATS,058-010-augF1-augA1,rewr,0.08232665061950684,0.0714986324310302,1,3,10,8,2,13623.23,5696,100915,48978.66666666666,23010.5,40325.0,70620.0,5614.0,1918230.0,961922.0,483768.0,961922.0,1440076.0,2,1,3,1.105263157894737,1.0,1.0,1.0,1,1,1.0,1.0,1.0,1.0,"Hypergraph(num_v=21, num_e=3)",False,-0.010828018188476632
2449,STATS,058-010-augF1-augA2,rewr,0.0805809497833252,0.0658712387084961,1,3,10,8,2,13623.23,5696,100915,48978.66666666666,23010.5,40325.0,70620.0,5614.0,1918230.0,961922.0,483768.0,961922.0,1440076.0,1,1,3,1.105263157894737,1.0,1.0,1.0,2,2,2.0,2.0,2.0,2.0,"Hypergraph(num_v=21, num_e=3)",False,-0.014709711074829102
2450,STATS,058-010-augF2,orig,0.015107154846191406,0.1604294776916504,1,3,10,8,2,7425.87,1,100915,33640.333333333336,3.0,5.0,50460.0,5.0,1684.0,844.5,424.75,844.5,1264.25,1,1,3,1.105263157894737,1.0,1.0,1.0,2,2,2.0,2.0,2.0,2.0,"Hypergraph(num_v=21, num_e=3)",False,0.14532232284545898
2451,STATS,058-010-augF2-augA1,orig,0.014613628387451172,0.0672152042388916,1,3,10,8,2,7425.87,1,100915,33640.333333333336,3.0,5.0,50460.0,5.0,1684.0,844.5,424.75,844.5,1264.25,2,1,3,1.105263157894737,1.0,1.0,1.0,1,1,1.0,1.0,1.0,1.0,"Hypergraph(num_v=21, num_e=3)",False,0.05260157585144043
2452,STATS,058-010-augF2-augA2,orig,0.013076066970825195,0.0132780075073242,1,3,10,8,2,7425.87,1,100915,33640.333333333336,3.0,5.0,50460.0,5.0,1684.0,844.5,424.75,844.5,1264.25,1,1,3,1.105263157894737,1.0,1.0,1.0,2,2,2.0,2.0,2.0,2.0,"Hypergraph(num_v=21, num_e=3)",False,0.00020194053649900436
2453,STATS,059-061,rewr,0.1760101318359375,0.1683313846588134,1,6,17,12,5,16445.26,1,154090,59624.0,10542.75,46276.5,95920.5,1247.0,234768.0,48530.8,1357.0,1373.0,3909.0,2,1,4,1.1666666666666667,1.0,1.0,1.0,1,4,2.5,2.5,1.75,3.25,"Hypergraph(num_v=35, num_e=6)",True,-0.007678747177124107
2454,STATS,059-061-augA1,orig,0.17703485488891602,0.1813821792602539,1,6,17,12,5,16445.26,1,154090,59624.0,10542.75,46276.5,95920.5,1247.0,234768.0,48530.8,1357.0,1373.0,3909.0,1,1,4,1.1666666666666667,1.0,1.0,1.0,5,5,5.0,5.0,5.0,5.0,"Hypergraph(num_v=35, num_e=6)",False,0.004347324371337891
2455,STATS,059-061-augA2,orig,0.17770028114318848,0.1930599212646484,1,6,17,12,5,16445.26,1,154090,59624.0,10542.75,46276.5,95920.5,1247.0,234768.0,48530.8,1357.0,1373.0,3909.0,2,1,4,1.1666666666666667,1.0,1.0,1.0,1,4,2.5,2.5,1.75,3.25,"Hypergraph(num_v=35, num_e=6)",False,0.015359640121459933
2456,STATS,059-061-augA3,rewr,0.17763924598693848,0.1508257389068603,1,6,17,12,5,16445.26,1,154090,59624.0,10542.75,46276.5,95920.5,1247.0,234768.0,48530.8,1357.0,1373.0,3909.0,2,1,4,1.1666666666666667,1.0,1.0,1.0,1,4,2.5,2.5,1.75,3.25,"Hypergraph(num_v=35, num_e=6)",False,-0.02681350708007818
2457,STATS,059-061-augA4,rewr,0.1750497817993164,0.170377492904663,1,6,17,12,5,16445.26,1,154090,59624.0,10542.75,46276.5,95920.5,1247.0,234768.0,48530.8,1357.0,1373.0,3909.0,2,1,4,1.1666666666666667,1.0,1.0,1.0,1,4,2.5,2.5,1.75,3.25,"Hypergraph(num_v=35, num_e=6)",False,-0.004672288894653404
2458,STATS,059-061-augA5,orig,0.17540693283081055,0.210416555404663,1,6,17,12,5,16445.26,1,154090,59624.0,10542.75,46276.5,95920.5,1247.0,234768.0,48530.8,1357.0,1373.0,3909.0,1,1,4,1.1666666666666667,1.0,1.0,1.0,5,5,5.0,5.0,5.0,5.0,"Hypergraph(num_v=35, num_e=6)",False,0.035009622573852456
2459,STATS,059-061-augF1,orig,0.11948370933532715,0.173121690750122,1,6,17,12,5,15677.12,1,154090,54153.16666666666,10542.75,40577.0,77001.25,928.0,158665.0,32920.2,1009.0,1357.0,2642.0,2,1,4,1.1666666666666667,1.0,1.0,1.0,1,4,2.5,2.5,1.75,3.25,"Hypergraph(num_v=35, num_e=6)",False,0.05363798141479484
2460,STATS,059-061-augF1-augA1,orig,0.11867189407348633,0.1788167953491211,1,6,17,12,5,15677.12,1,154090,54153.16666666666,10542.75,40577.0,77001.25,928.0,158665.0,32920.2,1009.0,1357.0,2642.0,1,1,4,1.1666666666666667,1.0,1.0,1.0,5,5,5.0,5.0,5.0,5.0,"Hypergraph(num_v=35, num_e=6)",False,0.060144901275634766
2461,STATS,059-061-augF1-augA2,orig,0.12122941017150879,0.1964373588562011,1,6,17,12,5,15677.12,1,154090,54153.16666666666,10542.75,40577.0,77001.25,928.0,158665.0,32920.2,1009.0,1357.0,2642.0,2,1,4,1.1666666666666667,1.0,1.0,1.0,1,4,2.5,2.5,1.75,3.25,"Hypergraph(num_v=35, num_e=6)",False,0.0752079486846923
2462,STATS,059-061-augF1-augA3,rewr,0.12163209915161133,0.1126487255096435,1,6,17,12,5,15677.12,1,154090,54153.16666666666,10542.75,40577.0,77001.25,928.0,158665.0,32920.2,1009.0,1357.0,2642.0,2,1,4,1.1666666666666667,1.0,1.0,1.0,1,4,2.5,2.5,1.75,3.25,"Hypergraph(num_v=35, num_e=6)",False,-0.008983373641967829
2463,STATS,059-061-augF1-augA4,orig,0.1179361343383789,0.1577205657958984,1,6,17,12,5,15677.12,1,154090,54153.16666666666,10542.75,40577.0,77001.25,928.0,158665.0,32920.2,1009.0,1357.0,2642.0,2,1,4,1.1666666666666667,1.0,1.0,1.0,1,4,2.5,2.5,1.75,3.25,"Hypergraph(num_v=35, num_e=6)",False,0.039784431457519503
2464,STATS,059-061-augF1-augA5,orig,0.11803793907165527,0.1723060607910156,1,6,17,12,5,15677.12,1,154090,54153.16666666666,10542.75,40577.0,77001.25,928.0,158665.0,32920.2,1009.0,1357.0,2642.0,1,1,4,1.1666666666666667,1.0,1.0,1.0,5,5,5.0,5.0,5.0,5.0,"Hypergraph(num_v=35, num_e=6)",False,0.054268121719360324
2465,STATS,059-061-augF2,orig,0.01932215690612793,0.0958766937255859,1,6,17,12,5,11221.73,1,101277,31826.5,2.25,4914.5,62344.0,1.0,32.0,9.0,1.0,4.0,7.0,2,1,4,1.1666666666666667,1.0,1.0,1.0,1,4,2.5,2.5,1.75,3.25,"Hypergraph(num_v=35, num_e=6)",False,0.07655453681945797
2466,STATS,059-061-augF2-augA1,orig,0.019585609436035156,0.0774126052856445,1,6,17,12,5,11221.73,1,101277,31826.5,2.25,4914.5,62344.0,1.0,32.0,9.0,1.0,4.0,7.0,1,1,4,1.1666666666666667,1.0,1.0,1.0,5,5,5.0,5.0,5.0,5.0,"Hypergraph(num_v=35, num_e=6)",False,0.05782699584960935
2467,STATS,059-061-augF2-augA2,orig,0.019321680068969727,0.0856287479400634,1,6,17,12,5,11221.73,1,101277,31826.5,2.25,4914.5,62344.0,1.0,32.0,9.0,1.0,4.0,7.0,2,1,4,1.1666666666666667,1.0,1.0,1.0,1,4,2.5,2.5,1.75,3.25,"Hypergraph(num_v=35, num_e=6)",False,0.06630706787109367
2468,STATS,059-061-augF2-augA3,orig,0.020712614059448242,0.1114261150360107,1,6,17,12,5,11221.73,1,101277,31826.5,2.25,4914.5,62344.0,1.0,32.0,9.0,1.0,4.0,7.0,2,1,4,1.1666666666666667,1.0,1.0,1.0,1,4,2.5,2.5,1.75,3.25,"Hypergraph(num_v=35, num_e=6)",False,0.09071350097656246
2469,STATS,059-061-augF2-augA4,orig,0.020586013793945312,0.0776493549346923,1,6,17,12,5,11221.73,1,101277,31826.5,2.25,4914.5,62344.0,1.0,32.0,9.0,1.0,4.0,7.0,2,1,4,1.1666666666666667,1.0,1.0,1.0,1,4,2.5,2.5,1.75,3.25,"Hypergraph(num_v=35, num_e=6)",False,0.05706334114074699
2470,STATS,059-061-augF2-augA5,orig,0.019469261169433594,0.0793304443359375,1,6,17,12,5,11221.73,1,101277,31826.5,2.25,4914.5,62344.0,1.0,32.0,9.0,1.0,4.0,7.0,1,1,4,1.1666666666666667,1.0,1.0,1.0,5,5,5.0,5.0,5.0,5.0,"Hypergraph(num_v=35, num_e=6)",False,0.059861183166503906
2471,STATS,060-042,orig,0.18491101264953613,0.1962342262268066,1,4,7,4,3,18558.55,23721,192979,109269.0,37453.5,110188.0,182003.5,80324.0,286502.0,149442.0,80912.0,81500.0,184001.0,2,1,3,1.125,1.0,1.0,1.0,1,2,1.5,1.5,1.25,1.75,"Hypergraph(num_v=27, num_e=4)",True,0.01132321357727048
2472,STATS,060-042-augA1,orig,0.16469645500183105,0.2495594024658203,1,4,7,4,3,18558.55,23721,192979,109269.0,37453.5,110188.0,182003.5,80324.0,286502.0,149442.0,80912.0,81500.0,184001.0,1,1,3,1.125,1.0,1.0,1.0,3,3,3.0,3.0,3.0,3.0,"Hypergraph(num_v=27, num_e=4)",False,0.08486294746398926
2473,STATS,060-042-augA2,orig,0.18075180053710938,0.2102360725402832,1,4,7,4,3,18558.55,23721,192979,109269.0,37453.5,110188.0,182003.5,80324.0,286502.0,149442.0,80912.0,81500.0,184001.0,2,1,3,1.125,1.0,1.0,1.0,1,2,1.5,1.5,1.25,1.75,"Hypergraph(num_v=27, num_e=4)",False,0.029484272003173828
2474,STATS,060-042-augA3,orig,0.1858518123626709,0.2437026500701904,1,4,7,4,3,18558.55,23721,192979,109269.0,37453.5,110188.0,182003.5,80324.0,286502.0,149442.0,80912.0,81500.0,184001.0,1,1,3,1.125,1.0,1.0,1.0,3,3,3.0,3.0,3.0,3.0,"Hypergraph(num_v=27, num_e=4)",False,0.057850837707519503
2475,STATS,060-042-augF1,orig,0.05191540718078613,0.1214683055877685,1,4,7,4,3,13821.74,1,192979,92933.5,307.0,89377.0,182003.5,846.0,2788.0,1497.3333333333333,852.0,858.0,1823.0,2,1,3,1.125,1.0,1.0,1.0,1,2,1.5,1.5,1.25,1.75,"Hypergraph(num_v=27, num_e=4)",False,0.06955289840698237
2476,STATS,060-042-augF1-augA1,orig,0.052690982818603516,0.1701352596282959,1,4,7,4,3,13821.74,1,192979,92933.5,307.0,89377.0,182003.5,846.0,2788.0,1497.3333333333333,852.0,858.0,1823.0,1,1,3,1.125,1.0,1.0,1.0,3,3,3.0,3.0,3.0,3.0,"Hypergraph(num_v=27, num_e=4)",False,0.11744427680969238
2477,STATS,060-042-augF1-augA2,orig,0.050605058670043945,0.1205084323883056,1,4,7,4,3,13821.74,1,192979,92933.5,307.0,89377.0,182003.5,846.0,2788.0,1497.3333333333333,852.0,858.0,1823.0,2,1,3,1.125,1.0,1.0,1.0,1,2,1.5,1.5,1.25,1.75,"Hypergraph(num_v=27, num_e=4)",False,0.06990337371826165
2478,STATS,060-042-augF1-augA3,orig,0.05100274085998535,0.1694235801696777,1,4,7,4,3,13821.74,1,192979,92933.5,307.0,89377.0,182003.5,846.0,2788.0,1497.3333333333333,852.0,858.0,1823.0,1,1,3,1.125,1.0,1.0,1.0,3,3,3.0,3.0,3.0,3.0,"Hypergraph(num_v=27, num_e=4)",False,0.11842083930969236
2479,STATS,060-042-augF2,orig,0.18755316734313965,0.195563793182373,1,4,7,4,3,18601.92,23721,192979,109379.0,37783.5,110408.0,182003.5,81164.0,289501.0,151006.0,81758.5,82353.0,185927.0,2,1,3,1.125,1.0,1.0,1.0,1,2,1.5,1.5,1.25,1.75,"Hypergraph(num_v=27, num_e=4)",False,0.008010625839233343
2480,STATS,060-042-augF2-augA1,orig,0.16684865951538086,0.2506055831909179,1,4,7,4,3,18601.92,23721,192979,109379.0,37783.5,110408.0,182003.5,81164.0,289501.0,151006.0,81758.5,82353.0,185927.0,1,1,3,1.125,1.0,1.0,1.0,3,3,3.0,3.0,3.0,3.0,"Hypergraph(num_v=27, num_e=4)",False,0.08375692367553705
2481,STATS,060-042-augF2-augA2,orig,0.17536234855651855,0.2086243629455566,1,4,7,4,3,18601.92,23721,192979,109379.0,37783.5,110408.0,182003.5,81164.0,289501.0,151006.0,81758.5,82353.0,185927.0,2,1,3,1.125,1.0,1.0,1.0,1,2,1.5,1.5,1.25,1.75,"Hypergraph(num_v=27, num_e=4)",False,0.03326201438903806
2482,STATS,060-042-augF2-augA3,orig,0.18931341171264648,0.2358453273773193,1,4,7,4,3,18601.92,23721,192979,109379.0,37783.5,110408.0,182003.5,81164.0,289501.0,151006.0,81758.5,82353.0,185927.0,1,1,3,1.125,1.0,1.0,1.0,3,3,3.0,3.0,3.0,3.0,"Hypergraph(num_v=27, num_e=4)",False,0.046531915664672824
2483,STATS,061-053,rewr,0.20463991165161133,0.1034822463989257,1,5,7,3,4,10069.22,11102,101910,55158.4,40325.0,42604.0,79851.0,5069.0,27140.0,11847.5,5124.5,7590.5,14313.5,2,1,3,1.0740740740740742,1.0,1.0,1.0,1,3,2.0,2.0,1.5,2.5,"Hypergraph(num_v=29, num_e=5)",True,-0.10115766525268563
2484,STATS,061-053-augA1,rewr,0.21802902221679688,0.1585378646850586,1,5,7,3,4,10069.22,11102,101910,55158.4,40325.0,42604.0,79851.0,5069.0,27140.0,11847.5,5124.5,7590.5,14313.5,2,1,3,1.0740740740740742,1.0,1.0,1.0,1,3,2.0,2.0,1.5,2.5,"Hypergraph(num_v=29, num_e=5)",False,-0.05949115753173828
2485,STATS,061-053-augA2,rewr,0.20008516311645508,0.1243078708648681,1,5,7,3,4,10069.22,11102,101910,55158.4,40325.0,42604.0,79851.0,5069.0,27140.0,11847.5,5124.5,7590.5,14313.5,1,1,3,1.0740740740740742,1.0,1.0,1.0,4,4,4.0,4.0,4.0,4.0,"Hypergraph(num_v=29, num_e=5)",False,-0.07577729225158698
2486,STATS,061-053-augA3,rewr,0.2189340591430664,0.1123092174530029,1,5,7,3,4,10069.22,11102,101910,55158.4,40325.0,42604.0,79851.0,5069.0,27140.0,11847.5,5124.5,7590.5,14313.5,1,1,3,1.0740740740740742,1.0,1.0,1.0,4,4,4.0,4.0,4.0,4.0,"Hypergraph(num_v=29, num_e=5)",False,-0.1066248416900635
2487,STATS,061-053-augA4,rewr,0.2197113037109375,0.1280732154846191,1,5,7,3,4,10069.22,11102,101910,55158.4,40325.0,42604.0,79851.0,5069.0,27140.0,11847.5,5124.5,7590.5,14313.5,2,1,3,1.0740740740740742,1.0,1.0,1.0,1,3,2.0,2.0,1.5,2.5,"Hypergraph(num_v=29, num_e=5)",False,-0.09163808822631839
2488,STATS,061-053-augF1,orig,0.08197164535522461,0.1249339580535888,1,5,7,3,4,9135.6,1,79851,29525.8,11102.0,14071.0,42604.0,1892.0,6370.0,3831.25,1913.0,3531.5,5449.75,2,1,3,1.0740740740740742,1.0,1.0,1.0,1,3,2.0,2.0,1.5,2.5,"Hypergraph(num_v=29, num_e=5)",False,0.04296231269836419
2489,STATS,061-053-augF1-augA1,orig,0.08196640014648438,0.0983588695526123,1,5,7,3,4,9135.6,1,79851,29525.8,11102.0,14071.0,42604.0,1892.0,6370.0,3831.25,1913.0,3531.5,5449.75,2,1,3,1.0740740740740742,1.0,1.0,1.0,1,3,2.0,2.0,1.5,2.5,"Hypergraph(num_v=29, num_e=5)",False,0.01639246940612793
2490,STATS,061-053-augF1-augA2,rewr,0.08148646354675293,0.070946455001831,1,5,7,3,4,9135.6,1,79851,29525.8,11102.0,14071.0,42604.0,1892.0,6370.0,3831.25,1913.0,3531.5,5449.75,1,1,3,1.0740740740740742,1.0,1.0,1.0,4,4,4.0,4.0,4.0,4.0,"Hypergraph(num_v=29, num_e=5)",False,-0.01054000854492193
2491,STATS,061-053-augF1-augA3,rewr,0.08049607276916504,0.0727832317352294,1,5,7,3,4,9135.6,1,79851,29525.8,11102.0,14071.0,42604.0,1892.0,6370.0,3831.25,1913.0,3531.5,5449.75,1,1,3,1.0740740740740742,1.0,1.0,1.0,4,4,4.0,4.0,4.0,4.0,"Hypergraph(num_v=29, num_e=5)",False,-0.007712841033935644
2492,STATS,061-053-augF1-augA4,orig,0.08151674270629883,0.0859906673431396,1,5,7,3,4,9135.6,1,79851,29525.8,11102.0,14071.0,42604.0,1892.0,6370.0,3831.25,1913.0,3531.5,5449.75,2,1,3,1.0740740740740742,1.0,1.0,1.0,1,3,2.0,2.0,1.5,2.5,"Hypergraph(num_v=29, num_e=5)",False,0.004473924636840779
2493,STATS,061-053-augF2,rewr,0.1933443546295166,0.090691328048706,1,5,7,3,4,9342.1,11102,101910,50568.4,17375.0,42604.0,79851.0,2184.0,18092.0,9073.75,3789.75,8009.5,13293.5,2,1,3,1.0740740740740742,1.0,1.0,1.0,1,3,2.0,2.0,1.5,2.5,"Hypergraph(num_v=29, num_e=5)",False,-0.1026530265808106
2494,STATS,061-053-augF2-augA1,rewr,0.21743249893188477,0.1575665473937988,1,5,7,3,4,9342.1,11102,101910,50568.4,17375.0,42604.0,79851.0,2184.0,18092.0,9073.75,3789.75,8009.5,13293.5,2,1,3,1.0740740740740742,1.0,1.0,1.0,1,3,2.0,2.0,1.5,2.5,"Hypergraph(num_v=29, num_e=5)",False,-0.059865951538085965
2495,STATS,061-053-augF2-augA2,rewr,0.19669795036315918,0.1537299156188964,1,5,7,3,4,9342.1,11102,101910,50568.4,17375.0,42604.0,79851.0,2184.0,18092.0,9073.75,3789.75,8009.5,13293.5,1,1,3,1.0740740740740742,1.0,1.0,1.0,4,4,4.0,4.0,4.0,4.0,"Hypergraph(num_v=29, num_e=5)",False,-0.04296803474426278
2496,STATS,061-053-augF2-augA3,rewr,0.21870017051696777,0.123838186264038,1,5,7,3,4,9342.1,11102,101910,50568.4,17375.0,42604.0,79851.0,2184.0,18092.0,9073.75,3789.75,8009.5,13293.5,1,1,3,1.0740740740740742,1.0,1.0,1.0,4,4,4.0,4.0,4.0,4.0,"Hypergraph(num_v=29, num_e=5)",False,-0.09486198425292977
2497,STATS,061-053-augF2-augA4,rewr,0.21490931510925293,0.0963358879089355,1,5,7,3,4,9342.1,11102,101910,50568.4,17375.0,42604.0,79851.0,2184.0,18092.0,9073.75,3789.75,8009.5,13293.5,2,1,3,1.0740740740740742,1.0,1.0,1.0,1,3,2.0,2.0,1.5,2.5,"Hypergraph(num_v=29, num_e=5)",False,-0.11857342720031742
2498,STATS,062-129,orig,0.16509509086608887,0.2190601825714111,1,5,10,6,4,17418.72,11102,178345,93036.0,19202.0,102077.0,154454.0,2318.0,24207.0,9110.25,2508.5,4958.0,11559.75,2,1,5,1.148148148148148,1.0,1.0,1.0,1,3,2.0,2.0,1.5,2.5,"Hypergraph(num_v=31, num_e=5)",True,0.05396509170532224
2499,STATS,062-129-augA1,orig,0.20357751846313477,0.5305209159851074,1,5,10,6,4,17418.72,11102,178345,93036.0,19202.0,102077.0,154454.0,2318.0,24207.0,9110.25,2508.5,4958.0,11559.75,1,1,5,1.148148148148148,1.0,1.0,1.0,4,4,4.0,4.0,4.0,4.0,"Hypergraph(num_v=31, num_e=5)",False,0.32694339752197266
2500,STATS,062-129-augA2,orig,0.1658778190612793,0.3947172164916992,1,5,10,6,4,17418.72,11102,178345,93036.0,19202.0,102077.0,154454.0,2318.0,24207.0,9110.25,2508.5,4958.0,11559.75,2,1,5,1.148148148148148,1.0,1.0,1.0,1,3,2.0,2.0,1.5,2.5,"Hypergraph(num_v=31, num_e=5)",False,0.22883939743041992
2501,STATS,062-129-augA3,orig,0.1631169319152832,0.2158083915710449,1,5,10,6,4,17418.72,11102,178345,93036.0,19202.0,102077.0,154454.0,2318.0,24207.0,9110.25,2508.5,4958.0,11559.75,2,1,5,1.148148148148148,1.0,1.0,1.0,1,3,2.0,2.0,1.5,2.5,"Hypergraph(num_v=31, num_e=5)",False,0.05269145965576169
2502,STATS,062-129-augA4,orig,0.16716456413269043,0.190765380859375,1,5,10,6,4,17418.72,11102,178345,93036.0,19202.0,102077.0,154454.0,2318.0,24207.0,9110.25,2508.5,4958.0,11559.75,2,1,5,1.148148148148148,1.0,1.0,1.0,1,3,2.0,2.0,1.5,2.5,"Hypergraph(num_v=31, num_e=5)",False,0.02360081672668457
2503,STATS,062-129-augF1,orig,0.16500043869018555,0.218888521194458,1,5,10,6,4,17422.1,11102,178345,93125.0,19202.0,102522.0,154454.0,2318.0,24312.0,9147.25,2517.5,4979.5,11609.25,2,1,5,1.148148148148148,1.0,1.0,1.0,1,3,2.0,2.0,1.5,2.5,"Hypergraph(num_v=31, num_e=5)",False,0.05388808250427246
2504,STATS,062-129-augF1-augA1,orig,0.15450191497802734,0.3310861587524414,1,5,10,6,4,17422.1,11102,178345,93125.0,19202.0,102522.0,154454.0,2318.0,24312.0,9147.25,2517.5,4979.5,11609.25,1,1,5,1.148148148148148,1.0,1.0,1.0,4,4,4.0,4.0,4.0,4.0,"Hypergraph(num_v=31, num_e=5)",False,0.17658424377441406
2505,STATS,062-129-augF1-augA2,orig,0.15837788581848145,0.4589388370513916,1,5,10,6,4,17422.1,11102,178345,93125.0,19202.0,102522.0,154454.0,2318.0,24312.0,9147.25,2517.5,4979.5,11609.25,2,1,5,1.148148148148148,1.0,1.0,1.0,1,3,2.0,2.0,1.5,2.5,"Hypergraph(num_v=31, num_e=5)",False,0.30056095123291016
2506,STATS,062-129-augF1-augA3,orig,0.1624312400817871,0.2922201156616211,1,5,10,6,4,17422.1,11102,178345,93125.0,19202.0,102522.0,154454.0,2318.0,24312.0,9147.25,2517.5,4979.5,11609.25,2,1,5,1.148148148148148,1.0,1.0,1.0,1,3,2.0,2.0,1.5,2.5,"Hypergraph(num_v=31, num_e=5)",False,0.12978887557983398
2507,STATS,062-129-augF1-augA4,orig,0.158463716506958,0.2007174491882324,1,5,10,6,4,17422.1,11102,178345,93125.0,19202.0,102522.0,154454.0,2318.0,24312.0,9147.25,2517.5,4979.5,11609.25,2,1,5,1.148148148148148,1.0,1.0,1.0,1,3,2.0,2.0,1.5,2.5,"Hypergraph(num_v=31, num_e=5)",False,0.042253732681274386
2508,STATS,062-129-augF2,orig,0.05785965919494629,0.1390376091003418,1,5,10,6,4,16667.07,56,178345,89206.8,11102.0,102077.0,154454.0,14.0,109.0,55.0,22.25,48.5,81.25,1,1,5,1.148148148148148,1.0,1.0,1.0,4,4,4.0,4.0,4.0,4.0,"Hypergraph(num_v=31, num_e=5)",False,0.08117794990539551
2509,STATS,062-129-augF2-augA1,orig,0.05920147895812988,0.2164828777313232,1,5,10,6,4,16667.07,56,178345,89206.8,11102.0,102077.0,154454.0,14.0,109.0,55.0,22.25,48.5,81.25,1,1,5,1.148148148148148,1.0,1.0,1.0,4,4,4.0,4.0,4.0,4.0,"Hypergraph(num_v=31, num_e=5)",False,0.1572813987731933
2510,STATS,062-129-augF2-augA2,orig,0.05660557746887207,0.2259855270385742,1,5,10,6,4,16667.07,56,178345,89206.8,11102.0,102077.0,154454.0,14.0,109.0,55.0,22.25,48.5,81.25,2,1,5,1.148148148148148,1.0,1.0,1.0,1,3,2.0,2.0,1.5,2.5,"Hypergraph(num_v=31, num_e=5)",False,0.16937994956970212
2511,STATS,062-129-augF2-augA3,orig,0.058319091796875,0.0998122692108154,1,5,10,6,4,16667.07,56,178345,89206.8,11102.0,102077.0,154454.0,14.0,109.0,55.0,22.25,48.5,81.25,2,1,5,1.148148148148148,1.0,1.0,1.0,1,3,2.0,2.0,1.5,2.5,"Hypergraph(num_v=31, num_e=5)",False,0.0414931774139404
2512,STATS,062-129-augF2-augA4,orig,0.05718350410461426,0.1681079864501953,1,5,10,6,4,16667.07,56,178345,89206.8,11102.0,102077.0,154454.0,14.0,109.0,55.0,22.25,48.5,81.25,2,1,5,1.148148148148148,1.0,1.0,1.0,1,3,2.0,2.0,1.5,2.5,"Hypergraph(num_v=31, num_e=5)",False,0.11092448234558105
2513,STATS,063-109,rewr,0.2405686378479004,0.2031745910644531,1,5,9,5,4,30734.51,9794,191205,99434.2,38323.0,79504.0,178345.0,20687.0,775734.0,271363.75,78543.5,144517.0,337337.25,2,1,5,1.148148148148148,1.0,1.0,1.0,1,3,2.0,2.0,1.5,2.5,"Hypergraph(num_v=31, num_e=5)",True,-0.03739404678344729
2514,STATS,063-109-augA1,orig,0.23655414581298828,0.47389817237854,1,5,9,5,4,30734.51,9794,191205,99434.2,38323.0,79504.0,178345.0,20687.0,775734.0,271363.75,78543.5,144517.0,337337.25,2,1,5,1.148148148148148,1.0,1.0,1.0,1,3,2.0,2.0,1.5,2.5,"Hypergraph(num_v=31, num_e=5)",False,0.2373440265655517
2515,STATS,063-109-augA2,rewr,0.24699926376342773,0.1786010265350341,1,5,9,5,4,30734.51,9794,191205,99434.2,38323.0,79504.0,178345.0,20687.0,775734.0,271363.75,78543.5,144517.0,337337.25,2,1,5,1.148148148148148,1.0,1.0,1.0,1,3,2.0,2.0,1.5,2.5,"Hypergraph(num_v=31, num_e=5)",False,-0.06839823722839364
2516,STATS,063-109-augA3,rewr,0.24063682556152344,0.1886353492736816,1,5,9,5,4,30976.77,9794,191205,99434.2,38323.0,79504.0,178345.0,45684.0,775734.0,279239.75,71049.0,147770.5,355961.25,2,1,5,1.148148148148148,1.0,1.0,1.0,1,3,2.0,2.0,1.5,2.5,"Hypergraph(num_v=31, num_e=5)",False,-0.052001476287841825
2517,STATS,063-109-augA4,orig,0.2203683853149414,0.2931087017059326,1,5,9,5,4,30734.51,9794,191205,99434.2,38323.0,79504.0,178345.0,20687.0,775734.0,271363.75,78543.5,144517.0,337337.25,1,1,5,1.148148148148148,1.0,1.0,1.0,4,4,4.0,4.0,4.0,4.0,"Hypergraph(num_v=31, num_e=5)",False,0.07274031639099121
2518,STATS,063-109-augF1,orig,0.21483612060546875,0.2977979183197021,1,5,9,5,4,27275.56,9794,178345,93814.0,38323.0,79504.0,163104.0,20687.0,661725.0,235836.25,78543.5,130466.5,287759.25,2,1,5,1.148148148148148,1.0,1.0,1.0,1,3,2.0,2.0,1.5,2.5,"Hypergraph(num_v=31, num_e=5)",False,0.08296179771423334
2519,STATS,063-109-augF1-augA1,orig,0.21365761756896973,0.4361286163330078,1,5,9,5,4,27275.56,9794,178345,93814.0,38323.0,79504.0,163104.0,20687.0,661725.0,235836.25,78543.5,130466.5,287759.25,2,1,5,1.148148148148148,1.0,1.0,1.0,1,3,2.0,2.0,1.5,2.5,"Hypergraph(num_v=31, num_e=5)",False,0.22247099876403809
2520,STATS,063-109-augF1-augA2,rewr,0.2216510772705078,0.2075872421264648,1,5,9,5,4,27275.56,9794,178345,93814.0,38323.0,79504.0,163104.0,20687.0,661725.0,235836.25,78543.5,130466.5,287759.25,1,1,5,1.148148148148148,1.0,1.0,1.0,4,4,4.0,4.0,4.0,4.0,"Hypergraph(num_v=31, num_e=5)",False,-0.014063835144043024
2521,STATS,063-109-augF1-augA3,orig,0.20777320861816406,0.2460951805114746,1,5,9,5,4,29198.44,9794,178345,93814.0,38323.0,79504.0,163104.0,38969.0,661725.0,241121.0,69370.25,131895.0,303645.75,2,1,5,1.148148148148148,1.0,1.0,1.0,1,3,2.0,2.0,1.5,2.5,"Hypergraph(num_v=31, num_e=5)",False,0.03832197189331055
2522,STATS,063-109-augF1-augA4,orig,0.21479272842407227,0.2819812297821045,1,5,9,5,4,27275.56,9794,178345,93814.0,38323.0,79504.0,163104.0,20687.0,661725.0,235836.25,78543.5,130466.5,287759.25,1,1,5,1.148148148148148,1.0,1.0,1.0,4,4,4.0,4.0,4.0,4.0,"Hypergraph(num_v=31, num_e=5)",False,0.06718850135803223
2523,STATS,063-109-augF2,orig,0.04895353317260742,0.2141041755676269,1,5,9,5,4,14462.42,1,191205,75870.6,8.0,9794.0,178345.0,2.0,65.0,19.25,2.0,5.0,22.25,2,1,5,1.148148148148148,1.0,1.0,1.0,1,3,2.0,2.0,1.5,2.5,"Hypergraph(num_v=31, num_e=5)",False,0.16515064239501948
2524,STATS,063-109-augF2-augA1,orig,0.049630165100097656,0.1209890842437744,1,5,9,5,4,14462.42,1,191205,75870.6,8.0,9794.0,178345.0,2.0,65.0,19.25,2.0,5.0,22.25,2,1,5,1.148148148148148,1.0,1.0,1.0,1,3,2.0,2.0,1.5,2.5,"Hypergraph(num_v=31, num_e=5)",False,0.07135891914367674
2525,STATS,063-109-augF2-augA2,orig,0.04953575134277344,0.1861379146575927,1,5,9,5,4,14462.42,1,191205,75870.6,8.0,9794.0,178345.0,2.0,65.0,19.25,2.0,5.0,22.25,2,1,5,1.148148148148148,1.0,1.0,1.0,1,3,2.0,2.0,1.5,2.5,"Hypergraph(num_v=31, num_e=5)",False,0.13660216331481925
2526,STATS,063-109-augF2-augA3,orig,0.04990983009338379,0.4485719203948974,1,5,9,5,4,14462.42,1,191205,75870.6,8.0,9794.0,178345.0,2.0,65.0,19.25,2.0,5.0,22.25,1,1,5,1.148148148148148,1.0,1.0,1.0,4,4,4.0,4.0,4.0,4.0,"Hypergraph(num_v=31, num_e=5)",False,0.3986620903015136
2527,STATS,063-109-augF2-augA4,orig,0.05021548271179199,0.4499330520629883,1,5,9,5,4,14462.42,1,191205,75870.6,8.0,9794.0,178345.0,2.0,65.0,19.25,2.0,5.0,22.25,1,1,5,1.148148148148148,1.0,1.0,1.0,4,4,4.0,4.0,4.0,4.0,"Hypergraph(num_v=31, num_e=5)",False,0.3997175693511963
2528,STATS,064-116,rewr,0.44749975204467773,0.1451478004455566,1,4,9,6,3,893775.08,4836,174257,74752.25,31257.75,59958.0,103452.5,161084.0,341193331.0,113921214.0,285155.5,409227.0,170801279.0,2,1,4,1.1875,1.0,1.0,1.0,1,2,1.5,1.5,1.25,1.75,"Hypergraph(num_v=19, num_e=4)",True,-0.3023519515991211
2529,STATS,064-116-augA1,rewr,0.4257974624633789,0.0901756286621093,1,4,9,6,3,894954.73,4836,174257,74752.25,31257.75,59958.0,103452.5,79336.0,341193331.0,113893085.0,242962.0,406588.0,170799959.5,2,1,4,1.1875,1.0,1.0,1.0,1,2,1.5,1.5,1.25,1.75,"Hypergraph(num_v=19, num_e=4)",False,-0.3356218338012696
2530,STATS,064-116-augA2,rewr,0.4699382781982422,0.1065809726715087,1,4,9,6,3,893775.08,4836,174257,74752.25,31257.75,59958.0,103452.5,161084.0,341193331.0,113921214.0,285155.5,409227.0,170801279.0,2,1,4,1.1875,1.0,1.0,1.0,1,2,1.5,1.5,1.25,1.75,"Hypergraph(num_v=19, num_e=4)",False,-0.3633573055267335
2531,STATS,064-116-augA3,rewr,0.46489405632019043,0.1309132575988769,1,4,9,6,3,893775.08,4836,174257,74752.25,31257.75,59958.0,103452.5,161084.0,341193331.0,113921214.0,285155.5,409227.0,170801279.0,1,1,4,1.1875,1.0,1.0,1.0,3,3,3.0,3.0,3.0,3.0,"Hypergraph(num_v=19, num_e=4)",False,-0.33398079872131353
2532,STATS,064-116-augF1,rewr,0.7710590362548828,0.1486313343048095,1,4,9,6,3,898061.83,4836,174257,74801.5,31405.5,60056.5,103452.5,161875.0,342870982.0,114480694.66666669,285551.0,409227.0,171640104.5,2,1,4,1.1875,1.0,1.0,1.0,1,2,1.5,1.5,1.25,1.75,"Hypergraph(num_v=19, num_e=4)",False,-0.6224277019500734
2533,STATS,064-116-augF1-augA1,rewr,0.7593016624450684,0.0970752239227294,1,4,9,6,3,899282.06,4836,174257,74801.5,31405.5,60056.5,103452.5,79726.0,342870982.0,114453098.66666669,244157.0,408588.0,171639785.0,2,1,4,1.1875,1.0,1.0,1.0,1,2,1.5,1.5,1.25,1.75,"Hypergraph(num_v=19, num_e=4)",False,-0.662226438522339
2534,STATS,064-116-augF1-augA2,rewr,0.7898306846618652,0.098325490951538,1,4,9,6,3,898061.83,4836,174257,74801.5,31405.5,60056.5,103452.5,161875.0,342870982.0,114480694.66666669,285551.0,409227.0,171640104.5,2,1,4,1.1875,1.0,1.0,1.0,1,2,1.5,1.5,1.25,1.75,"Hypergraph(num_v=19, num_e=4)",False,-0.6915051937103273
2535,STATS,064-116-augF1-augA3,rewr,0.7964186668395996,0.1323194503784179,1,4,9,6,3,898061.83,4836,174257,74801.5,31405.5,60056.5,103452.5,161875.0,342870982.0,114480694.66666669,285551.0,409227.0,171640104.5,1,1,4,1.1875,1.0,1.0,1.0,3,3,3.0,3.0,3.0,3.0,"Hypergraph(num_v=19, num_e=4)",False,-0.6640992164611816
2536,STATS,064-116-augF2,rewr,0.1685950756072998,0.1133577823638916,1,4,9,6,3,377638.11,4836,79851,49011.75,31257.75,55680.0,73434.0,65905.0,139595375.0,46690169.0,237566.0,409227.0,70002301.0,2,1,4,1.1875,1.0,1.0,1.0,1,2,1.5,1.5,1.25,1.75,"Hypergraph(num_v=19, num_e=4)",False,-0.0552372932434082
2537,STATS,064-116-augF2-augA1,rewr,0.16779685020446777,0.1035664081573486,1,4,9,6,3,377638.11,4836,79851,49011.75,31257.75,55680.0,73434.0,65905.0,139595375.0,46690169.0,237566.0,409227.0,70002301.0,2,1,4,1.1875,1.0,1.0,1.0,1,2,1.5,1.5,1.25,1.75,"Hypergraph(num_v=19, num_e=4)",False,-0.06423044204711917
2538,STATS,064-116-augF2-augA2,rewr,0.1743912696838379,0.0791161060333252,1,4,9,6,3,377638.11,4836,79851,49011.75,31257.75,55680.0,73434.0,65905.0,139595375.0,46690169.0,237566.0,409227.0,70002301.0,2,1,4,1.1875,1.0,1.0,1.0,1,2,1.5,1.5,1.25,1.75,"Hypergraph(num_v=19, num_e=4)",False,-0.0952751636505127
2539,STATS,064-116-augF2-augA3,rewr,0.16606521606445312,0.1055760383605957,1,4,9,6,3,377638.11,4836,79851,49011.75,31257.75,55680.0,73434.0,65905.0,139595375.0,46690169.0,237566.0,409227.0,70002301.0,1,1,4,1.1875,1.0,1.0,1.0,3,3,3.0,3.0,3.0,3.0,"Hypergraph(num_v=19, num_e=4)",False,-0.06048917770385742
2540,STATS,065-012,rewr,0.12891745567321777,0.118927001953125,1,3,7,5,2,359692.06,37527,178345,106134.66666666669,70029.5,102532.0,140438.5,93914.0,137681424.0,68887669.0,34490791.5,68887669.0,103284546.5,2,1,3,1.1428571428571428,1.0,1.0,1.0,1,1,1.0,1.0,1.0,1.0,"Hypergraph(num_v=16, num_e=3)",True,-0.009990453720092773
2541,STATS,065-012-augA1,rewr,0.12319016456604004,0.0995233058929443,1,3,7,5,2,359692.06,37527,178345,106134.66666666669,70029.5,102532.0,140438.5,93914.0,137681424.0,68887669.0,34490791.5,68887669.0,103284546.5,2,1,3,1.1428571428571428,1.0,1.0,1.0,1,1,1.0,1.0,1.0,1.0,"Hypergraph(num_v=16, num_e=3)",False,-0.023666858673095745
2542,STATS,065-012-augA2,orig,0.1226649284362793,0.1836698055267334,1,3,7,5,2,359692.06,37527,178345,106134.66666666669,70029.5,102532.0,140438.5,93914.0,137681424.0,68887669.0,34490791.5,68887669.0,103284546.5,1,1,3,1.1428571428571428,1.0,1.0,1.0,2,2,2.0,2.0,2.0,2.0,"Hypergraph(num_v=16, num_e=3)",False,0.0610048770904541
2543,STATS,065-012-augF1,orig,0.06411385536193848,0.0985932350158691,1,3,7,5,2,146903.89,14693,178345,98523.33333333331,58612.5,102532.0,140438.5,36770.0,53906605.0,26971687.5,13504228.75,26971687.5,40439146.25,2,1,3,1.1428571428571428,1.0,1.0,1.0,1,1,1.0,1.0,1.0,1.0,"Hypergraph(num_v=16, num_e=3)",False,0.03447937965393062
2544,STATS,065-012-augF1-augA1,rewr,0.06361222267150879,0.0601866245269775,1,3,7,5,2,146903.89,14693,178345,98523.33333333331,58612.5,102532.0,140438.5,36770.0,53906605.0,26971687.5,13504228.75,26971687.5,40439146.25,2,1,3,1.1428571428571428,1.0,1.0,1.0,1,1,1.0,1.0,1.0,1.0,"Hypergraph(num_v=16, num_e=3)",False,-0.0034255981445312916
2545,STATS,065-012-augF1-augA2,orig,0.06303691864013672,0.1075615882873535,1,3,7,5,2,146903.89,14693,178345,98523.33333333331,58612.5,102532.0,140438.5,36770.0,53906605.0,26971687.5,13504228.75,26971687.5,40439146.25,1,1,3,1.1428571428571428,1.0,1.0,1.0,2,2,2.0,2.0,2.0,2.0,"Hypergraph(num_v=16, num_e=3)",False,0.04452466964721678
2546,STATS,065-012-augF2,rewr,0.1320631504058838,0.1197855472564697,1,3,7,5,2,370175.82,38652,178345,106509.66666666669,70592.0,102532.0,140438.5,96729.0,141808895.0,70952812.0,35524770.5,70952812.0,106380853.5,2,1,3,1.1428571428571428,1.0,1.0,1.0,1,1,1.0,1.0,1.0,1.0,"Hypergraph(num_v=16, num_e=3)",False,-0.01227760314941409
2547,STATS,065-012-augF2-augA1,orig,0.12830805778503418,0.2057783603668213,1,3,7,5,2,370175.82,38652,178345,106509.66666666669,70592.0,102532.0,140438.5,96729.0,141808895.0,70952812.0,35524770.5,70952812.0,106380853.5,1,1,3,1.1428571428571428,1.0,1.0,1.0,2,2,2.0,2.0,2.0,2.0,"Hypergraph(num_v=16, num_e=3)",False,0.07747030258178711
2548,STATS,065-012-augF2-augA2,rewr,0.1295778751373291,0.1259710788726806,1,3,7,5,2,370175.82,38652,178345,106509.66666666669,70592.0,102532.0,140438.5,96729.0,141808895.0,70952812.0,35524770.5,70952812.0,106380853.5,1,1,3,1.1428571428571428,1.0,1.0,1.0,2,2,2.0,2.0,2.0,2.0,"Hypergraph(num_v=16, num_e=3)",False,-0.003606796264648493
2549,STATS,066-094,rewr,0.11830401420593262,0.0859527587890625,1,3,4,2,2,11502.18,38771,192979,107908.66666666669,65373.5,91976.0,142477.5,87155.0,155471.0,121313.0,104234.0,121313.0,138392.0,2,1,3,1.1,1.0,1.0,1.0,1,1,1.0,1.0,1.0,1.0,"Hypergraph(num_v=22, num_e=3)",True,-0.03235125541687012
2550,STATS,066-094-augA1,rewr,0.1189725399017334,0.0879836082458496,1,3,4,2,2,11502.18,38771,192979,107908.66666666669,65373.5,91976.0,142477.5,87155.0,155471.0,121313.0,104234.0,121313.0,138392.0,2,1,3,1.1,1.0,1.0,1.0,1,1,1.0,1.0,1.0,1.0,"Hypergraph(num_v=22, num_e=3)",False,-0.030988931655883803
2551,STATS,066-094-augA2,rewr,0.11538290977478027,0.0797083377838134,1,3,4,2,2,11502.18,38771,192979,107908.66666666669,65373.5,91976.0,142477.5,87155.0,155471.0,121313.0,104234.0,121313.0,138392.0,1,1,3,1.1,1.0,1.0,1.0,2,2,2.0,2.0,2.0,2.0,"Hypergraph(num_v=22, num_e=3)",False,-0.03567457199096688
2552,STATS,066-094-augF1,orig,0.01384878158569336,0.0172252655029296,1,3,4,2,2,7808.5,1,192979,64327.0,1.0,1.0,96490.0,2.0,16.0,9.0,5.5,9.0,12.5,2,1,3,1.1,1.0,1.0,1.0,1,1,1.0,1.0,1.0,1.0,"Hypergraph(num_v=22, num_e=3)",False,0.0033764839172362414
2553,STATS,066-094-augF1-augA1,rewr,0.012786865234375,0.012366771697998,1,3,4,2,2,7808.5,1,192979,64327.0,1.0,1.0,96490.0,2.0,16.0,9.0,5.5,9.0,12.5,1,1,3,1.1,1.0,1.0,1.0,2,2,2.0,2.0,2.0,2.0,"Hypergraph(num_v=22, num_e=3)",False,-0.00042009353637699996
2554,STATS,066-094-augF1-augA2,rewr,0.013489723205566406,0.012418508529663,1,3,4,2,2,7808.5,1,192979,64327.0,1.0,1.0,96490.0,2.0,16.0,9.0,5.5,9.0,12.5,1,1,3,1.1,1.0,1.0,1.0,2,2,2.0,2.0,2.0,2.0,"Hypergraph(num_v=22, num_e=3)",False,-0.001071214675903407
2555,STATS,066-094-augF2,orig,0.007458209991455078,0.0117404460906982,1,3,4,2,2,8732.93,4,192979,94986.33333333331,45990.0,91976.0,142477.5,2.0,27.0,14.5,8.25,14.5,20.75,2,1,3,1.1,1.0,1.0,1.0,1,1,1.0,1.0,1.0,1.0,"Hypergraph(num_v=22, num_e=3)",False,0.004282236099243122
2556,STATS,066-094-augF2-augA1,orig,0.007265806198120117,0.0118944644927978,1,3,4,2,2,8732.93,4,192979,94986.33333333331,45990.0,91976.0,142477.5,2.0,27.0,14.5,8.25,14.5,20.75,2,1,3,1.1,1.0,1.0,1.0,1,1,1.0,1.0,1.0,1.0,"Hypergraph(num_v=22, num_e=3)",False,0.004628658294677682
2557,STATS,066-094-augF2-augA2,orig,0.008211135864257812,0.1034135818481445,1,3,4,2,2,8732.93,4,192979,94986.33333333331,45990.0,91976.0,142477.5,2.0,27.0,14.5,8.25,14.5,20.75,1,1,3,1.1,1.0,1.0,1.0,2,2,2.0,2.0,2.0,2.0,"Hypergraph(num_v=22, num_e=3)",False,0.09520244598388669
2558,STATS,067-110,orig,0.2250041961669922,0.3120629787445068,1,5,7,3,4,30305.74,10405,192979,99911.2,38323.0,79504.0,178345.0,21978.0,831771.0,287665.0,83443.5,148455.5,352677.0,2,1,5,1.148148148148148,1.0,1.0,1.0,1,3,2.0,2.0,1.5,2.5,"Hypergraph(num_v=31, num_e=5)",True,0.08705878257751459
2559,STATS,067-110-augA1,orig,0.244520902633667,0.3833382129669189,1,5,7,3,4,30305.74,10405,192979,99911.2,38323.0,79504.0,178345.0,21978.0,831771.0,287665.0,83443.5,148455.5,352677.0,2,1,5,1.148148148148148,1.0,1.0,1.0,1,3,2.0,2.0,1.5,2.5,"Hypergraph(num_v=31, num_e=5)",False,0.1388173103332519
2560,STATS,067-110-augA2,orig,0.2464301586151123,0.4227492809295654,1,5,7,3,4,30305.74,10405,192979,99911.2,38323.0,79504.0,178345.0,21978.0,831771.0,287665.0,83443.5,148455.5,352677.0,1,1,5,1.148148148148148,1.0,1.0,1.0,4,4,4.0,4.0,4.0,4.0,"Hypergraph(num_v=31, num_e=5)",False,0.17631912231445307
2561,STATS,067-110-augA3,rewr,0.24357104301452637,0.2381148338317871,1,5,7,3,4,30667.81,10405,192979,99911.2,38323.0,79504.0,178345.0,48984.0,831771.0,297975.0,71874.0,155572.5,381673.5,2,1,5,1.148148148148148,1.0,1.0,1.0,1,3,2.0,2.0,1.5,2.5,"Hypergraph(num_v=31, num_e=5)",False,-0.005456209182739258
2562,STATS,067-110-augA4,rewr,0.24136042594909668,0.2148401737213134,1,5,7,3,4,30305.74,10405,192979,99911.2,38323.0,79504.0,178345.0,21978.0,831771.0,287665.0,83443.5,148455.5,352677.0,1,1,5,1.148148148148148,1.0,1.0,1.0,4,4,4.0,4.0,4.0,4.0,"Hypergraph(num_v=31, num_e=5)",False,-0.026520252227783286
2563,STATS,067-110-augF1,orig,0.0423734188079834,0.2137956619262695,1,5,7,3,4,13523.88,1,192979,76357.0,55.0,10405.0,178345.0,15.0,579.0,170.25,15.0,43.5,198.75,2,1,5,1.148148148148148,1.0,1.0,1.0,1,3,2.0,2.0,1.5,2.5,"Hypergraph(num_v=31, num_e=5)",False,0.1714222431182861
2564,STATS,067-110-augF1-augA1,orig,0.042467355728149414,0.1842443943023681,1,5,7,3,4,13523.88,1,192979,76357.0,55.0,10405.0,178345.0,15.0,579.0,170.25,15.0,43.5,198.75,1,1,5,1.148148148148148,1.0,1.0,1.0,4,4,4.0,4.0,4.0,4.0,"Hypergraph(num_v=31, num_e=5)",False,0.1417770385742187
2565,STATS,067-110-augF1-augA2,orig,0.04127907752990723,0.1310737133026123,1,5,7,3,4,13523.88,1,192979,76357.0,55.0,10405.0,178345.0,15.0,579.0,170.25,15.0,43.5,198.75,2,1,5,1.148148148148148,1.0,1.0,1.0,1,3,2.0,2.0,1.5,2.5,"Hypergraph(num_v=31, num_e=5)",False,0.08979463577270508
2566,STATS,067-110-augF1-augA3,orig,0.0415654182434082,0.1246297359466552,1,5,7,3,4,13523.88,1,192979,76357.0,55.0,10405.0,178345.0,15.0,579.0,170.25,15.0,43.5,198.75,2,1,5,1.148148148148148,1.0,1.0,1.0,1,3,2.0,2.0,1.5,2.5,"Hypergraph(num_v=31, num_e=5)",False,0.083064317703247
2567,STATS,067-110-augF1-augA4,orig,0.04185843467712402,0.1860966682434082,1,5,7,3,4,13523.88,1,192979,76357.0,55.0,10405.0,178345.0,15.0,579.0,170.25,15.0,43.5,198.75,1,1,5,1.148148148148148,1.0,1.0,1.0,4,4,4.0,4.0,4.0,4.0,"Hypergraph(num_v=31, num_e=5)",False,0.14423823356628418
2568,STATS,067-110-augF2,orig,0.08366131782531738,0.2573623657226562,1,5,7,3,4,19673.69,423,192979,97914.8,38323.0,79504.0,178345.0,176.0,33815.0,10783.25,1537.25,4571.0,13817.0,2,1,5,1.148148148148148,1.0,1.0,1.0,1,3,2.0,2.0,1.5,2.5,"Hypergraph(num_v=31, num_e=5)",False,0.1737010478973388
2569,STATS,067-110-augF2-augA1,orig,0.08051919937133789,0.2142064571380615,1,5,7,3,4,19673.69,423,192979,97914.8,38323.0,79504.0,178345.0,176.0,33815.0,10783.25,1537.25,4571.0,13817.0,1,1,5,1.148148148148148,1.0,1.0,1.0,4,4,4.0,4.0,4.0,4.0,"Hypergraph(num_v=31, num_e=5)",False,0.1336872577667236
2570,STATS,067-110-augF2-augA2,orig,0.08592820167541504,0.1553931236267089,1,5,7,3,4,19673.69,423,192979,97914.8,38323.0,79504.0,178345.0,176.0,33815.0,10783.25,1537.25,4571.0,13817.0,2,1,5,1.148148148148148,1.0,1.0,1.0,1,3,2.0,2.0,1.5,2.5,"Hypergraph(num_v=31, num_e=5)",False,0.06946492195129386
2571,STATS,067-110-augF2-augA3,orig,0.07947993278503418,0.4906039237976074,1,5,7,3,4,19673.69,423,192979,97914.8,38323.0,79504.0,178345.0,176.0,33815.0,10783.25,1537.25,4571.0,13817.0,1,1,5,1.148148148148148,1.0,1.0,1.0,4,4,4.0,4.0,4.0,4.0,"Hypergraph(num_v=31, num_e=5)",False,0.41112399101257324
2572,STATS,067-110-augF2-augA4,orig,0.0882720947265625,0.3828215599060058,1,5,7,3,4,19673.69,423,192979,97914.8,38323.0,79504.0,178345.0,176.0,33815.0,10783.25,1537.25,4571.0,13817.0,1,1,5,1.148148148148148,1.0,1.0,1.0,4,4,4.0,4.0,4.0,4.0,"Hypergraph(num_v=31, num_e=5)",False,0.2945494651794433
2573,STATS,068-121,rewr,0.1394789218902588,0.1104447841644287,1,4,17,14,3,22923.98,5869,79291,43508.25,30634.0,44436.5,57310.75,5578.0,1009285.0,341943.6666666667,8273.0,10968.0,510126.5,1,1,4,1.1428571428571428,1.0,1.0,1.0,3,3,3.0,3.0,3.0,3.0,"Hypergraph(num_v=24, num_e=4)",True,-0.029034137725830092
2574,STATS,068-121-augA1,rewr,0.14316821098327637,0.1385989189147949,1,4,17,14,3,22923.98,5869,79291,43508.25,30634.0,44436.5,57310.75,5578.0,1009285.0,341943.6666666667,8273.0,10968.0,510126.5,2,1,4,1.1428571428571428,1.0,1.0,1.0,1,2,1.5,1.5,1.25,1.75,"Hypergraph(num_v=24, num_e=4)",False,-0.004569292068481473
2575,STATS,068-121-augA2,rewr,0.13891100883483887,0.1244833469390869,1,4,17,14,3,22923.98,5869,79291,43508.25,30634.0,44436.5,57310.75,5578.0,1009285.0,341943.6666666667,8273.0,10968.0,510126.5,1,1,4,1.1428571428571428,1.0,1.0,1.0,3,3,3.0,3.0,3.0,3.0,"Hypergraph(num_v=24, num_e=4)",False,-0.014427661895751967
2576,STATS,068-121-augA3,rewr,0.14197301864624023,0.1118602752685546,1,4,17,14,3,22923.98,5869,79291,43508.25,30634.0,44436.5,57310.75,5578.0,1009285.0,341943.6666666667,8273.0,10968.0,510126.5,1,1,4,1.1428571428571428,1.0,1.0,1.0,3,3,3.0,3.0,3.0,3.0,"Hypergraph(num_v=24, num_e=4)",False,-0.03011274337768563
2577,STATS,068-121-augF1,rewr,0.1401381492614746,0.1115665435791015,1,4,17,14,3,22577.79,5661,79291,43456.25,30582.0,44436.5,57310.75,5381.0,973516.0,329826.0,7981.0,10581.0,492048.5,2,1,4,1.1428571428571428,1.0,1.0,1.0,1,2,1.5,1.5,1.25,1.75,"Hypergraph(num_v=24, num_e=4)",False,-0.028571605682373116
2578,STATS,068-121-augF1-augA1,rewr,0.14113998413085938,0.1070640087127685,1,4,17,14,3,22577.79,5661,79291,43456.25,30582.0,44436.5,57310.75,5381.0,973516.0,329826.0,7981.0,10581.0,492048.5,2,1,4,1.1428571428571428,1.0,1.0,1.0,1,2,1.5,1.5,1.25,1.75,"Hypergraph(num_v=24, num_e=4)",False,-0.034075975418090876
2579,STATS,068-121-augF1-augA2,rewr,0.1382131576538086,0.1018133163452148,1,4,17,14,3,22577.79,5661,79291,43456.25,30582.0,44436.5,57310.75,5381.0,973516.0,329826.0,7981.0,10581.0,492048.5,1,1,4,1.1428571428571428,1.0,1.0,1.0,3,3,3.0,3.0,3.0,3.0,"Hypergraph(num_v=24, num_e=4)",False,-0.03639984130859379
2580,STATS,068-121-augF1-augA3,rewr,0.14062714576721191,0.1213066577911377,1,4,17,14,3,22577.79,5661,79291,43456.25,30582.0,44436.5,57310.75,5381.0,973516.0,329826.0,7981.0,10581.0,492048.5,1,1,4,1.1428571428571428,1.0,1.0,1.0,3,3,3.0,3.0,3.0,3.0,"Hypergraph(num_v=24, num_e=4)",False,-0.01932048797607422
2581,STATS,068-121-augF2,rewr,0.24422669410705566,0.0885887145996093,1,4,17,14,3,22965.96,5869,79291,43568.25,30814.0,44556.5,57310.75,5613.0,1015514.0,344054.6666666667,8325.0,11037.0,513275.5,2,1,4,1.1428571428571428,1.0,1.0,1.0,1,2,1.5,1.5,1.25,1.75,"Hypergraph(num_v=24, num_e=4)",False,-0.15563797950744634
2582,STATS,068-121-augF2-augA1,rewr,0.2500936985015869,0.143524169921875,1,4,17,14,3,22965.96,5869,79291,43568.25,30814.0,44556.5,57310.75,5613.0,1015514.0,344054.6666666667,8325.0,11037.0,513275.5,2,1,4,1.1428571428571428,1.0,1.0,1.0,1,2,1.5,1.5,1.25,1.75,"Hypergraph(num_v=24, num_e=4)",False,-0.10656952857971191
2583,STATS,068-121-augF2-augA2,rewr,0.24354767799377441,0.1364657878875732,1,4,17,14,3,22965.96,5869,79291,43568.25,30814.0,44556.5,57310.75,5613.0,1015514.0,344054.6666666667,8325.0,11037.0,513275.5,1,1,4,1.1428571428571428,1.0,1.0,1.0,3,3,3.0,3.0,3.0,3.0,"Hypergraph(num_v=24, num_e=4)",False,-0.10708189010620123
2584,STATS,068-121-augF2-augA3,rewr,0.24865436553955078,0.0934348106384277,1,4,17,14,3,22965.96,5869,79291,43568.25,30814.0,44556.5,57310.75,5613.0,1015514.0,344054.6666666667,8325.0,11037.0,513275.5,2,1,4,1.1428571428571428,1.0,1.0,1.0,1,2,1.5,1.5,1.25,1.75,"Hypergraph(num_v=24, num_e=4)",False,-0.15521955490112307
2585,STATS,069-089,rewr,0.18196702003479004,0.1077752113342285,1,3,8,6,2,112602.05,39455,178345,103144.66666666669,65544.5,91634.0,134989.5,162352.0,29010945.0,14586648.5,7374500.25,14586648.5,21798796.75,2,1,3,1.105263157894737,1.0,1.0,1.0,1,1,1.0,1.0,1.0,1.0,"Hypergraph(num_v=21, num_e=3)",True,-0.07419180870056154
2586,STATS,069-089-augA1,rewr,0.24789667129516602,0.1534352302551269,1,3,8,6,2,112049.05,39455,178345,103144.66666666669,65544.5,91634.0,134989.5,162352.0,29010945.0,14586648.5,7374500.25,14586648.5,21798796.75,2,1,3,1.105263157894737,1.0,1.0,1.0,1,1,1.0,1.0,1.0,1.0,"Hypergraph(num_v=21, num_e=3)",False,-0.09446144104003912
2587,STATS,069-089-augA2,rewr,0.17777013778686523,0.1166713237762451,1,3,8,6,2,112049.05,39455,178345,103144.66666666669,65544.5,91634.0,134989.5,162352.0,29010945.0,14586648.5,7374500.25,14586648.5,21798796.75,1,1,3,1.105263157894737,1.0,1.0,1.0,2,2,2.0,2.0,2.0,2.0,"Hypergraph(num_v=21, num_e=3)",False,-0.06109881401062013
2588,STATS,069-089-augF1,rewr,0.14617371559143066,0.1029779911041259,1,3,8,6,2,110565.35,38628,178345,102869.0,65131.0,91634.0,134989.5,158949.0,28402858.0,14280903.5,7219926.25,14280903.5,21341880.75,2,1,3,1.105263157894737,1.0,1.0,1.0,1,1,1.0,1.0,1.0,1.0,"Hypergraph(num_v=21, num_e=3)",False,-0.04319572448730477
2589,STATS,069-089-augF1-augA1,rewr,0.19304776191711426,0.1426520347595214,1,3,8,6,2,110019.35,38628,178345,102869.0,65131.0,91634.0,134989.5,158949.0,28402858.0,14280903.5,7219926.25,14280903.5,21341880.75,2,1,3,1.105263157894737,1.0,1.0,1.0,1,1,1.0,1.0,1.0,1.0,"Hypergraph(num_v=21, num_e=3)",False,-0.05039572715759286
2590,STATS,069-089-augF1-augA2,orig,0.14409780502319336,0.2166311740875244,1,3,8,6,2,110019.35,38628,178345,102869.0,65131.0,91634.0,134989.5,158949.0,28402858.0,14280903.5,7219926.25,14280903.5,21341880.75,1,1,3,1.105263157894737,1.0,1.0,1.0,2,2,2.0,2.0,2.0,2.0,"Hypergraph(num_v=21, num_e=3)",False,0.07253336906433103
2591,STATS,069-089-augF2,rewr,0.17847752571105957,0.1100897789001464,1,3,8,6,2,112649.06,39455,178345,103161.33333333331,65569.5,91684.0,135014.5,162352.0,29026774.0,14594563.0,7378457.5,14594563.0,21810668.5,2,1,3,1.105263157894737,1.0,1.0,1.0,1,1,1.0,1.0,1.0,1.0,"Hypergraph(num_v=21, num_e=3)",False,-0.06838774681091317
2592,STATS,069-089-augF2-augA1,rewr,0.2430260181427002,0.1548771858215332,1,3,8,6,2,112096.06,39455,178345,103161.33333333331,65569.5,91684.0,135014.5,162352.0,29026774.0,14594563.0,7378457.5,14594563.0,21810668.5,1,1,3,1.105263157894737,1.0,1.0,1.0,2,2,2.0,2.0,2.0,2.0,"Hypergraph(num_v=21, num_e=3)",False,-0.08814883232116699
2593,STATS,069-089-augF2-augA2,rewr,0.185136079788208,0.1158862113952636,1,3,8,6,2,112096.06,39455,178345,103161.33333333331,65569.5,91684.0,135014.5,162352.0,29026774.0,14594563.0,7378457.5,14594563.0,21810668.5,1,1,3,1.105263157894737,1.0,1.0,1.0,2,2,2.0,2.0,2.0,2.0,"Hypergraph(num_v=21, num_e=3)",False,-0.0692498683929444
2594,STATS,070-003,rewr,0.17265772819519043,0.0656545162200927,1,2,3,2,1,310835.62,43356,79504,61430.0,52393.0,61430.0,70467.0,16667556.0,16667556.0,16667556.0,16667556.0,16667556.0,16667556.0,1,1,2,1.1111111111111112,1.0,1.0,1.0,1,1,1.0,1.0,1.0,1.0,"Hypergraph(num_v=10, num_e=2)",True,-0.10700321197509773
2595,STATS,070-003-augA1,rewr,0.22731471061706543,0.0498867034912109,1,2,3,2,1,310835.62,43356,79504,61430.0,52393.0,61430.0,70467.0,16667556.0,16667556.0,16667556.0,16667556.0,16667556.0,16667556.0,1,1,2,1.1111111111111112,1.0,1.0,1.0,1,1,1.0,1.0,1.0,1.0,"Hypergraph(num_v=10, num_e=2)",False,-0.17742800712585452
2596,STATS,070-003-augF1,orig,0.026505708694458008,0.0279018878936767,1,2,3,2,1,8949.98,72,25504,12788.0,6430.0,12788.0,19146.0,15045.0,15045.0,15045.0,15045.0,15045.0,15045.0,1,1,2,1.1111111111111112,1.0,1.0,1.0,1,1,1.0,1.0,1.0,1.0,"Hypergraph(num_v=10, num_e=2)",False,0.001396179199218691
2597,STATS,070-003-augF1-augA1,rewr,0.02811574935913086,0.0255961418151855,1,2,3,2,1,8949.98,72,25504,12788.0,6430.0,12788.0,19146.0,15045.0,15045.0,15045.0,15045.0,15045.0,15045.0,1,1,2,1.1111111111111112,1.0,1.0,1.0,1,1,1.0,1.0,1.0,1.0,"Hypergraph(num_v=10, num_e=2)",False,-0.002519607543945361
2598,STATS,070-003-augF2,rewr,0.16907167434692383,0.0641629695892334,1,2,3,2,1,309048.3,43093,79504,61298.5,52195.75,61298.5,70401.25,16566450.0,16566450.0,16566450.0,16566450.0,16566450.0,16566450.0,1,1,2,1.1111111111111112,1.0,1.0,1.0,1,1,1.0,1.0,1.0,1.0,"Hypergraph(num_v=10, num_e=2)",False,-0.10490870475769043
2599,STATS,070-003-augF2-augA1,rewr,0.22480154037475586,0.0521471500396728,1,2,3,2,1,309048.3,43093,79504,61298.5,52195.75,61298.5,70401.25,16566450.0,16566450.0,16566450.0,16566450.0,16566450.0,16566450.0,1,1,2,1.1111111111111112,1.0,1.0,1.0,1,1,1.0,1.0,1.0,1.0,"Hypergraph(num_v=10, num_e=2)",False,-0.17265439033508306
2600,STATS,071-080,rewr,0.128434419631958,0.1280040740966797,1,3,12,10,2,44524.56,39725,101548,60766.333333333336,40375.5,41026.0,71287.0,39832.0,13714589.0,6877210.5,3458521.25,6877210.5,10295899.75,2,1,3,1.105263157894737,1.0,1.0,1.0,1,1,1.0,1.0,1.0,1.0,"Hypergraph(num_v=21, num_e=3)",True,-0.0004303455352783203
2601,STATS,071-080-augA1,rewr,0.12879276275634766,0.0818526744842529,1,3,12,10,2,44524.56,39725,101548,60766.333333333336,40375.5,41026.0,71287.0,39832.0,13714589.0,6877210.5,3458521.25,6877210.5,10295899.75,2,1,3,1.105263157894737,1.0,1.0,1.0,1,1,1.0,1.0,1.0,1.0,"Hypergraph(num_v=21, num_e=3)",False,-0.046940088272094754
2602,STATS,071-080-augA2,orig,0.13033390045166016,0.1390790939331054,1,3,12,10,2,44524.56,39725,101548,60766.333333333336,40375.5,41026.0,71287.0,39832.0,13714589.0,6877210.5,3458521.25,6877210.5,10295899.75,1,1,3,1.105263157894737,1.0,1.0,1.0,2,2,2.0,2.0,2.0,2.0,"Hypergraph(num_v=21, num_e=3)",False,0.008745193481445257
2603,STATS,071-080-augF1,rewr,0.1318225860595703,0.1289775371551513,1,3,12,10,2,45129.76,39725,101548,60997.0,40721.5,41718.0,71633.0,40504.0,13945917.0,6993210.5,3516857.25,6993210.5,10469563.75,2,1,3,1.105263157894737,1.0,1.0,1.0,1,1,1.0,1.0,1.0,1.0,"Hypergraph(num_v=21, num_e=3)",False,-0.002845048904419001
2604,STATS,071-080-augF1-augA1,orig,0.13305091857910156,0.1421339511871338,1,3,12,10,2,45129.76,39725,101548,60997.0,40721.5,41718.0,71633.0,40504.0,13945917.0,6993210.5,3516857.25,6993210.5,10469563.75,1,1,3,1.105263157894737,1.0,1.0,1.0,2,2,2.0,2.0,2.0,2.0,"Hypergraph(num_v=21, num_e=3)",False,0.009083032608032227
2605,STATS,071-080-augF1-augA2,orig,0.13362765312194824,0.1497650146484375,1,3,12,10,2,45129.76,39725,101548,60997.0,40721.5,41718.0,71633.0,40504.0,13945917.0,6993210.5,3516857.25,6993210.5,10469563.75,1,1,3,1.105263157894737,1.0,1.0,1.0,2,2,2.0,2.0,2.0,2.0,"Hypergraph(num_v=21, num_e=3)",False,0.016137361526489258
2606,STATS,071-080-augF2,rewr,0.12166237831115723,0.081550121307373,1,3,12,10,2,25173.01,18529,101548,53701.0,29777.5,41026.0,71287.0,18579.0,6396919.0,3207749.0,1613164.0,3207749.0,4802334.0,2,1,3,1.105263157894737,1.0,1.0,1.0,1,1,1.0,1.0,1.0,1.0,"Hypergraph(num_v=21, num_e=3)",False,-0.04011225700378422
2607,STATS,071-080-augF2-augA1,rewr,0.12379956245422363,0.0914793014526367,1,3,12,10,2,25173.01,18529,101548,53701.0,29777.5,41026.0,71287.0,18579.0,6396919.0,3207749.0,1613164.0,3207749.0,4802334.0,1,1,3,1.105263157894737,1.0,1.0,1.0,2,2,2.0,2.0,2.0,2.0,"Hypergraph(num_v=21, num_e=3)",False,-0.03232026100158693
2608,STATS,071-080-augF2-augA2,rewr,0.12085127830505371,0.0925250053405761,1,3,12,10,2,25173.01,18529,101548,53701.0,29777.5,41026.0,71287.0,18579.0,6396919.0,3207749.0,1613164.0,3207749.0,4802334.0,1,1,3,1.105263157894737,1.0,1.0,1.0,2,2,2.0,2.0,2.0,2.0,"Hypergraph(num_v=21, num_e=3)",False,-0.02832627296447761
2609,STATS,072-099,rewr,0.4439413547515869,0.1350491046905517,1,4,7,4,3,802925.64,39311,192979,88599.5,41780.75,61054.0,107872.75,40933.0,304043675.0,101582693.33333331,352202.5,663472.0,152353573.5,2,1,4,1.125,1.0,1.0,1.0,1,2,1.5,1.5,1.25,1.75,"Hypergraph(num_v=27, num_e=4)",True,-0.3088922500610352
2610,STATS,072-099-augA1,rewr,0.4573378562927246,0.1028833389282226,1,4,7,4,3,802925.64,39311,192979,88599.5,41780.75,61054.0,107872.75,40933.0,304043675.0,101582693.33333331,352202.5,663472.0,152353573.5,2,1,4,1.125,1.0,1.0,1.0,1,2,1.5,1.5,1.25,1.75,"Hypergraph(num_v=27, num_e=4)",False,-0.354454517364502
2611,STATS,072-099-augA2,rewr,0.4540855884552002,0.1094672679901123,1,4,7,4,3,802925.64,39311,192979,88599.5,41780.75,61054.0,107872.75,40933.0,304043675.0,101582693.33333331,352202.5,663472.0,152353573.5,2,1,4,1.125,1.0,1.0,1.0,1,2,1.5,1.5,1.25,1.75,"Hypergraph(num_v=27, num_e=4)",False,-0.3446183204650879
2612,STATS,072-099-augA3,rewr,0.46059203147888184,0.1917612552642822,1,4,7,4,3,802925.64,39311,192979,88599.5,41780.75,61054.0,107872.75,40933.0,304043675.0,101582693.33333331,352202.5,663472.0,152353573.5,1,1,4,1.125,1.0,1.0,1.0,3,3,3.0,3.0,3.0,3.0,"Hypergraph(num_v=27, num_e=4)",False,-0.2688307762145996
2613,STATS,072-099-augF1,rewr,0.4931929111480713,0.1245121955871582,1,4,7,4,3,809890.73,39658,192979,88686.25,41867.5,61054.0,107872.75,41295.0,306727482.0,102479368.33333331,355311.5,669328.0,153698405.0,2,1,4,1.125,1.0,1.0,1.0,1,2,1.5,1.5,1.25,1.75,"Hypergraph(num_v=27, num_e=4)",False,-0.3686807155609131
2614,STATS,072-099-augF1-augA1,rewr,0.5065243244171143,0.1271347999572754,1,4,7,4,3,809890.73,39658,192979,88686.25,41867.5,61054.0,107872.75,41295.0,306727482.0,102479368.33333331,355311.5,669328.0,153698405.0,2,1,4,1.125,1.0,1.0,1.0,1,2,1.5,1.5,1.25,1.75,"Hypergraph(num_v=27, num_e=4)",False,-0.37938952445983887
2615,STATS,072-099-augF1-augA2,rewr,0.5076584815979004,0.1329903602600097,1,4,7,4,3,809890.73,39658,192979,88686.25,41867.5,61054.0,107872.75,41295.0,306727482.0,102479368.33333331,355311.5,669328.0,153698405.0,2,1,4,1.125,1.0,1.0,1.0,1,2,1.5,1.5,1.25,1.75,"Hypergraph(num_v=27, num_e=4)",False,-0.3746681213378907
2616,STATS,072-099-augF1-augA3,rewr,0.5128214359283447,0.1946849822998047,1,4,7,4,3,809890.73,39658,192979,88686.25,41867.5,61054.0,107872.75,41295.0,306727482.0,102479368.33333331,355311.5,669328.0,153698405.0,1,1,4,1.125,1.0,1.0,1.0,3,3,3.0,3.0,3.0,3.0,"Hypergraph(num_v=27, num_e=4)",False,-0.31813645362854004
2617,STATS,072-099-augF2,rewr,0.07209253311157227,0.0603783130645751,1,4,7,4,3,21332.77,402,192979,78872.25,32053.5,61054.0,107872.75,419.0,3109195.0,1038799.6666666666,3602.0,6785.0,1557990.0,2,1,4,1.125,1.0,1.0,1.0,1,2,1.5,1.5,1.25,1.75,"Hypergraph(num_v=27, num_e=4)",False,-0.011714220046997167
2618,STATS,072-099-augF2-augA1,orig,0.07280898094177246,0.1365487575531005,1,4,7,4,3,21332.77,402,192979,78872.25,32053.5,61054.0,107872.75,419.0,3109195.0,1038799.6666666666,3602.0,6785.0,1557990.0,1,1,4,1.125,1.0,1.0,1.0,3,3,3.0,3.0,3.0,3.0,"Hypergraph(num_v=27, num_e=4)",False,0.06373977661132804
2619,STATS,072-099-augF2-augA2,orig,0.07300734519958496,0.0960073471069336,1,4,7,4,3,21332.77,402,192979,78872.25,32053.5,61054.0,107872.75,419.0,3109195.0,1038799.6666666666,3602.0,6785.0,1557990.0,2,1,4,1.125,1.0,1.0,1.0,1,2,1.5,1.5,1.25,1.75,"Hypergraph(num_v=27, num_e=4)",False,0.023000001907348633
2620,STATS,072-099-augF2-augA3,orig,0.07156944274902344,0.1058568954467773,1,4,7,4,3,21332.77,402,192979,78872.25,32053.5,61054.0,107872.75,419.0,3109195.0,1038799.6666666666,3602.0,6785.0,1557990.0,1,1,4,1.125,1.0,1.0,1.0,3,3,3.0,3.0,3.0,3.0,"Hypergraph(num_v=27, num_e=4)",False,0.034287452697753865
2621,STATS,073-146,orig,0.23649382591247559,0.2463984489440918,1,6,14,9,5,21548.74,10586,192979,101294.16666666669,52880.75,96048.5,154220.75,10272.0,128426.0,39293.4,10422.0,11341.0,36006.0,2,1,5,1.15625,1.0,1.0,1.0,1,4,2.5,2.5,1.75,3.25,"Hypergraph(num_v=37, num_e=6)",True,0.009904623031616211
2622,STATS,073-146-augA1,orig,0.23032498359680176,0.4175701141357422,1,6,14,9,5,21548.74,10586,192979,101294.16666666669,52880.75,96048.5,154220.75,10272.0,128426.0,39293.4,10422.0,11341.0,36006.0,1,1,5,1.15625,1.0,1.0,1.0,5,5,5.0,5.0,5.0,5.0,"Hypergraph(num_v=37, num_e=6)",False,0.18724513053894043
2623,STATS,073-146-augA2,orig,0.23810887336730957,0.4545586109161377,1,6,14,9,5,21548.74,10586,192979,101294.16666666669,52880.75,96048.5,154220.75,10272.0,128426.0,39293.4,10422.0,11341.0,36006.0,2,1,5,1.15625,1.0,1.0,1.0,1,4,2.5,2.5,1.75,3.25,"Hypergraph(num_v=37, num_e=6)",False,0.21644973754882812
2624,STATS,073-146-augA3,orig,0.2418200969696045,0.2663507461547851,1,6,14,9,5,21548.74,10586,192979,101294.16666666669,52880.75,96048.5,154220.75,10272.0,128426.0,39293.4,10422.0,11341.0,36006.0,2,1,5,1.15625,1.0,1.0,1.0,1,4,2.5,2.5,1.75,3.25,"Hypergraph(num_v=37, num_e=6)",False,0.02453064918518061
2625,STATS,073-146-augA4,orig,0.231154203414917,0.3351724147796631,1,6,14,9,5,21548.74,10586,192979,101294.16666666669,52880.75,96048.5,154220.75,10272.0,128426.0,39293.4,10422.0,11341.0,36006.0,2,1,5,1.15625,1.0,1.0,1.0,1,4,2.5,2.5,1.75,3.25,"Hypergraph(num_v=37, num_e=6)",False,0.1040182113647461
2626,STATS,073-146-augA5,orig,0.24267363548278809,0.3459737300872803,1,6,14,9,5,21548.74,10586,192979,101294.16666666669,52880.75,96048.5,154220.75,10272.0,128426.0,39293.4,10422.0,11341.0,36006.0,1,1,5,1.15625,1.0,1.0,1.0,5,5,5.0,5.0,5.0,5.0,"Hypergraph(num_v=37, num_e=6)",False,0.10330009460449219
2627,STATS,073-146-augF1,orig,0.08201885223388672,0.2891080379486084,1,6,14,9,5,18018.15,53,192979,94582.16666666669,30576.5,96048.5,154220.75,14.0,169.0,72.4,15.0,47.0,117.0,2,1,5,1.15625,1.0,1.0,1.0,1,4,2.5,2.5,1.75,3.25,"Hypergraph(num_v=37, num_e=6)",False,0.20708918571472168
2628,STATS,073-146-augF1-augA1,orig,0.08220767974853516,0.3067522048950195,1,6,14,9,5,18018.15,53,192979,94582.16666666669,30576.5,96048.5,154220.75,14.0,169.0,72.4,15.0,47.0,117.0,1,1,5,1.15625,1.0,1.0,1.0,5,5,5.0,5.0,5.0,5.0,"Hypergraph(num_v=37, num_e=6)",False,0.22454452514648432
2629,STATS,073-146-augF1-augA2,orig,0.08286738395690918,0.2920980453491211,1,6,14,9,5,18018.15,53,192979,94582.16666666669,30576.5,96048.5,154220.75,14.0,169.0,72.4,15.0,47.0,117.0,2,1,5,1.15625,1.0,1.0,1.0,1,4,2.5,2.5,1.75,3.25,"Hypergraph(num_v=37, num_e=6)",False,0.20923066139221191
2630,STATS,073-146-augF1-augA3,orig,0.08272743225097656,0.2683379650115967,1,6,14,9,5,18018.15,53,192979,94582.16666666669,30576.5,96048.5,154220.75,14.0,169.0,72.4,15.0,47.0,117.0,2,1,5,1.15625,1.0,1.0,1.0,1,4,2.5,2.5,1.75,3.25,"Hypergraph(num_v=37, num_e=6)",False,0.18561053276062012
2631,STATS,073-146-augF1-augA4,orig,0.08299636840820312,0.2721548080444336,1,6,14,9,5,18018.15,53,192979,94582.16666666669,30576.5,96048.5,154220.75,14.0,169.0,72.4,15.0,47.0,117.0,2,1,5,1.15625,1.0,1.0,1.0,1,4,2.5,2.5,1.75,3.25,"Hypergraph(num_v=37, num_e=6)",False,0.18915843963623047
2632,STATS,073-146-augF1-augA5,orig,0.08344221115112305,0.3384099006652832,1,6,14,9,5,18018.15,53,192979,94582.16666666669,30576.5,96048.5,154220.75,14.0,169.0,72.4,15.0,47.0,117.0,1,1,5,1.15625,1.0,1.0,1.0,5,5,5.0,5.0,5.0,5.0,"Hypergraph(num_v=37, num_e=6)",False,0.25496768951416016
2633,STATS,073-146-augF2,orig,0.06253528594970703,0.2257113456726074,1,6,14,9,5,17438.91,1,192979,80383.16666666667,6701.0,56067.5,154220.75,613.0,7668.0,2345.8,622.0,677.0,2149.0,2,1,5,1.15625,1.0,1.0,1.0,1,4,2.5,2.5,1.75,3.25,"Hypergraph(num_v=37, num_e=6)",False,0.16317605972290036
2634,STATS,073-146-augF2-augA1,orig,0.06341814994812012,0.2571539878845215,1,6,14,9,5,17438.91,1,192979,80383.16666666667,6701.0,56067.5,154220.75,613.0,7668.0,2345.8,622.0,677.0,2149.0,1,1,5,1.15625,1.0,1.0,1.0,5,5,5.0,5.0,5.0,5.0,"Hypergraph(num_v=37, num_e=6)",False,0.19373583793640137
2635,STATS,073-146-augF2-augA2,orig,0.06337451934814453,0.2695298194885254,1,6,14,9,5,17438.91,1,192979,80383.16666666667,6701.0,56067.5,154220.75,613.0,7668.0,2345.8,622.0,677.0,2149.0,2,1,5,1.15625,1.0,1.0,1.0,1,4,2.5,2.5,1.75,3.25,"Hypergraph(num_v=37, num_e=6)",False,0.20615530014038086
2636,STATS,073-146-augF2-augA3,orig,0.0632486343383789,0.1884841918945312,1,6,14,9,5,17438.91,1,192979,80383.16666666667,6701.0,56067.5,154220.75,613.0,7668.0,2345.8,622.0,677.0,2149.0,2,1,5,1.15625,1.0,1.0,1.0,1,4,2.5,2.5,1.75,3.25,"Hypergraph(num_v=37, num_e=6)",False,0.1252355575561523
2637,STATS,073-146-augF2-augA4,orig,0.06302928924560547,0.1910161972045898,1,6,14,9,5,17438.91,1,192979,80383.16666666667,6701.0,56067.5,154220.75,613.0,7668.0,2345.8,622.0,677.0,2149.0,2,1,5,1.15625,1.0,1.0,1.0,1,4,2.5,2.5,1.75,3.25,"Hypergraph(num_v=37, num_e=6)",False,0.12798690795898432
2638,STATS,073-146-augF2-augA5,orig,0.06456875801086426,0.2586524486541748,1,6,14,9,5,17438.91,1,192979,80383.16666666667,6701.0,56067.5,154220.75,613.0,7668.0,2345.8,622.0,677.0,2149.0,1,1,5,1.15625,1.0,1.0,1.0,5,5,5.0,5.0,5.0,5.0,"Hypergraph(num_v=37, num_e=6)",False,0.19408369064331055
2639,STATS,074-072,orig,0.16600370407104492,0.2372386455535888,1,6,9,4,5,16656.66,1,192979,60321.333333333336,3261.5,44398.0,79051.5,78.0,33710.0,8692.0,112.0,115.0,9445.0,1,1,5,1.1724137931034482,1.0,1.0,1.0,5,5,5.0,5.0,5.0,5.0,"Hypergraph(num_v=34, num_e=6)",True,0.07123494148254389
2640,STATS,074-072-augA1,orig,0.16433930397033691,0.1800870895385742,1,6,9,4,5,16656.66,1,192979,60321.333333333336,3261.5,44398.0,79051.5,78.0,33710.0,8692.0,112.0,115.0,9445.0,1,1,5,1.1724137931034482,1.0,1.0,1.0,5,5,5.0,5.0,5.0,5.0,"Hypergraph(num_v=34, num_e=6)",False,0.015747785568237277
2641,STATS,074-072-augA2,rewr,0.1693556308746338,0.166823148727417,1,6,9,4,5,16656.66,1,192979,60321.333333333336,3261.5,44398.0,79051.5,78.0,33710.0,8692.0,112.0,115.0,9445.0,2,1,5,1.1724137931034482,1.0,1.0,1.0,1,4,2.5,2.5,1.75,3.25,"Hypergraph(num_v=34, num_e=6)",False,-0.002532482147216797
2642,STATS,074-072-augA3,orig,0.17359328269958496,0.1925756931304931,1,6,9,4,5,16656.66,1,192979,60321.333333333336,3261.5,44398.0,79051.5,78.0,33710.0,8692.0,112.0,115.0,9445.0,2,1,5,1.1724137931034482,1.0,1.0,1.0,1,4,2.5,2.5,1.75,3.25,"Hypergraph(num_v=34, num_e=6)",False,0.018982410430908148
2643,STATS,074-072-augA4,rewr,0.1647167205810547,0.1232964992523193,1,6,9,4,5,16656.66,1,192979,60321.333333333336,3261.5,44398.0,79051.5,78.0,33710.0,8692.0,112.0,115.0,9445.0,2,1,5,1.1724137931034482,1.0,1.0,1.0,1,4,2.5,2.5,1.75,3.25,"Hypergraph(num_v=34, num_e=6)",False,-0.04142022132873539
2644,STATS,074-072-augA5,orig,0.1763443946838379,0.2894642353057861,1,6,9,4,5,16656.66,1,192979,60321.333333333336,3261.5,44398.0,79051.5,78.0,33710.0,8692.0,112.0,115.0,9445.0,2,1,5,1.1724137931034482,1.0,1.0,1.0,1,4,2.5,2.5,1.75,3.25,"Hypergraph(num_v=34, num_e=6)",False,0.11311984062194819
2645,STATS,074-072-augF1,rewr,0.3325388431549072,0.2939274311065674,1,6,9,4,5,16656.66,1,192979,60321.333333333336,3261.5,44398.0,79051.5,78.0,33710.0,8692.0,112.0,115.0,9445.0,1,1,5,1.1724137931034482,1.0,1.0,1.0,5,5,5.0,5.0,5.0,5.0,"Hypergraph(num_v=34, num_e=6)",False,-0.038611412048339844
2646,STATS,074-072-augF1-augA1,rewr,0.3267340660095215,0.2339630126953125,1,6,9,4,5,16656.66,1,192979,60321.333333333336,3261.5,44398.0,79051.5,78.0,33710.0,8692.0,112.0,115.0,9445.0,1,1,5,1.1724137931034482,1.0,1.0,1.0,5,5,5.0,5.0,5.0,5.0,"Hypergraph(num_v=34, num_e=6)",False,-0.09277105331420898
2647,STATS,074-072-augF1-augA2,rewr,0.33809661865234375,0.166330337524414,1,6,9,4,5,16656.66,1,192979,60321.333333333336,3261.5,44398.0,79051.5,78.0,33710.0,8692.0,112.0,115.0,9445.0,2,1,5,1.1724137931034482,1.0,1.0,1.0,1,4,2.5,2.5,1.75,3.25,"Hypergraph(num_v=34, num_e=6)",False,-0.17176628112792974
2648,STATS,074-072-augF1-augA3,rewr,0.342043399810791,0.1928222179412841,1,6,9,4,5,16656.66,1,192979,60321.333333333336,3261.5,44398.0,79051.5,78.0,33710.0,8692.0,112.0,115.0,9445.0,2,1,5,1.1724137931034482,1.0,1.0,1.0,1,4,2.5,2.5,1.75,3.25,"Hypergraph(num_v=34, num_e=6)",False,-0.14922118186950692
2649,STATS,074-072-augF1-augA4,rewr,0.3288857936859131,0.1025149822235107,1,6,9,4,5,16656.66,1,192979,60321.333333333336,3261.5,44398.0,79051.5,78.0,33710.0,8692.0,112.0,115.0,9445.0,2,1,5,1.1724137931034482,1.0,1.0,1.0,1,4,2.5,2.5,1.75,3.25,"Hypergraph(num_v=34, num_e=6)",False,-0.2263708114624024
2650,STATS,074-072-augF1-augA5,rewr,0.35001277923583984,0.2762768268585205,1,6,9,4,5,16656.66,1,192979,60321.333333333336,3261.5,44398.0,79051.5,78.0,33710.0,8692.0,112.0,115.0,9445.0,2,1,5,1.1724137931034482,1.0,1.0,1.0,1,4,2.5,2.5,1.75,3.25,"Hypergraph(num_v=34, num_e=6)",False,-0.07373595237731934
2651,STATS,074-072-augF2,orig,0.0672004222869873,0.2813129425048828,1,6,9,4,5,15363.56,1,192979,48902.333333333336,2781.0,10141.0,62403.5,78.0,3983.0,1080.8,112.0,115.0,1116.0,1,1,5,1.1724137931034482,1.0,1.0,1.0,5,5,5.0,5.0,5.0,5.0,"Hypergraph(num_v=34, num_e=6)",False,0.2141125202178955
2652,STATS,074-072-augF2-augA1,orig,0.06700396537780762,0.1518511772155761,1,6,9,4,5,15363.56,1,192979,48902.333333333336,2781.0,10141.0,62403.5,78.0,3983.0,1080.8,112.0,115.0,1116.0,1,1,5,1.1724137931034482,1.0,1.0,1.0,5,5,5.0,5.0,5.0,5.0,"Hypergraph(num_v=34, num_e=6)",False,0.08484721183776847
2653,STATS,074-072-augF2-augA2,orig,0.06585311889648438,0.2808096408843994,1,6,9,4,5,15363.56,1,192979,48902.333333333336,2781.0,10141.0,62403.5,78.0,3983.0,1080.8,112.0,115.0,1116.0,2,1,5,1.1724137931034482,1.0,1.0,1.0,1,4,2.5,2.5,1.75,3.25,"Hypergraph(num_v=34, num_e=6)",False,0.21495652198791504
2654,STATS,074-072-augF2-augA3,orig,0.0647132396697998,0.2467315196990966,1,6,9,4,5,15363.56,1,192979,48902.333333333336,2781.0,10141.0,62403.5,78.0,3983.0,1080.8,112.0,115.0,1116.0,2,1,5,1.1724137931034482,1.0,1.0,1.0,1,4,2.5,2.5,1.75,3.25,"Hypergraph(num_v=34, num_e=6)",False,0.1820182800292968
2655,STATS,074-072-augF2-augA4,orig,0.06587958335876465,0.0973896980285644,1,6,9,4,5,15363.56,1,192979,48902.333333333336,2781.0,10141.0,62403.5,78.0,3983.0,1080.8,112.0,115.0,1116.0,2,1,5,1.1724137931034482,1.0,1.0,1.0,1,4,2.5,2.5,1.75,3.25,"Hypergraph(num_v=34, num_e=6)",False,0.03151011466979975
2656,STATS,074-072-augF2-augA5,orig,0.06587386131286621,0.2828598022460937,1,6,9,4,5,15363.56,1,192979,48902.333333333336,2781.0,10141.0,62403.5,78.0,3983.0,1080.8,112.0,115.0,1116.0,2,1,5,1.1724137931034482,1.0,1.0,1.0,1,4,2.5,2.5,1.75,3.25,"Hypergraph(num_v=34, num_e=6)",False,0.21698594093322748
2657,STATS,075-037,rewr,0.22513675689697266,0.1678516864776611,1,4,5,2,3,42796.33,11102,192979,117193.0,79674.5,132345.5,169864.0,52265.0,1040679.0,439223.3333333333,138495.5,224726.0,632702.5,2,1,4,1.1666666666666667,1.0,1.0,1.0,1,2,1.5,1.5,1.25,1.75,"Hypergraph(num_v=21, num_e=4)",True,-0.05728507041931155
2658,STATS,075-037-augA1,orig,0.22415447235107422,0.3110818862915039,1,4,5,2,3,42796.33,11102,192979,117193.0,79674.5,132345.5,169864.0,52265.0,1040679.0,439223.3333333333,138495.5,224726.0,632702.5,2,1,4,1.1666666666666667,1.0,1.0,1.0,1,2,1.5,1.5,1.25,1.75,"Hypergraph(num_v=21, num_e=4)",False,0.08692741394042969
2659,STATS,075-037-augA2,orig,0.22710847854614258,0.2646303176879883,1,4,5,2,3,42796.33,11102,192979,117193.0,79674.5,132345.5,169864.0,52265.0,1040679.0,439223.3333333333,138495.5,224726.0,632702.5,2,1,4,1.1666666666666667,1.0,1.0,1.0,1,2,1.5,1.5,1.25,1.75,"Hypergraph(num_v=21, num_e=4)",False,0.0375218391418457
2660,STATS,075-037-augA3,rewr,0.22340083122253418,0.14013671875,1,4,5,2,3,42796.33,11102,192979,117193.0,79674.5,132345.5,169864.0,52265.0,1040679.0,439223.3333333333,138495.5,224726.0,632702.5,2,1,4,1.1666666666666667,1.0,1.0,1.0,1,2,1.5,1.5,1.25,1.75,"Hypergraph(num_v=21, num_e=4)",False,-0.08326411247253418
2661,STATS,075-037-augF1,orig,0.07375168800354004,0.0859458446502685,1,4,5,2,3,19491.84,11102,192979,83143.75,22247.0,64247.0,125143.75,4496.0,166614.0,69030.33333333333,20238.5,35981.0,101297.5,2,1,4,1.1666666666666667,1.0,1.0,1.0,1,2,1.5,1.5,1.25,1.75,"Hypergraph(num_v=21, num_e=4)",False,0.01219415664672846
2662,STATS,075-037-augF1-augA1,orig,0.07027888298034668,0.1497762203216552,1,4,5,2,3,19491.84,11102,192979,83143.75,22247.0,64247.0,125143.75,4496.0,166614.0,69030.33333333333,20238.5,35981.0,101297.5,2,1,4,1.1666666666666667,1.0,1.0,1.0,1,2,1.5,1.5,1.25,1.75,"Hypergraph(num_v=21, num_e=4)",False,0.07949733734130851
2663,STATS,075-037-augF1-augA2,orig,0.06956768035888672,0.2191569805145263,1,4,5,2,3,19491.84,11102,192979,83143.75,22247.0,64247.0,125143.75,4496.0,166614.0,69030.33333333333,20238.5,35981.0,101297.5,2,1,4,1.1666666666666667,1.0,1.0,1.0,1,2,1.5,1.5,1.25,1.75,"Hypergraph(num_v=21, num_e=4)",False,0.1495893001556396
2664,STATS,075-037-augF1-augA3,orig,0.06915473937988281,0.0829241275787353,1,4,5,2,3,19491.84,11102,192979,83143.75,22247.0,64247.0,125143.75,4496.0,166614.0,69030.33333333333,20238.5,35981.0,101297.5,2,1,4,1.1666666666666667,1.0,1.0,1.0,1,2,1.5,1.5,1.25,1.75,"Hypergraph(num_v=21, num_e=4)",False,0.013769388198852484
2665,STATS,075-037-augF2,rewr,0.21819376945495605,0.1684315204620361,1,4,5,2,3,42885.47,11102,192979,117356.0,79674.5,132671.5,170353.0,52265.0,1044864.0,440919.3333333333,138947.0,225629.0,635246.5,2,1,4,1.1666666666666667,1.0,1.0,1.0,1,2,1.5,1.5,1.25,1.75,"Hypergraph(num_v=21, num_e=4)",False,-0.04976224899291995
2666,STATS,075-037-augF2-augA1,orig,0.2257373332977295,0.2289767265319824,1,4,5,2,3,42885.47,11102,192979,117356.0,79674.5,132671.5,170353.0,52265.0,1044864.0,440919.3333333333,138947.0,225629.0,635246.5,1,1,4,1.1666666666666667,1.0,1.0,1.0,3,3,3.0,3.0,3.0,3.0,"Hypergraph(num_v=21, num_e=4)",False,0.003239393234252902
2667,STATS,075-037-augF2-augA2,rewr,0.22858548164367676,0.1639516353607177,1,4,5,2,3,42885.47,11102,192979,117356.0,79674.5,132671.5,170353.0,52265.0,1044864.0,440919.3333333333,138947.0,225629.0,635246.5,2,1,4,1.1666666666666667,1.0,1.0,1.0,1,2,1.5,1.5,1.25,1.75,"Hypergraph(num_v=21, num_e=4)",False,-0.06463384628295907
2668,STATS,075-037-augF2-augA3,rewr,0.22371840476989746,0.1399762630462646,1,4,5,2,3,42885.47,11102,192979,117356.0,79674.5,132671.5,170353.0,52265.0,1044864.0,440919.3333333333,138947.0,225629.0,635246.5,2,1,4,1.1666666666666667,1.0,1.0,1.0,1,2,1.5,1.5,1.25,1.75,"Hypergraph(num_v=21, num_e=4)",False,-0.08374214172363287
2669,STATS,076-073,orig,0.20363163948059082,0.2775394916534424,1,6,12,7,5,18065.08,1,167119,60145.5,3707.0,45476.5,96131.25,68.0,33302.0,9028.0,127.0,891.0,10752.0,1,1,5,1.1724137931034482,1.0,1.0,1.0,5,5,5.0,5.0,5.0,5.0,"Hypergraph(num_v=34, num_e=6)",True,0.07390785217285156
2670,STATS,076-073-augA1,rewr,0.19861507415771484,0.1830115318298339,1,6,12,7,5,18065.08,1,167119,60145.5,3707.0,45476.5,96131.25,68.0,33302.0,9028.0,127.0,891.0,10752.0,1,1,5,1.1724137931034482,1.0,1.0,1.0,5,5,5.0,5.0,5.0,5.0,"Hypergraph(num_v=34, num_e=6)",False,-0.015603542327880943
2671,STATS,076-073-augA2,rewr,0.20505714416503906,0.1552417278289795,1,6,12,7,5,18065.08,1,167119,60145.5,3707.0,45476.5,96131.25,68.0,33302.0,9028.0,127.0,891.0,10752.0,2,1,5,1.1724137931034482,1.0,1.0,1.0,1,4,2.5,2.5,1.75,3.25,"Hypergraph(num_v=34, num_e=6)",False,-0.04981541633605957
2672,STATS,076-073-augA3,rewr,0.19905400276184082,0.116624116897583,1,6,12,7,5,18065.08,1,167119,60145.5,3707.0,45476.5,96131.25,68.0,33302.0,9028.0,127.0,891.0,10752.0,2,1,5,1.1724137931034482,1.0,1.0,1.0,1,4,2.5,2.5,1.75,3.25,"Hypergraph(num_v=34, num_e=6)",False,-0.08242988586425783
2673,STATS,076-073-augA4,rewr,0.2043015956878662,0.1884047985076904,1,6,12,7,5,18065.08,1,167119,60145.5,3707.0,45476.5,96131.25,68.0,33302.0,9028.0,127.0,891.0,10752.0,2,1,5,1.1724137931034482,1.0,1.0,1.0,1,4,2.5,2.5,1.75,3.25,"Hypergraph(num_v=34, num_e=6)",False,-0.01589679718017581
2674,STATS,076-073-augA5,rewr,0.20895171165466309,0.1776747703552246,1,6,12,7,5,18065.08,1,167119,60145.5,3707.0,45476.5,96131.25,68.0,33302.0,9028.0,127.0,891.0,10752.0,2,1,5,1.1724137931034482,1.0,1.0,1.0,1,4,2.5,2.5,1.75,3.25,"Hypergraph(num_v=34, num_e=6)",False,-0.03127694129943848
2675,STATS,076-073-augF1,rewr,0.3218870162963867,0.1537895202636718,1,6,12,7,5,18078.48,1,167119,60145.5,3707.0,45476.5,96131.25,69.0,33949.0,9208.0,130.0,891.0,11001.0,1,1,5,1.1724137931034482,1.0,1.0,1.0,5,5,5.0,5.0,5.0,5.0,"Hypergraph(num_v=34, num_e=6)",False,-0.16809749603271493
2676,STATS,076-073-augF1-augA1,rewr,0.3185441493988037,0.2677595615386963,1,6,12,7,5,18078.48,1,167119,60145.5,3707.0,45476.5,96131.25,69.0,33949.0,9208.0,130.0,891.0,11001.0,1,1,5,1.1724137931034482,1.0,1.0,1.0,5,5,5.0,5.0,5.0,5.0,"Hypergraph(num_v=34, num_e=6)",False,-0.05078458786010742
2677,STATS,076-073-augF1-augA2,rewr,0.32781362533569336,0.1569688320159912,1,6,12,7,5,18078.48,1,167119,60145.5,3707.0,45476.5,96131.25,69.0,33949.0,9208.0,130.0,891.0,11001.0,2,1,5,1.1724137931034482,1.0,1.0,1.0,1,4,2.5,2.5,1.75,3.25,"Hypergraph(num_v=34, num_e=6)",False,-0.17084479331970215
2678,STATS,076-073-augF1-augA3,rewr,0.31911277770996094,0.2107050418853759,1,6,12,7,5,18078.48,1,167119,60145.5,3707.0,45476.5,96131.25,69.0,33949.0,9208.0,130.0,891.0,11001.0,2,1,5,1.1724137931034482,1.0,1.0,1.0,1,4,2.5,2.5,1.75,3.25,"Hypergraph(num_v=34, num_e=6)",False,-0.10840773582458504
2679,STATS,076-073-augF1-augA4,rewr,0.3288893699645996,0.3031134605407715,1,6,12,7,5,18078.48,1,167119,60145.5,3707.0,45476.5,96131.25,69.0,33949.0,9208.0,130.0,891.0,11001.0,2,1,5,1.1724137931034482,1.0,1.0,1.0,1,4,2.5,2.5,1.75,3.25,"Hypergraph(num_v=34, num_e=6)",False,-0.025775909423828125
2680,STATS,076-073-augF1-augA5,rewr,0.33606386184692383,0.1938545703887939,1,6,12,7,5,18078.48,1,167119,60145.5,3707.0,45476.5,96131.25,69.0,33949.0,9208.0,130.0,891.0,11001.0,2,1,5,1.1724137931034482,1.0,1.0,1.0,1,4,2.5,2.5,1.75,3.25,"Hypergraph(num_v=34, num_e=6)",False,-0.14220929145812994
2681,STATS,076-073-augF2,orig,0.20272135734558105,0.2669365406036377,1,6,12,7,5,18106.14,1,174709,61410.5,3707.0,45476.5,96131.25,68.0,34795.0,9326.6,127.0,891.0,10752.0,1,1,5,1.1724137931034482,1.0,1.0,1.0,5,5,5.0,5.0,5.0,5.0,"Hypergraph(num_v=34, num_e=6)",False,0.06421518325805664
2682,STATS,076-073-augF2-augA1,rewr,0.19927406311035156,0.155531644821167,1,6,12,7,5,18106.14,1,174709,61410.5,3707.0,45476.5,96131.25,68.0,34795.0,9326.6,127.0,891.0,10752.0,1,1,5,1.1724137931034482,1.0,1.0,1.0,5,5,5.0,5.0,5.0,5.0,"Hypergraph(num_v=34, num_e=6)",False,-0.04374241828918457
2683,STATS,076-073-augF2-augA2,orig,0.2030339241027832,0.276749849319458,1,6,12,7,5,18106.14,1,174709,61410.5,3707.0,45476.5,96131.25,68.0,34795.0,9326.6,127.0,891.0,10752.0,2,1,5,1.1724137931034482,1.0,1.0,1.0,1,4,2.5,2.5,1.75,3.25,"Hypergraph(num_v=34, num_e=6)",False,0.0737159252166748
2684,STATS,076-073-augF2-augA3,rewr,0.19921875,0.1271193027496338,1,6,12,7,5,18106.14,1,174709,61410.5,3707.0,45476.5,96131.25,68.0,34795.0,9326.6,127.0,891.0,10752.0,2,1,5,1.1724137931034482,1.0,1.0,1.0,1,4,2.5,2.5,1.75,3.25,"Hypergraph(num_v=34, num_e=6)",False,-0.07209944725036621
2685,STATS,076-073-augF2-augA4,rewr,0.20769524574279785,0.1936790943145752,1,6,12,7,5,18106.14,1,174709,61410.5,3707.0,45476.5,96131.25,68.0,34795.0,9326.6,127.0,891.0,10752.0,2,1,5,1.1724137931034482,1.0,1.0,1.0,1,4,2.5,2.5,1.75,3.25,"Hypergraph(num_v=34, num_e=6)",False,-0.014016151428222656
2686,STATS,076-073-augF2-augA5,rewr,0.2111358642578125,0.147080659866333,1,6,12,7,5,18106.14,1,174709,61410.5,3707.0,45476.5,96131.25,68.0,34795.0,9326.6,127.0,891.0,10752.0,2,1,5,1.1724137931034482,1.0,1.0,1.0,1,4,2.5,2.5,1.75,3.25,"Hypergraph(num_v=34, num_e=6)",False,-0.06405520439147949
2687,STATS,077-004,rewr,0.19528722763061523,0.0704689025878906,1,2,3,2,1,390710.87,42545,102532,72538.5,57541.75,72538.5,87535.25,21093360.0,21093360.0,21093360.0,21093360.0,21093360.0,21093360.0,1,1,2,1.1111111111111112,1.0,1.0,1.0,1,1,1.0,1.0,1.0,1.0,"Hypergraph(num_v=10, num_e=2)",True,-0.12481832504272464
2688,STATS,077-004-augA1,rewr,0.25669336318969727,0.0689418315887451,1,2,3,2,1,390710.87,42545,102532,72538.5,57541.75,72538.5,87535.25,21093360.0,21093360.0,21093360.0,21093360.0,21093360.0,21093360.0,1,1,2,1.1111111111111112,1.0,1.0,1.0,1,1,1.0,1.0,1.0,1.0,"Hypergraph(num_v=10, num_e=2)",False,-0.18775153160095215
2689,STATS,077-004-augF1,orig,0.017197370529174805,0.0185356140136718,1,2,3,2,1,8675.33,1,102532,51266.5,25633.75,51266.5,76899.25,496.0,496.0,496.0,496.0,496.0,496.0,1,1,2,1.1111111111111112,1.0,1.0,1.0,1,1,1.0,1.0,1.0,1.0,"Hypergraph(num_v=10, num_e=2)",False,0.001338243484496994
2690,STATS,077-004-augF1-augA1,orig,0.0179595947265625,0.0195767879486084,1,2,3,2,1,8675.33,1,102532,51266.5,25633.75,51266.5,76899.25,496.0,496.0,496.0,496.0,496.0,496.0,1,1,2,1.1111111111111112,1.0,1.0,1.0,1,1,1.0,1.0,1.0,1.0,"Hypergraph(num_v=10, num_e=2)",False,0.0016171932220458984
2691,STATS,077-004-augF2,orig,0.015597105026245117,0.0168251991271972,1,2,3,2,1,8812.19,2,102532,51267.0,25634.5,51267.0,76899.5,1983.0,1983.0,1983.0,1983.0,1983.0,1983.0,1,1,2,1.1111111111111112,1.0,1.0,1.0,1,1,1.0,1.0,1.0,1.0,"Hypergraph(num_v=10, num_e=2)",False,0.0012280941009520825
2692,STATS,077-004-augF2-augA1,orig,0.01565074920654297,0.0366666316986084,1,2,3,2,1,8812.19,2,102532,51267.0,25634.5,51267.0,76899.5,1983.0,1983.0,1983.0,1983.0,1983.0,1983.0,1,1,2,1.1111111111111112,1.0,1.0,1.0,1,1,1.0,1.0,1.0,1.0,"Hypergraph(num_v=10, num_e=2)",False,0.02101588249206543
2693,STATS,078-082,rewr,0.182481050491333,0.1450586318969726,1,3,8,6,2,372833.73,39382,178345,106267.33333333331,70228.5,101075.0,139710.0,162052.0,142433068.0,71297560.0,35729806.0,71297560.0,106865314.0,1,1,3,1.1428571428571428,1.0,1.0,1.0,2,2,2.0,2.0,2.0,2.0,"Hypergraph(num_v=16, num_e=3)",True,-0.03742241859436041
2694,STATS,078-082-augA1,rewr,0.19330716133117676,0.1022839546203613,1,3,8,6,2,375207.73,39382,178345,106267.33333333331,70228.5,101075.0,139710.0,162052.0,142433068.0,71297560.0,35729806.0,71297560.0,106865314.0,2,1,3,1.1428571428571428,1.0,1.0,1.0,1,1,1.0,1.0,1.0,1.0,"Hypergraph(num_v=16, num_e=3)",False,-0.09102320671081546
2695,STATS,078-082-augA2,rewr,0.18189048767089844,0.1445333957672119,1,3,8,6,2,372833.73,39382,178345,106267.33333333331,70228.5,101075.0,139710.0,162052.0,142433068.0,71297560.0,35729806.0,71297560.0,106865314.0,1,1,3,1.1428571428571428,1.0,1.0,1.0,2,2,2.0,2.0,2.0,2.0,"Hypergraph(num_v=16, num_e=3)",False,-0.03735709190368655
2696,STATS,078-082-augF1,orig,0.10999345779418945,0.1434855461120605,1,3,8,6,2,361195.82,38118,178345,105846.0,69596.5,101075.0,139710.0,156851.0,137861554.0,69009202.5,34583026.75,69009202.5,103435378.25,2,1,3,1.1428571428571428,1.0,1.0,1.0,1,1,1.0,1.0,1.0,1.0,"Hypergraph(num_v=16, num_e=3)",False,0.03349208831787104
2697,STATS,078-082-augF1-augA1,orig,0.12650585174560547,0.2012543678283691,1,3,8,6,2,363517.82,38118,178345,105846.0,69596.5,101075.0,139710.0,156851.0,137861554.0,69009202.5,34583026.75,69009202.5,103435378.25,2,1,3,1.1428571428571428,1.0,1.0,1.0,1,1,1.0,1.0,1.0,1.0,"Hypergraph(num_v=16, num_e=3)",False,0.07474851608276364
2698,STATS,078-082-augF1-augA2,orig,0.11286377906799316,0.2286040782928466,1,3,8,6,2,361195.82,38118,178345,105846.0,69596.5,101075.0,139710.0,156851.0,137861554.0,69009202.5,34583026.75,69009202.5,103435378.25,1,1,3,1.1428571428571428,1.0,1.0,1.0,2,2,2.0,2.0,2.0,2.0,"Hypergraph(num_v=16, num_e=3)",False,0.11574029922485343
2699,STATS,078-082-augF2,rewr,0.1442704200744629,0.1098105907440185,1,3,8,6,2,127406.3,12726,178345,97382.0,56900.5,101075.0,139710.0,52366.0,46026185.0,23039275.5,11545820.75,23039275.5,34532730.25,2,1,3,1.1428571428571428,1.0,1.0,1.0,1,1,1.0,1.0,1.0,1.0,"Hypergraph(num_v=16, num_e=3)",False,-0.03445982933044439
2700,STATS,078-082-augF2-augA1,rewr,0.14792895317077637,0.0860896110534668,1,3,8,6,2,127406.3,12726,178345,97382.0,56900.5,101075.0,139710.0,52366.0,46026185.0,23039275.5,11545820.75,23039275.5,34532730.25,2,1,3,1.1428571428571428,1.0,1.0,1.0,1,1,1.0,1.0,1.0,1.0,"Hypergraph(num_v=16, num_e=3)",False,-0.06183934211730957
2701,STATS,078-082-augF2-augA2,rewr,0.14631199836730957,0.1184673309326171,1,3,8,6,2,127406.3,12726,178345,97382.0,56900.5,101075.0,139710.0,52366.0,46026185.0,23039275.5,11545820.75,23039275.5,34532730.25,1,1,3,1.1428571428571428,1.0,1.0,1.0,2,2,2.0,2.0,2.0,2.0,"Hypergraph(num_v=16, num_e=3)",False,-0.027844667434692466
2702,STATS,079-112,rewr,0.271209716796875,0.2224712371826172,1,5,8,4,4,31955.31,9599,190881,103936.0,38323.0,102532.0,178345.0,44698.0,978853.0,334364.0,88073.5,156952.5,403243.0,2,1,5,1.148148148148148,1.0,1.0,1.0,1,3,2.0,2.0,1.5,2.5,"Hypergraph(num_v=31, num_e=5)",True,-0.04873847961425781
2703,STATS,079-112-augA1,orig,0.26812028884887695,0.4652783870697021,1,5,8,4,4,31955.31,9599,190881,103936.0,38323.0,102532.0,178345.0,44698.0,978853.0,334364.0,88073.5,156952.5,403243.0,2,1,5,1.148148148148148,1.0,1.0,1.0,1,3,2.0,2.0,1.5,2.5,"Hypergraph(num_v=31, num_e=5)",False,0.19715809822082514
2704,STATS,079-112-augA2,orig,0.2709054946899414,0.4882922172546386,1,5,8,4,4,31955.31,9599,190881,103936.0,38323.0,102532.0,178345.0,44698.0,978853.0,334364.0,88073.5,156952.5,403243.0,1,1,5,1.148148148148148,1.0,1.0,1.0,4,4,4.0,4.0,4.0,4.0,"Hypergraph(num_v=31, num_e=5)",False,0.2173867225646972
2705,STATS,079-112-augA3,rewr,0.26902055740356445,0.2312216758728027,1,5,8,4,4,31955.31,9599,190881,103936.0,38323.0,102532.0,178345.0,44698.0,978853.0,334364.0,88073.5,156952.5,403243.0,1,1,5,1.148148148148148,1.0,1.0,1.0,4,4,4.0,4.0,4.0,4.0,"Hypergraph(num_v=31, num_e=5)",False,-0.037798881530761747
2706,STATS,079-112-augA4,orig,0.27015113830566406,0.3863284587860107,1,5,8,4,4,31955.31,9599,190881,103936.0,38323.0,102532.0,178345.0,44698.0,978853.0,334364.0,88073.5,156952.5,403243.0,1,1,5,1.148148148148148,1.0,1.0,1.0,4,4,4.0,4.0,4.0,4.0,"Hypergraph(num_v=31, num_e=5)",False,0.11617732048034662
2707,STATS,079-112-augF1,rewr,0.18998408317565918,0.1681880950927734,1,5,8,4,4,23942.05,9599,178345,80383.4,38323.0,73118.0,102532.0,17122.0,374953.0,143893.5,65005.75,91749.5,170637.25,2,1,5,1.148148148148148,1.0,1.0,1.0,1,3,2.0,2.0,1.5,2.5,"Hypergraph(num_v=31, num_e=5)",False,-0.02179598808288577
2708,STATS,079-112-augF1-augA1,orig,0.18951678276062012,0.2676167488098144,1,5,8,4,4,23942.05,9599,178345,80383.4,38323.0,73118.0,102532.0,17122.0,374953.0,143893.5,65005.75,91749.5,170637.25,2,1,5,1.148148148148148,1.0,1.0,1.0,1,3,2.0,2.0,1.5,2.5,"Hypergraph(num_v=31, num_e=5)",False,0.07809996604919428
2709,STATS,079-112-augF1-augA2,orig,0.19325566291809082,0.2494571208953857,1,5,8,4,4,23942.05,9599,178345,80383.4,38323.0,73118.0,102532.0,17122.0,374953.0,143893.5,65005.75,91749.5,170637.25,1,1,5,1.148148148148148,1.0,1.0,1.0,4,4,4.0,4.0,4.0,4.0,"Hypergraph(num_v=31, num_e=5)",False,0.056201457977294866
2710,STATS,079-112-augF1-augA3,orig,0.18750977516174316,0.2407114505767822,1,5,8,4,4,23942.05,9599,178345,80383.4,38323.0,73118.0,102532.0,17122.0,374953.0,143893.5,65005.75,91749.5,170637.25,1,1,5,1.148148148148148,1.0,1.0,1.0,4,4,4.0,4.0,4.0,4.0,"Hypergraph(num_v=31, num_e=5)",False,0.053201675415039035
2711,STATS,079-112-augF1-augA4,orig,0.18855810165405273,0.2025008201599121,1,5,8,4,4,23942.05,9599,178345,80383.4,38323.0,73118.0,102532.0,17122.0,374953.0,143893.5,65005.75,91749.5,170637.25,1,1,5,1.148148148148148,1.0,1.0,1.0,4,4,4.0,4.0,4.0,4.0,"Hypergraph(num_v=31, num_e=5)",False,0.013942718505859375
2712,STATS,079-112-augF2,rewr,0.2935972213745117,0.2181301116943359,1,5,8,4,4,32537.05,10185,190881,104053.2,38323.0,102532.0,178345.0,47426.0,1038596.0,353208.75,88755.5,163406.5,427859.75,2,1,5,1.148148148148148,1.0,1.0,1.0,1,3,2.0,2.0,1.5,2.5,"Hypergraph(num_v=31, num_e=5)",False,-0.07546710968017581
2713,STATS,079-112-augF2-augA1,orig,0.28753066062927246,0.5286133289337158,1,5,8,4,4,32537.05,10185,190881,104053.2,38323.0,102532.0,178345.0,47426.0,1038596.0,353208.75,88755.5,163406.5,427859.75,2,1,5,1.148148148148148,1.0,1.0,1.0,1,3,2.0,2.0,1.5,2.5,"Hypergraph(num_v=31, num_e=5)",False,0.24108266830444336
2714,STATS,079-112-augF2-augA2,orig,0.30304861068725586,0.399942398071289,1,5,8,4,4,32537.05,10185,190881,104053.2,38323.0,102532.0,178345.0,47426.0,1038596.0,353208.75,88755.5,163406.5,427859.75,1,1,5,1.148148148148148,1.0,1.0,1.0,4,4,4.0,4.0,4.0,4.0,"Hypergraph(num_v=31, num_e=5)",False,0.09689378738403315
2715,STATS,079-112-augF2-augA3,orig,0.2796471118927002,0.346165657043457,1,5,8,4,4,32537.05,10185,190881,104053.2,38323.0,102532.0,178345.0,47426.0,1038596.0,353208.75,88755.5,163406.5,427859.75,2,1,5,1.148148148148148,1.0,1.0,1.0,1,3,2.0,2.0,1.5,2.5,"Hypergraph(num_v=31, num_e=5)",False,0.06651854515075678
2716,STATS,079-112-augF2-augA4,orig,0.28980302810668945,0.7030074596405029,1,5,8,4,4,32537.05,10185,190881,104053.2,38323.0,102532.0,178345.0,47426.0,1038596.0,353208.75,88755.5,163406.5,427859.75,1,1,5,1.148148148148148,1.0,1.0,1.0,4,4,4.0,4.0,4.0,4.0,"Hypergraph(num_v=31, num_e=5)",False,0.4132044315338135
2717,STATS,080-119,rewr,0.1761622428894043,0.1225900650024414,1,4,9,6,3,59146.47,39928,79715,50217.25,40230.25,40613.0,50600.0,37674.0,5857211.0,1989786.6666666667,56074.5,74475.0,2965843.0,2,1,4,1.1428571428571428,1.0,1.0,1.0,1,2,1.5,1.5,1.25,1.75,"Hypergraph(num_v=24, num_e=4)",True,-0.05357217788696289
2718,STATS,080-119-augA1,rewr,0.19397759437561035,0.1224002838134765,1,4,9,6,3,59146.47,39928,79715,50217.25,40230.25,40613.0,50600.0,37674.0,5857211.0,1989786.6666666667,56074.5,74475.0,2965843.0,1,1,4,1.1428571428571428,1.0,1.0,1.0,3,3,3.0,3.0,3.0,3.0,"Hypergraph(num_v=24, num_e=4)",False,-0.07157731056213386
2719,STATS,080-119-augA2,rewr,0.1751570701599121,0.1078462600708007,1,4,9,6,3,59146.47,39928,79715,50217.25,40230.25,40613.0,50600.0,37674.0,5857211.0,1989786.6666666667,56074.5,74475.0,2965843.0,1,1,4,1.1428571428571428,1.0,1.0,1.0,3,3,3.0,3.0,3.0,3.0,"Hypergraph(num_v=24, num_e=4)",False,-0.06731081008911141
2720,STATS,080-119-augA3,rewr,0.20513176918029785,0.120676040649414,1,4,9,6,3,59146.47,39928,79715,50217.25,40230.25,40613.0,50600.0,37674.0,5857211.0,1989786.6666666667,56074.5,74475.0,2965843.0,1,1,4,1.1428571428571428,1.0,1.0,1.0,3,3,3.0,3.0,3.0,3.0,"Hypergraph(num_v=24, num_e=4)",False,-0.08445572853088386
2721,STATS,080-119-augF1,orig,0.049878597259521484,0.0678074359893798,1,4,9,6,3,13990.02,2134,79715,40668.0,30479.5,40411.5,50600.0,2082.0,309918.0,105372.0,3099.0,4116.0,157017.0,2,1,4,1.1428571428571428,1.0,1.0,1.0,1,2,1.5,1.5,1.25,1.75,"Hypergraph(num_v=24, num_e=4)",False,0.017928838729858315
2722,STATS,080-119-augF1-augA1,orig,0.05069422721862793,0.08339524269104,1,4,9,6,3,13990.02,2134,79715,40668.0,30479.5,40411.5,50600.0,2082.0,309918.0,105372.0,3099.0,4116.0,157017.0,1,1,4,1.1428571428571428,1.0,1.0,1.0,3,3,3.0,3.0,3.0,3.0,"Hypergraph(num_v=24, num_e=4)",False,0.03270101547241207
2723,STATS,080-119-augF1-augA2,orig,0.0506589412689209,0.1187500953674316,1,4,9,6,3,13990.02,2134,79715,40668.0,30479.5,40411.5,50600.0,2082.0,309918.0,105372.0,3099.0,4116.0,157017.0,1,1,4,1.1428571428571428,1.0,1.0,1.0,3,3,3.0,3.0,3.0,3.0,"Hypergraph(num_v=24, num_e=4)",False,0.0680911540985107
2724,STATS,080-119-augF1-augA3,orig,0.050736188888549805,0.0679349899291992,1,4,9,6,3,13990.02,2134,79715,40668.0,30479.5,40411.5,50600.0,2082.0,309918.0,105372.0,3099.0,4116.0,157017.0,2,1,4,1.1428571428571428,1.0,1.0,1.0,1,2,1.5,1.5,1.25,1.75,"Hypergraph(num_v=24, num_e=4)",False,0.0171988010406494
2725,STATS,080-119-augF2,rewr,0.13347244262695312,0.0901606082916259,1,4,9,6,3,11489.73,649,79715,40397.5,30410.5,40613.0,50600.0,640.0,95205.0,32370.0,952.5,1265.0,48235.0,2,1,4,1.1428571428571428,1.0,1.0,1.0,1,2,1.5,1.5,1.25,1.75,"Hypergraph(num_v=24, num_e=4)",False,-0.04331183433532723
2726,STATS,080-119-augF2-augA1,rewr,0.13663029670715332,0.0667557716369628,1,4,9,6,3,11489.73,649,79715,40397.5,30410.5,40613.0,50600.0,640.0,95205.0,32370.0,952.5,1265.0,48235.0,2,1,4,1.1428571428571428,1.0,1.0,1.0,1,2,1.5,1.5,1.25,1.75,"Hypergraph(num_v=24, num_e=4)",False,-0.06987452507019053
2727,STATS,080-119-augF2-augA2,rewr,0.13364076614379883,0.0840165615081787,1,4,9,6,3,11489.73,649,79715,40397.5,30410.5,40613.0,50600.0,640.0,95205.0,32370.0,952.5,1265.0,48235.0,1,1,4,1.1428571428571428,1.0,1.0,1.0,3,3,3.0,3.0,3.0,3.0,"Hypergraph(num_v=24, num_e=4)",False,-0.04962420463562013
2728,STATS,080-119-augF2-augA3,rewr,0.13698935508728027,0.1226556301116943,1,4,9,6,3,11489.73,649,79715,40397.5,30410.5,40613.0,50600.0,640.0,95205.0,32370.0,952.5,1265.0,48235.0,1,1,4,1.1428571428571428,1.0,1.0,1.0,3,3,3.0,3.0,3.0,3.0,"Hypergraph(num_v=24, num_e=4)",False,-0.01433372497558598
2729,STATS,081-111,orig,0.28180932998657227,0.3137240409851074,1,5,8,4,4,31472.35,10058,191485,100571.6,38323.0,102532.0,160460.0,46983.0,925711.0,318781.75,88644.75,151216.5,381353.5,2,1,5,1.148148148148148,1.0,1.0,1.0,1,3,2.0,2.0,1.5,2.5,"Hypergraph(num_v=31, num_e=5)",True,0.031914710998535156
2730,STATS,081-111-augA1,orig,0.27500009536743164,0.6386680603027344,1,5,8,4,4,31472.35,10058,191485,100571.6,38323.0,102532.0,160460.0,46983.0,925711.0,318781.75,88644.75,151216.5,381353.5,2,1,5,1.148148148148148,1.0,1.0,1.0,1,3,2.0,2.0,1.5,2.5,"Hypergraph(num_v=31, num_e=5)",False,0.36366796493530273
2731,STATS,081-111-augA2,rewr,0.2820281982421875,0.2067108154296875,1,5,8,4,4,31472.35,10058,191485,100571.6,38323.0,102532.0,160460.0,46983.0,925711.0,318781.75,88644.75,151216.5,381353.5,2,1,5,1.148148148148148,1.0,1.0,1.0,1,3,2.0,2.0,1.5,2.5,"Hypergraph(num_v=31, num_e=5)",False,-0.0753173828125
2732,STATS,081-111-augA3,orig,0.2774808406829834,0.3820815086364746,1,5,8,4,4,31472.35,10058,191485,100571.6,38323.0,102532.0,160460.0,46983.0,925711.0,318781.75,88644.75,151216.5,381353.5,2,1,5,1.148148148148148,1.0,1.0,1.0,1,3,2.0,2.0,1.5,2.5,"Hypergraph(num_v=31, num_e=5)",False,0.10460066795349121
2733,STATS,081-111-augA4,orig,0.27855896949768066,0.3996615409851074,1,5,8,4,4,31472.35,10058,191485,100571.6,38323.0,102532.0,160460.0,46983.0,925711.0,318781.75,88644.75,151216.5,381353.5,1,1,5,1.148148148148148,1.0,1.0,1.0,4,4,4.0,4.0,4.0,4.0,"Hypergraph(num_v=31, num_e=5)",False,0.12110257148742676
2734,STATS,081-111-augF1,orig,0.18809819221496582,0.2361249923706054,1,5,8,4,4,23614.96,10058,160460,76989.0,38323.0,73572.0,102532.0,18052.0,355677.0,138266.75,62117.5,89669.0,165818.25,1,1,5,1.148148148148148,1.0,1.0,1.0,4,4,4.0,4.0,4.0,4.0,"Hypergraph(num_v=31, num_e=5)",False,0.04802680015563959
2735,STATS,081-111-augF1-augA1,orig,0.1682116985321045,0.4608838558197021,1,5,8,4,4,23614.96,10058,160460,76989.0,38323.0,73572.0,102532.0,18052.0,355677.0,138266.75,62117.5,89669.0,165818.25,2,1,5,1.148148148148148,1.0,1.0,1.0,1,3,2.0,2.0,1.5,2.5,"Hypergraph(num_v=31, num_e=5)",False,0.2926721572875976
2736,STATS,081-111-augF1-augA2,rewr,0.19136548042297363,0.1589264869689941,1,5,8,4,4,23614.96,10058,160460,76989.0,38323.0,73572.0,102532.0,18052.0,355677.0,138266.75,62117.5,89669.0,165818.25,2,1,5,1.148148148148148,1.0,1.0,1.0,1,3,2.0,2.0,1.5,2.5,"Hypergraph(num_v=31, num_e=5)",False,-0.03243899345397952
2737,STATS,081-111-augF1-augA3,orig,0.16933274269104004,0.3276615142822265,1,5,8,4,4,23614.96,10058,160460,76989.0,38323.0,73572.0,102532.0,18052.0,355677.0,138266.75,62117.5,89669.0,165818.25,2,1,5,1.148148148148148,1.0,1.0,1.0,1,3,2.0,2.0,1.5,2.5,"Hypergraph(num_v=31, num_e=5)",False,0.15832877159118647
2738,STATS,081-111-augF1-augA4,orig,0.18526887893676758,0.2015802860260009,1,5,8,4,4,23614.96,10058,160460,76989.0,38323.0,73572.0,102532.0,18052.0,355677.0,138266.75,62117.5,89669.0,165818.25,1,1,5,1.148148148148148,1.0,1.0,1.0,4,4,4.0,4.0,4.0,4.0,"Hypergraph(num_v=31, num_e=5)",False,0.016311407089233315
2739,STATS,081-111-augF2,orig,0.2880892753601074,0.5543758869171143,1,5,8,4,4,32415.94,10058,191485,104145.2,38323.0,102532.0,178328.0,46983.0,1028791.0,350116.25,88644.75,162345.5,423817.0,2,1,5,1.148148148148148,1.0,1.0,1.0,1,3,2.0,2.0,1.5,2.5,"Hypergraph(num_v=31, num_e=5)",False,0.26628661155700684
2740,STATS,081-111-augF2-augA1,orig,0.28795623779296875,0.407090425491333,1,5,8,4,4,32415.94,10058,191485,104145.2,38323.0,102532.0,178328.0,46983.0,1028791.0,350116.25,88644.75,162345.5,423817.0,2,1,5,1.148148148148148,1.0,1.0,1.0,1,3,2.0,2.0,1.5,2.5,"Hypergraph(num_v=31, num_e=5)",False,0.11913418769836426
2741,STATS,081-111-augF2-augA2,rewr,0.292834997177124,0.2003252506256103,1,5,8,4,4,32415.94,10058,191485,104145.2,38323.0,102532.0,178328.0,46983.0,1028791.0,350116.25,88644.75,162345.5,423817.0,2,1,5,1.148148148148148,1.0,1.0,1.0,1,3,2.0,2.0,1.5,2.5,"Hypergraph(num_v=31, num_e=5)",False,-0.09250974655151373
2742,STATS,081-111-augF2-augA3,rewr,0.2878074645996094,0.26723313331604,1,5,8,4,4,32415.94,10058,191485,104145.2,38323.0,102532.0,178328.0,46983.0,1028791.0,350116.25,88644.75,162345.5,423817.0,1,1,5,1.148148148148148,1.0,1.0,1.0,4,4,4.0,4.0,4.0,4.0,"Hypergraph(num_v=31, num_e=5)",False,-0.02057433128356939
2743,STATS,081-111-augF2-augA4,rewr,0.2878720760345459,0.2685539722442627,1,5,8,4,4,32415.94,10058,191485,104145.2,38323.0,102532.0,178328.0,46983.0,1028791.0,350116.25,88644.75,162345.5,423817.0,1,1,5,1.148148148148148,1.0,1.0,1.0,4,4,4.0,4.0,4.0,4.0,"Hypergraph(num_v=31, num_e=5)",False,-0.019318103790283203
2744,STATS,082-096,orig,0.326702356338501,0.3315908908843994,1,4,7,4,3,37524.94,38323,176682,112005.25,68502.25,116508.0,160011.0,154454.0,1507368.0,676626.3333333334,261255.5,368057.0,937712.5,1,1,4,1.1304347826086956,1.0,1.0,1.0,3,3,3.0,3.0,3.0,3.0,"Hypergraph(num_v=26, num_e=4)",True,0.0048885345458984375
2745,STATS,082-096-augA1,rewr,0.3019893169403076,0.262054443359375,1,4,7,4,3,37524.94,38323,176682,112005.25,68502.25,116508.0,160011.0,154454.0,1507368.0,676626.3333333334,261255.5,368057.0,937712.5,2,1,4,1.1304347826086956,1.0,1.0,1.0,1,2,1.5,1.5,1.25,1.75,"Hypergraph(num_v=26, num_e=4)",False,-0.03993487358093262
2746,STATS,082-096-augA2,orig,0.3568606376647949,0.4035356044769287,1,4,7,4,3,41910.94,38323,176682,112005.25,68502.25,116508.0,160011.0,154454.0,1507368.0,676626.3333333334,261255.5,368057.0,937712.5,2,1,4,1.1304347826086956,1.0,1.0,1.0,1,2,1.5,1.5,1.25,1.75,"Hypergraph(num_v=26, num_e=4)",False,0.04667496681213379
2747,STATS,082-096-augA3,orig,0.3022792339324951,0.4019248485565185,1,4,7,4,3,37524.94,38323,176682,112005.25,68502.25,116508.0,160011.0,154454.0,1507368.0,676626.3333333334,261255.5,368057.0,937712.5,1,1,4,1.1304347826086956,1.0,1.0,1.0,3,3,3.0,3.0,3.0,3.0,"Hypergraph(num_v=26, num_e=4)",False,0.09964561462402338
2748,STATS,082-096-augF1,orig,0.3081486225128174,0.446124792098999,1,4,7,4,3,37675.5,38323,178328,112416.75,68502.25,116508.0,160422.5,154454.0,1521408.0,682449.0,262969.5,371485.0,946446.5,2,1,4,1.1304347826086956,1.0,1.0,1.0,1,2,1.5,1.5,1.25,1.75,"Hypergraph(num_v=26, num_e=4)",False,0.13797616958618164
2749,STATS,082-096-augF1-augA1,orig,0.32786035537719727,0.4091763496398926,1,4,7,4,3,37675.5,38323,178328,112416.75,68502.25,116508.0,160422.5,154454.0,1521408.0,682449.0,262969.5,371485.0,946446.5,1,1,4,1.1304347826086956,1.0,1.0,1.0,3,3,3.0,3.0,3.0,3.0,"Hypergraph(num_v=26, num_e=4)",False,0.08131599426269531
2750,STATS,082-096-augF1-augA2,orig,0.34950947761535645,0.4545772075653076,1,4,7,4,3,42089.5,38323,178328,112416.75,68502.25,116508.0,160422.5,154454.0,1521408.0,682449.0,262969.5,371485.0,946446.5,1,1,4,1.1304347826086956,1.0,1.0,1.0,3,3,3.0,3.0,3.0,3.0,"Hypergraph(num_v=26, num_e=4)",False,0.10506772994995117
2751,STATS,082-096-augF1-augA3,rewr,0.32823824882507324,0.308542251586914,1,4,7,4,3,37675.5,38323,178328,112416.75,68502.25,116508.0,160422.5,154454.0,1521408.0,682449.0,262969.5,371485.0,946446.5,1,1,4,1.1304347826086956,1.0,1.0,1.0,3,3,3.0,3.0,3.0,3.0,"Hypergraph(num_v=26, num_e=4)",False,-0.019695997238159235
2752,STATS,082-096-augF2,orig,0.04718923568725586,0.1258196830749511,1,4,7,4,3,14667.47,1,176682,63895.0,251.5,39448.5,103092.0,335.0,3266.0,1558.6666666666667,705.0,1075.0,2170.5,1,1,4,1.1304347826086956,1.0,1.0,1.0,3,3,3.0,3.0,3.0,3.0,"Hypergraph(num_v=26, num_e=4)",False,0.07863044738769523
2753,STATS,082-096-augF2-augA1,orig,0.047281742095947266,0.0899727344512939,1,4,7,4,3,14667.47,1,176682,63895.0,251.5,39448.5,103092.0,335.0,3266.0,1558.6666666666667,705.0,1075.0,2170.5,2,1,4,1.1304347826086956,1.0,1.0,1.0,1,2,1.5,1.5,1.25,1.75,"Hypergraph(num_v=26, num_e=4)",False,0.04269099235534664
2754,STATS,082-096-augF2-augA2,orig,0.048021554946899414,0.1593203544616699,1,4,7,4,3,14667.47,1,176682,63895.0,251.5,39448.5,103092.0,335.0,3266.0,1558.6666666666667,705.0,1075.0,2170.5,1,1,4,1.1304347826086956,1.0,1.0,1.0,3,3,3.0,3.0,3.0,3.0,"Hypergraph(num_v=26, num_e=4)",False,0.11129879951477048
2755,STATS,082-096-augF2-augA3,orig,0.0486605167388916,0.354407787322998,1,4,7,4,3,14667.47,1,176682,63895.0,251.5,39448.5,103092.0,335.0,3266.0,1558.6666666666667,705.0,1075.0,2170.5,1,1,4,1.1304347826086956,1.0,1.0,1.0,3,3,3.0,3.0,3.0,3.0,"Hypergraph(num_v=26, num_e=4)",False,0.3057472705841064
2756,STATS,083-039,rewr,0.4585881233215332,0.2232844829559326,1,4,12,9,3,5030199.93,38106,79851,58875.0,38620.5,58771.5,79026.0,75457.0,1976471546.0,659412602.3333334,883130.5,1690804.0,989081175.0,1,1,4,1.1875,1.0,1.0,1.0,3,3,3.0,3.0,3.0,3.0,"Hypergraph(num_v=19, num_e=4)",True,-0.2353036403656006
2757,STATS,083-039-augA1,rewr,0.4741556644439697,0.1465060710906982,1,4,12,9,3,5030199.93,38106,79851,58875.0,38620.5,58771.5,79026.0,75457.0,1976471546.0,659412602.3333334,883130.5,1690804.0,989081175.0,2,1,4,1.1875,1.0,1.0,1.0,1,2,1.5,1.5,1.25,1.75,"Hypergraph(num_v=19, num_e=4)",False,-0.32764959335327154
2758,STATS,083-039-augA2,rewr,0.4783649444580078,0.1163218021392822,1,4,12,9,3,5030199.93,38106,79851,58875.0,38620.5,58771.5,79026.0,75457.0,1976471546.0,659412602.3333334,883130.5,1690804.0,989081175.0,2,1,4,1.1875,1.0,1.0,1.0,1,2,1.5,1.5,1.25,1.75,"Hypergraph(num_v=19, num_e=4)",False,-0.3620431423187256
2759,STATS,083-039-augA3,rewr,0.4757516384124756,0.1918213367462158,1,4,12,9,3,5030199.93,38106,79851,58875.0,38620.5,58771.5,79026.0,75457.0,1976471546.0,659412602.3333334,883130.5,1690804.0,989081175.0,1,1,4,1.1875,1.0,1.0,1.0,3,3,3.0,3.0,3.0,3.0,"Hypergraph(num_v=19, num_e=4)",False,-0.28393030166625977
2760,STATS,083-039-augF1,rewr,0.34884047508239746,0.0976653099060058,1,4,12,9,3,1980258.74,14924,79851,53079.5,32825.0,58771.5,79026.0,29552.0,774073935.0,258255227.0,345873.0,662194.0,387368064.5,2,1,4,1.1875,1.0,1.0,1.0,1,2,1.5,1.5,1.25,1.75,"Hypergraph(num_v=19, num_e=4)",False,-0.25117516517639166
2761,STATS,083-039-augF1-augA1,rewr,0.3547704219818115,0.135312795639038,1,4,12,9,3,1980258.74,14924,79851,53079.5,32825.0,58771.5,79026.0,29552.0,774073935.0,258255227.0,345873.0,662194.0,387368064.5,1,1,4,1.1875,1.0,1.0,1.0,3,3,3.0,3.0,3.0,3.0,"Hypergraph(num_v=19, num_e=4)",False,-0.21945762634277352
2762,STATS,083-039-augF1-augA2,rewr,0.3717081546783447,0.103123664855957,1,4,12,9,3,1980258.74,14924,79851,53079.5,32825.0,58771.5,79026.0,29552.0,774073935.0,258255227.0,345873.0,662194.0,387368064.5,1,1,4,1.1875,1.0,1.0,1.0,3,3,3.0,3.0,3.0,3.0,"Hypergraph(num_v=19, num_e=4)",False,-0.2685844898223877
2763,STATS,083-039-augF1-augA3,rewr,0.361832857131958,0.1224503517150878,1,4,12,9,3,1980258.74,14924,79851,53079.5,32825.0,58771.5,79026.0,29552.0,774073935.0,258255227.0,345873.0,662194.0,387368064.5,1,1,4,1.1875,1.0,1.0,1.0,3,3,3.0,3.0,3.0,3.0,"Hypergraph(num_v=19, num_e=4)",False,-0.23938250541687023
2764,STATS,083-039-augF2,rewr,0.44767332077026367,0.130692720413208,1,4,12,9,3,5004018.7,37907,79851,58825.25,38570.75,58771.5,79026.0,75063.0,1966149869.0,655968968.6666666,878518.5,1681974.0,983915921.5,2,1,4,1.1875,1.0,1.0,1.0,1,2,1.5,1.5,1.25,1.75,"Hypergraph(num_v=19, num_e=4)",False,-0.31698060035705566
2765,STATS,083-039-augF2-augA1,rewr,0.4589066505432129,0.1468145847320556,1,4,12,9,3,5004018.7,37907,79851,58825.25,38570.75,58771.5,79026.0,75063.0,1966149869.0,655968968.6666666,878518.5,1681974.0,983915921.5,2,1,4,1.1875,1.0,1.0,1.0,1,2,1.5,1.5,1.25,1.75,"Hypergraph(num_v=19, num_e=4)",False,-0.3120920658111573
2766,STATS,083-039-augF2-augA2,rewr,0.47823095321655273,0.1297652721405029,1,4,12,9,3,5004018.7,37907,79851,58825.25,38570.75,58771.5,79026.0,75063.0,1966149869.0,655968968.6666666,878518.5,1681974.0,983915921.5,2,1,4,1.1875,1.0,1.0,1.0,1,2,1.5,1.5,1.25,1.75,"Hypergraph(num_v=19, num_e=4)",False,-0.3484656810760498
2767,STATS,083-039-augF2-augA3,rewr,0.46951723098754883,0.1418113708496093,1,4,12,9,3,5004018.7,37907,79851,58825.25,38570.75,58771.5,79026.0,75063.0,1966149869.0,655968968.6666666,878518.5,1681974.0,983915921.5,1,1,4,1.1875,1.0,1.0,1.0,3,3,3.0,3.0,3.0,3.0,"Hypergraph(num_v=19, num_e=4)",False,-0.32770586013793956
2768,STATS,084-044,rewr,0.18825936317443848,0.0934321880340576,1,4,19,16,3,17907.57,2626,173388,73691.5,29832.25,59376.0,103235.25,2497.0,1578051.0,528497.6666666666,3721.0,4945.0,791498.0,2,1,4,1.1428571428571428,1.0,1.0,1.0,1,2,1.5,1.5,1.25,1.75,"Hypergraph(num_v=24, num_e=4)",True,-0.09482717514038087
2769,STATS,084-044-augA1,orig,0.19321990013122559,0.3826782703399658,1,4,19,16,3,17907.57,2626,173388,73691.5,29832.25,59376.0,103235.25,2497.0,1578051.0,528497.6666666666,3721.0,4945.0,791498.0,2,1,4,1.1428571428571428,1.0,1.0,1.0,1,2,1.5,1.5,1.25,1.75,"Hypergraph(num_v=24, num_e=4)",False,0.18945837020874023
2770,STATS,084-044-augA2,rewr,0.18882489204406738,0.1267375946044922,1,4,19,16,3,17907.57,2626,173388,73691.5,29832.25,59376.0,103235.25,2497.0,1578051.0,528497.6666666666,3721.0,4945.0,791498.0,1,1,4,1.1428571428571428,1.0,1.0,1.0,3,3,3.0,3.0,3.0,3.0,"Hypergraph(num_v=24, num_e=4)",False,-0.062087297439575195
2771,STATS,084-044-augA3,rewr,0.19510507583618164,0.1233928203582763,1,4,19,16,3,17907.57,2626,173388,73691.5,29832.25,59376.0,103235.25,2497.0,1578051.0,528497.6666666666,3721.0,4945.0,791498.0,2,1,4,1.1428571428571428,1.0,1.0,1.0,1,2,1.5,1.5,1.25,1.75,"Hypergraph(num_v=24, num_e=4)",False,-0.07171225547790534
2772,STATS,084-044-augF1,rewr,0.13419723510742188,0.1039714813232421,1,4,19,16,3,16371.09,2626,117807,59796.25,29832.25,59376.0,89340.0,2497.0,1072196.0,359879.3333333333,3721.0,4945.0,538570.5,2,1,4,1.1428571428571428,1.0,1.0,1.0,1,2,1.5,1.5,1.25,1.75,"Hypergraph(num_v=24, num_e=4)",False,-0.03022575378417977
2773,STATS,084-044-augF1-augA1,rewr,0.1367323398590088,0.1170792579650878,1,4,19,16,3,16371.09,2626,117807,59796.25,29832.25,59376.0,89340.0,2497.0,1072196.0,359879.3333333333,3721.0,4945.0,538570.5,1,1,4,1.1428571428571428,1.0,1.0,1.0,3,3,3.0,3.0,3.0,3.0,"Hypergraph(num_v=24, num_e=4)",False,-0.019653081893920996
2774,STATS,084-044-augF1-augA2,orig,0.13329029083251953,0.1828548908233642,1,4,19,16,3,16371.09,2626,117807,59796.25,29832.25,59376.0,89340.0,2497.0,1072196.0,359879.3333333333,3721.0,4945.0,538570.5,1,1,4,1.1428571428571428,1.0,1.0,1.0,3,3,3.0,3.0,3.0,3.0,"Hypergraph(num_v=24, num_e=4)",False,0.04956459999084467
2775,STATS,084-044-augF1-augA3,rewr,0.13718390464782715,0.1079628467559814,1,4,19,16,3,16371.09,2626,117807,59796.25,29832.25,59376.0,89340.0,2497.0,1072196.0,359879.3333333333,3721.0,4945.0,538570.5,2,1,4,1.1428571428571428,1.0,1.0,1.0,1,2,1.5,1.5,1.25,1.75,"Hypergraph(num_v=24, num_e=4)",False,-0.029221057891845745
2776,STATS,084-044-augF2,orig,0.04903745651245117,0.0677027702331543,1,4,19,16,3,14225.9,1,173388,63418.25,325.0,40142.0,103235.25,412.0,260205.0,87144.33333333333,614.0,816.0,130510.5,2,1,4,1.1428571428571428,1.0,1.0,1.0,1,2,1.5,1.5,1.25,1.75,"Hypergraph(num_v=24, num_e=4)",False,0.018665313720703125
2777,STATS,084-044-augF2-augA1,orig,0.050337791442871094,0.2542829513549804,1,4,19,16,3,14225.9,1,173388,63418.25,325.0,40142.0,103235.25,412.0,260205.0,87144.33333333333,614.0,816.0,130510.5,2,1,4,1.1428571428571428,1.0,1.0,1.0,1,2,1.5,1.5,1.25,1.75,"Hypergraph(num_v=24, num_e=4)",False,0.20394515991210932
2778,STATS,084-044-augF2-augA2,orig,0.049275875091552734,0.1058099269866943,1,4,19,16,3,14225.9,1,173388,63418.25,325.0,40142.0,103235.25,412.0,260205.0,87144.33333333333,614.0,816.0,130510.5,1,1,4,1.1428571428571428,1.0,1.0,1.0,3,3,3.0,3.0,3.0,3.0,"Hypergraph(num_v=24, num_e=4)",False,0.05653405189514156
2779,STATS,084-044-augF2-augA3,orig,0.049962759017944336,0.1075644493103027,1,4,19,16,3,14225.9,1,173388,63418.25,325.0,40142.0,103235.25,412.0,260205.0,87144.33333333333,614.0,816.0,130510.5,2,1,4,1.1428571428571428,1.0,1.0,1.0,1,2,1.5,1.5,1.25,1.75,"Hypergraph(num_v=24, num_e=4)",False,0.05760169029235837
2780,STATS,085-093,rewr,0.16474461555480957,0.0754427909851074,1,3,5,3,2,10491.83,40325,192979,93490.0,43745.5,47166.0,120072.5,46485.0,82922.0,64703.5,55594.25,64703.5,73812.75,2,1,3,1.1,1.0,1.0,1.0,1,1,1.0,1.0,1.0,1.0,"Hypergraph(num_v=22, num_e=3)",True,-0.08930182456970218
2781,STATS,085-093-augA1,rewr,0.16672897338867188,0.0721602439880371,1,3,5,3,2,10491.83,40325,192979,93490.0,43745.5,47166.0,120072.5,46485.0,82922.0,64703.5,55594.25,64703.5,73812.75,2,1,3,1.1,1.0,1.0,1.0,1,1,1.0,1.0,1.0,1.0,"Hypergraph(num_v=22, num_e=3)",False,-0.09456872940063478
2782,STATS,085-093-augA2,rewr,0.16398859024047852,0.10361909866333,1,3,5,3,2,10491.83,40325,192979,93490.0,43745.5,47166.0,120072.5,46485.0,82922.0,64703.5,55594.25,64703.5,73812.75,1,1,3,1.1,1.0,1.0,1.0,2,2,2.0,2.0,2.0,2.0,"Hypergraph(num_v=22, num_e=3)",False,-0.06036949157714852
2783,STATS,085-093-augF1,rewr,0.1499490737915039,0.044797658920288,1,3,5,3,2,8972.79,386,192979,80177.0,23776.0,47166.0,120072.5,445.0,794.0,619.5,532.25,619.5,706.75,1,1,3,1.1,1.0,1.0,1.0,2,2,2.0,2.0,2.0,2.0,"Hypergraph(num_v=22, num_e=3)",False,-0.1051514148712159
2784,STATS,085-093-augF1-augA1,rewr,0.15235424041748047,0.0414800643920898,1,3,5,3,2,8972.79,386,192979,80177.0,23776.0,47166.0,120072.5,445.0,794.0,619.5,532.25,619.5,706.75,2,1,3,1.1,1.0,1.0,1.0,1,1,1.0,1.0,1.0,1.0,"Hypergraph(num_v=22, num_e=3)",False,-0.11087417602539067
2785,STATS,085-093-augF1-augA2,rewr,0.15035080909729004,0.079625129699707,1,3,5,3,2,8972.79,386,192979,80177.0,23776.0,47166.0,120072.5,445.0,794.0,619.5,532.25,619.5,706.75,1,1,3,1.1,1.0,1.0,1.0,2,2,2.0,2.0,2.0,2.0,"Hypergraph(num_v=22, num_e=3)",False,-0.07072567939758304
2786,STATS,085-093-augF2,rewr,0.05797982215881348,0.042682409286499,1,3,5,3,2,9512.25,7111,192979,80138.33333333333,23718.0,40325.0,116652.0,7008.0,12502.0,9755.0,8381.5,9755.0,11128.5,2,1,3,1.1,1.0,1.0,1.0,1,1,1.0,1.0,1.0,1.0,"Hypergraph(num_v=22, num_e=3)",False,-0.015297412872314474
2787,STATS,085-093-augF2-augA1,orig,0.05792069435119629,0.0806691646575927,1,3,5,3,2,9512.25,7111,192979,80138.33333333333,23718.0,40325.0,116652.0,7008.0,12502.0,9755.0,8381.5,9755.0,11128.5,1,1,3,1.1,1.0,1.0,1.0,2,2,2.0,2.0,2.0,2.0,"Hypergraph(num_v=22, num_e=3)",False,0.022748470306396415
2788,STATS,085-093-augF2-augA2,orig,0.057001352310180664,0.0774359703063964,1,3,5,3,2,9512.25,7111,192979,80138.33333333333,23718.0,40325.0,116652.0,7008.0,12502.0,9755.0,8381.5,9755.0,11128.5,1,1,3,1.1,1.0,1.0,1.0,2,2,2.0,2.0,2.0,2.0,"Hypergraph(num_v=22, num_e=3)",False,0.020434617996215737
2789,STATS,086-083,rewr,0.2075483798980713,0.1830437183380127,1,3,7,5,2,381996.36,39850,178345,106909.0,71191.0,102532.0,140438.5,163978.0,146204192.0,73184085.0,36674031.5,73184085.0,109694138.5,1,1,3,1.1428571428571428,1.0,1.0,1.0,2,2,2.0,2.0,2.0,2.0,"Hypergraph(num_v=16, num_e=3)",True,-0.024504661560058594
2790,STATS,086-083-augA1,rewr,0.22045159339904785,0.2085068225860595,1,3,7,5,2,384400.36,39850,178345,106909.0,71191.0,102532.0,140438.5,163978.0,146204192.0,73184085.0,36674031.5,73184085.0,109694138.5,1,1,3,1.1428571428571428,1.0,1.0,1.0,2,2,2.0,2.0,2.0,2.0,"Hypergraph(num_v=16, num_e=3)",False,-0.011944770812988365
2791,STATS,086-083-augA2,rewr,0.20880699157714844,0.1346485614776611,1,3,7,5,2,381996.36,39850,178345,106909.0,71191.0,102532.0,140438.5,163978.0,146204192.0,73184085.0,36674031.5,73184085.0,109694138.5,1,1,3,1.1428571428571428,1.0,1.0,1.0,2,2,2.0,2.0,2.0,2.0,"Hypergraph(num_v=16, num_e=3)",False,-0.07415843009948733
2792,STATS,086-083-augF1,orig,0.0665590763092041,0.079988956451416,1,3,7,5,2,178516.69,18062,178345,99646.33333333331,60297.0,102532.0,140438.5,74323.0,66267004.0,33170663.5,16622493.25,33170663.5,49718833.75,2,1,3,1.1428571428571428,1.0,1.0,1.0,1,1,1.0,1.0,1.0,1.0,"Hypergraph(num_v=16, num_e=3)",False,0.0134298801422119
2793,STATS,086-083-augF1-augA1,orig,0.06741666793823242,0.076930284500122,1,3,7,5,2,178516.69,18062,178345,99646.33333333331,60297.0,102532.0,140438.5,74323.0,66267004.0,33170663.5,16622493.25,33170663.5,49718833.75,2,1,3,1.1428571428571428,1.0,1.0,1.0,1,1,1.0,1.0,1.0,1.0,"Hypergraph(num_v=16, num_e=3)",False,0.009513616561889579
2794,STATS,086-083-augF1-augA2,orig,0.06809401512145996,0.0944082736968994,1,3,7,5,2,178516.69,18062,178345,99646.33333333331,60297.0,102532.0,140438.5,74323.0,66267004.0,33170663.5,16622493.25,33170663.5,49718833.75,1,1,3,1.1428571428571428,1.0,1.0,1.0,2,2,2.0,2.0,2.0,2.0,"Hypergraph(num_v=16, num_e=3)",False,0.02631425857543944
2795,STATS,086-083-augF2,rewr,0.20786356925964355,0.134831428527832,1,3,7,5,2,382668.77,39922,178345,106933.0,71227.0,102532.0,140438.5,164274.0,146468351.0,73316312.5,36740293.25,73316312.5,109892331.75,1,1,3,1.1428571428571428,1.0,1.0,1.0,2,2,2.0,2.0,2.0,2.0,"Hypergraph(num_v=16, num_e=3)",False,-0.07303214073181155
2796,STATS,086-083-augF2-augA1,rewr,0.22074198722839355,0.0962154865264892,1,3,7,5,2,385076.77,39922,178345,106933.0,71227.0,102532.0,140438.5,164274.0,146468351.0,73316312.5,36740293.25,73316312.5,109892331.75,2,1,3,1.1428571428571428,1.0,1.0,1.0,1,1,1.0,1.0,1.0,1.0,"Hypergraph(num_v=16, num_e=3)",False,-0.12452650070190435
2797,STATS,086-083-augF2-augA2,rewr,0.20926737785339355,0.1249618530273437,1,3,7,5,2,382668.77,39922,178345,106933.0,71227.0,102532.0,140438.5,164274.0,146468351.0,73316312.5,36740293.25,73316312.5,109892331.75,1,1,3,1.1428571428571428,1.0,1.0,1.0,2,2,2.0,2.0,2.0,2.0,"Hypergraph(num_v=16, num_e=3)",False,-0.08430552482604986
2798,STATS,087-022,rewr,0.17487597465515137,0.0745158195495605,1,3,6,4,2,21015.28,39908,192979,108063.0,65605.0,91302.0,142140.5,20715.0,158858.0,89786.5,55250.75,89786.5,124322.25,2,1,3,1.1,1.0,1.0,1.0,1,1,1.0,1.0,1.0,1.0,"Hypergraph(num_v=22, num_e=3)",True,-0.10036015510559086
2799,STATS,087-022-augA1,rewr,0.25997495651245117,0.0661144256591796,1,3,6,4,2,21015.28,39908,192979,108063.0,65605.0,91302.0,142140.5,20715.0,158858.0,89786.5,55250.75,89786.5,124322.25,2,1,3,1.1,1.0,1.0,1.0,1,1,1.0,1.0,1.0,1.0,"Hypergraph(num_v=22, num_e=3)",False,-0.19386053085327157
2800,STATS,087-022-augA2,rewr,0.17868709564208984,0.0825738906860351,1,3,6,4,2,21015.28,39908,192979,108063.0,65605.0,91302.0,142140.5,20715.0,158858.0,89786.5,55250.75,89786.5,124322.25,1,1,3,1.1,1.0,1.0,1.0,2,2,2.0,2.0,2.0,2.0,"Hypergraph(num_v=22, num_e=3)",False,-0.09611320495605474
2801,STATS,087-022-augF1,rewr,0.1756439208984375,0.0732619762420654,1,3,6,4,2,21096.22,39908,192979,108287.66666666669,65942.0,91976.0,142477.5,20715.0,160031.0,90373.0,55544.0,90373.0,125202.0,1,1,3,1.1,1.0,1.0,1.0,2,2,2.0,2.0,2.0,2.0,"Hypergraph(num_v=22, num_e=3)",False,-0.1023819446563721
2802,STATS,087-022-augF1-augA1,rewr,0.2707667350769043,0.0932252407073974,1,3,6,4,2,21096.22,39908,192979,108287.66666666669,65942.0,91976.0,142477.5,20715.0,160031.0,90373.0,55544.0,90373.0,125202.0,2,1,3,1.1,1.0,1.0,1.0,1,1,1.0,1.0,1.0,1.0,"Hypergraph(num_v=22, num_e=3)",False,-0.1775414943695069
2803,STATS,087-022-augF1-augA2,rewr,0.1843862533569336,0.0999743938446044,1,3,6,4,2,21096.22,39908,192979,108287.66666666669,65942.0,91976.0,142477.5,20715.0,160031.0,90373.0,55544.0,90373.0,125202.0,1,1,3,1.1,1.0,1.0,1.0,2,2,2.0,2.0,2.0,2.0,"Hypergraph(num_v=22, num_e=3)",False,-0.0844118595123292
2804,STATS,087-022-augF2,rewr,0.04039645195007324,0.0394551753997802,1,3,6,4,2,10807.99,1165,192979,78017.33333333333,20536.5,39908.0,116443.5,2027.0,20715.0,11371.0,6699.0,11371.0,16043.0,2,1,3,1.1,1.0,1.0,1.0,1,1,1.0,1.0,1.0,1.0,"Hypergraph(num_v=22, num_e=3)",False,-0.0009412765502930451
2805,STATS,087-022-augF2-augA1,orig,0.0411679744720459,0.0549781322479248,1,3,6,4,2,10807.99,1165,192979,78017.33333333333,20536.5,39908.0,116443.5,2027.0,20715.0,11371.0,6699.0,11371.0,16043.0,2,1,3,1.1,1.0,1.0,1.0,1,1,1.0,1.0,1.0,1.0,"Hypergraph(num_v=22, num_e=3)",False,0.0138101577758789
2806,STATS,087-022-augF2-augA2,orig,0.04040884971618652,0.0786948204040527,1,3,6,4,2,10807.99,1165,192979,78017.33333333333,20536.5,39908.0,116443.5,2027.0,20715.0,11371.0,6699.0,11371.0,16043.0,1,1,3,1.1,1.0,1.0,1.0,2,2,2.0,2.0,2.0,2.0,"Hypergraph(num_v=22, num_e=3)",False,0.03828597068786618
2807,STATS,088-102,rewr,0.24149274826049805,0.1424536705017089,1,4,7,4,3,22403.65,40325,192979,88810.5,41819.75,60969.0,107959.75,79620.0,3127249.0,1098552.6666666667,84204.5,88789.0,1608019.0,2,1,3,1.1363636363636365,1.0,1.0,1.0,1,2,1.5,1.5,1.25,1.75,"Hypergraph(num_v=25, num_e=4)",True,-0.09903907775878915
2808,STATS,088-102-augA1,rewr,0.24631857872009277,0.1777701377868652,1,4,7,4,3,22403.65,40325,192979,88810.5,41819.75,60969.0,107959.75,79620.0,3127249.0,1098552.6666666667,84204.5,88789.0,1608019.0,1,1,3,1.1363636363636365,1.0,1.0,1.0,3,3,3.0,3.0,3.0,3.0,"Hypergraph(num_v=25, num_e=4)",False,-0.06854844093322757
2809,STATS,088-102-augA2,rewr,0.24572467803955078,0.1742708683013916,1,4,7,4,3,22403.65,40325,192979,88810.5,41819.75,60969.0,107959.75,79620.0,3127249.0,1098552.6666666667,84204.5,88789.0,1608019.0,2,1,3,1.1363636363636365,1.0,1.0,1.0,1,2,1.5,1.5,1.25,1.75,"Hypergraph(num_v=25, num_e=4)",False,-0.07145380973815918
2810,STATS,088-102-augA3,rewr,0.24330854415893555,0.1762614250183105,1,4,7,4,3,22403.65,40325,192979,88810.5,41819.75,60969.0,107959.75,79620.0,3127249.0,1098552.6666666667,84204.5,88789.0,1608019.0,1,1,3,1.1363636363636365,1.0,1.0,1.0,3,3,3.0,3.0,3.0,3.0,"Hypergraph(num_v=25, num_e=4)",False,-0.06704711914062506
2811,STATS,088-102-augF1,rewr,0.1403038501739502,0.0759391784667968,1,4,7,4,3,13517.4,6568,192979,79873.0,31885.75,59972.5,107959.75,13781.0,485366.0,192922.3333333333,46700.5,79620.0,282493.0,2,1,3,1.1363636363636365,1.0,1.0,1.0,1,2,1.5,1.5,1.25,1.75,"Hypergraph(num_v=25, num_e=4)",False,-0.06436467170715339
2812,STATS,088-102-augF1-augA1,rewr,0.13802146911621094,0.1345345973968505,1,4,7,4,3,13517.4,6568,192979,79873.0,31885.75,59972.5,107959.75,13781.0,485366.0,192922.3333333333,46700.5,79620.0,282493.0,1,1,3,1.1363636363636365,1.0,1.0,1.0,3,3,3.0,3.0,3.0,3.0,"Hypergraph(num_v=25, num_e=4)",False,-0.003486871719360435
2813,STATS,088-102-augF1-augA2,rewr,0.1415867805480957,0.1241884231567382,1,4,7,4,3,13517.4,6568,192979,79873.0,31885.75,59972.5,107959.75,13781.0,485366.0,192922.3333333333,46700.5,79620.0,282493.0,2,1,3,1.1363636363636365,1.0,1.0,1.0,1,2,1.5,1.5,1.25,1.75,"Hypergraph(num_v=25, num_e=4)",False,-0.017398357391357505
2814,STATS,088-102-augF1-augA3,rewr,0.13971996307373047,0.1364374160766601,1,4,7,4,3,13517.4,6568,192979,79873.0,31885.75,59972.5,107959.75,13781.0,485366.0,192922.3333333333,46700.5,79620.0,282493.0,1,1,3,1.1363636363636365,1.0,1.0,1.0,3,3,3.0,3.0,3.0,3.0,"Hypergraph(num_v=25, num_e=4)",False,-0.003282546997070368
2815,STATS,088-102-augF2,rewr,0.27438879013061523,0.1436209678649902,1,4,7,4,3,22452.39,40325,192979,88859.5,41966.75,61067.0,107959.75,79620.0,3141731.0,1103517.3333333333,84410.5,89201.0,1615466.0,2,1,3,1.1363636363636365,1.0,1.0,1.0,1,2,1.5,1.5,1.25,1.75,"Hypergraph(num_v=25, num_e=4)",False,-0.13076782226562503
2816,STATS,088-102-augF2-augA1,rewr,0.2759382724761963,0.1771793365478515,1,4,7,4,3,22452.39,40325,192979,88859.5,41966.75,61067.0,107959.75,79620.0,3141731.0,1103517.3333333333,84410.5,89201.0,1615466.0,1,1,3,1.1363636363636365,1.0,1.0,1.0,3,3,3.0,3.0,3.0,3.0,"Hypergraph(num_v=25, num_e=4)",False,-0.09875893592834478
2817,STATS,088-102-augF2-augA2,rewr,0.28000664710998535,0.1785683631896972,1,4,7,4,3,22452.39,40325,192979,88859.5,41966.75,61067.0,107959.75,79620.0,3141731.0,1103517.3333333333,84410.5,89201.0,1615466.0,2,1,3,1.1363636363636365,1.0,1.0,1.0,1,2,1.5,1.5,1.25,1.75,"Hypergraph(num_v=25, num_e=4)",False,-0.10143828392028814
2818,STATS,088-102-augF2-augA3,rewr,0.27338147163391113,0.1849901676177978,1,4,7,4,3,22452.39,40325,192979,88859.5,41966.75,61067.0,107959.75,79620.0,3141731.0,1103517.3333333333,84410.5,89201.0,1615466.0,1,1,3,1.1363636363636365,1.0,1.0,1.0,3,3,3.0,3.0,3.0,3.0,"Hypergraph(num_v=25, num_e=4)",False,-0.08839130401611334
2819,STATS,089-131,rewr,0.32213377952575684,0.1510004997253418,1,5,15,11,4,118218.43,1015,176061,52832.4,8221.0,37616.0,41249.0,3518.0,36478166.0,9220899.0,115481.0,200956.0,9306374.0,2,1,5,1.1428571428571428,1.0,1.0,1.0,1,3,2.0,2.0,1.5,2.5,"Hypergraph(num_v=32, num_e=5)",True,-0.17113327980041504
2820,STATS,089-131-augA1,rewr,0.31203579902648926,0.2115049362182617,1,5,15,11,4,118218.43,1015,176061,52832.4,8221.0,37616.0,41249.0,3518.0,36478166.0,9220899.0,115481.0,200956.0,9306374.0,1,1,5,1.1428571428571428,1.0,1.0,1.0,4,4,4.0,4.0,4.0,4.0,"Hypergraph(num_v=32, num_e=5)",False,-0.10053086280822757
2821,STATS,089-131-augA2,rewr,0.30318617820739746,0.1107370853424072,1,5,15,11,4,118218.43,1015,176061,52832.4,8221.0,37616.0,41249.0,3518.0,36478166.0,9220899.0,115481.0,200956.0,9306374.0,2,1,5,1.1428571428571428,1.0,1.0,1.0,1,3,2.0,2.0,1.5,2.5,"Hypergraph(num_v=32, num_e=5)",False,-0.19244909286499026
2822,STATS,089-131-augA3,rewr,0.3291795253753662,0.2691247463226318,1,5,15,11,4,118218.43,1015,176061,52832.4,8221.0,37616.0,41249.0,3518.0,36478166.0,9220899.0,115481.0,200956.0,9306374.0,2,1,5,1.1428571428571428,1.0,1.0,1.0,1,3,2.0,2.0,1.5,2.5,"Hypergraph(num_v=32, num_e=5)",False,-0.06005477905273443
2823,STATS,089-131-augA4,rewr,0.3151741027832031,0.2118701934814453,1,5,15,11,4,118218.43,1015,176061,52832.4,8221.0,37616.0,41249.0,3518.0,36478166.0,9220899.0,115481.0,200956.0,9306374.0,1,1,5,1.1428571428571428,1.0,1.0,1.0,4,4,4.0,4.0,4.0,4.0,"Hypergraph(num_v=32, num_e=5)",False,-0.10330390930175781
2824,STATS,089-131-augF1,rewr,0.2973601818084717,0.2336509227752685,1,5,15,11,4,118423.24,1015,176061,52850.2,8221.0,37616.0,41338.0,3525.0,36556879.0,9240713.5,115482.75,201225.0,9326455.75,2,1,5,1.1428571428571428,1.0,1.0,1.0,1,3,2.0,2.0,1.5,2.5,"Hypergraph(num_v=32, num_e=5)",False,-0.06370925903320318
2825,STATS,089-131-augF1-augA1,rewr,0.30512261390686035,0.1494128704071045,1,5,15,11,4,118423.24,1015,176061,52850.2,8221.0,37616.0,41338.0,3525.0,36556879.0,9240713.5,115482.75,201225.0,9326455.75,2,1,5,1.1428571428571428,1.0,1.0,1.0,1,3,2.0,2.0,1.5,2.5,"Hypergraph(num_v=32, num_e=5)",False,-0.15570974349975586
2826,STATS,089-131-augF1-augA2,rewr,0.32520008087158203,0.1050918102264404,1,5,15,11,4,118423.24,1015,176061,52850.2,8221.0,37616.0,41338.0,3525.0,36556879.0,9240713.5,115482.75,201225.0,9326455.75,2,1,5,1.1428571428571428,1.0,1.0,1.0,1,3,2.0,2.0,1.5,2.5,"Hypergraph(num_v=32, num_e=5)",False,-0.22010827064514163
2827,STATS,089-131-augF1-augA3,rewr,0.29697585105895996,0.1587321758270263,1,5,15,11,4,118423.24,1015,176061,52850.2,8221.0,37616.0,41338.0,3525.0,36556879.0,9240713.5,115482.75,201225.0,9326455.75,2,1,5,1.1428571428571428,1.0,1.0,1.0,1,3,2.0,2.0,1.5,2.5,"Hypergraph(num_v=32, num_e=5)",False,-0.13824367523193365
2828,STATS,089-131-augF1-augA4,rewr,0.32018542289733887,0.2457332611083984,1,5,15,11,4,118423.24,1015,176061,52850.2,8221.0,37616.0,41338.0,3525.0,36556879.0,9240713.5,115482.75,201225.0,9326455.75,1,1,5,1.1428571428571428,1.0,1.0,1.0,4,4,4.0,4.0,4.0,4.0,"Hypergraph(num_v=32, num_e=5)",False,-0.07445216178894046
2829,STATS,089-131-augF2,rewr,0.21699786186218262,0.1376454830169677,1,5,15,11,4,63666.77,442,176061,52717.8,8221.0,37616.0,41249.0,1531.0,15872018.0,4033685.25,81675.25,130596.0,4082606.0,2,1,5,1.1428571428571428,1.0,1.0,1.0,1,3,2.0,2.0,1.5,2.5,"Hypergraph(num_v=32, num_e=5)",False,-0.07935237884521493
2830,STATS,089-131-augF2-augA1,rewr,0.22545671463012695,0.1003274917602539,1,5,15,11,4,63666.77,442,176061,52717.8,8221.0,37616.0,41249.0,1531.0,15872018.0,4033685.25,81675.25,130596.0,4082606.0,2,1,5,1.1428571428571428,1.0,1.0,1.0,1,3,2.0,2.0,1.5,2.5,"Hypergraph(num_v=32, num_e=5)",False,-0.12512922286987305
2831,STATS,089-131-augF2-augA2,rewr,0.23526573181152344,0.1149768829345703,1,5,15,11,4,63666.77,442,176061,52717.8,8221.0,37616.0,41249.0,1531.0,15872018.0,4033685.25,81675.25,130596.0,4082606.0,2,1,5,1.1428571428571428,1.0,1.0,1.0,1,3,2.0,2.0,1.5,2.5,"Hypergraph(num_v=32, num_e=5)",False,-0.12028884887695314
2832,STATS,089-131-augF2-augA3,orig,0.2188558578491211,0.2961387634277344,1,5,15,11,4,63666.77,442,176061,52717.8,8221.0,37616.0,41249.0,1531.0,15872018.0,4033685.25,81675.25,130596.0,4082606.0,2,1,5,1.1428571428571428,1.0,1.0,1.0,1,3,2.0,2.0,1.5,2.5,"Hypergraph(num_v=32, num_e=5)",False,0.07728290557861328
2833,STATS,089-131-augF2-augA4,rewr,0.20763182640075684,0.1974434852600097,1,5,15,11,4,63666.77,442,176061,52717.8,8221.0,37616.0,41249.0,1531.0,15872018.0,4033685.25,81675.25,130596.0,4082606.0,1,1,5,1.1428571428571428,1.0,1.0,1.0,4,4,4.0,4.0,4.0,4.0,"Hypergraph(num_v=32, num_e=5)",False,-0.010188341140747126
2834,STATS,090-079,rewr,0.3506326675415039,0.2630956172943115,1,6,12,7,5,27749.8,5818,191488,95647.83333333331,49179.25,79582.5,153674.0,5029.0,1974312.0,426598.8,17798.0,58671.0,77184.0,2,1,4,1.1666666666666667,1.0,1.0,1.0,1,4,2.5,2.5,1.75,3.25,"Hypergraph(num_v=35, num_e=6)",True,-0.08753705024719238
2835,STATS,090-079-augA1,rewr,0.3486597537994385,0.2882351875305176,1,6,12,7,5,27749.8,5818,191488,95647.83333333331,49179.25,79582.5,153674.0,5029.0,1974312.0,426598.8,17798.0,58671.0,77184.0,1,1,4,1.1666666666666667,1.0,1.0,1.0,5,5,5.0,5.0,5.0,5.0,"Hypergraph(num_v=35, num_e=6)",False,-0.0604245662689209
2836,STATS,090-079-augA2,rewr,0.34642720222473145,0.2262437343597412,1,6,12,7,5,27749.8,5818,191488,95647.83333333331,49179.25,79582.5,153674.0,5029.0,1974312.0,426598.8,17798.0,58671.0,77184.0,2,1,4,1.1666666666666667,1.0,1.0,1.0,1,4,2.5,2.5,1.75,3.25,"Hypergraph(num_v=35, num_e=6)",False,-0.12018346786499023
2837,STATS,090-079-augA3,rewr,0.35149407386779785,0.2191359996795654,1,6,12,7,5,27749.8,5818,191488,95647.83333333331,49179.25,79582.5,153674.0,5029.0,1974312.0,426598.8,17798.0,58671.0,77184.0,2,1,4,1.1666666666666667,1.0,1.0,1.0,1,4,2.5,2.5,1.75,3.25,"Hypergraph(num_v=35, num_e=6)",False,-0.13235807418823245
2838,STATS,090-079-augA4,rewr,0.3454151153564453,0.2675647735595703,1,6,12,7,5,27749.8,5818,191488,95647.83333333331,49179.25,79582.5,153674.0,5029.0,1974312.0,426598.8,17798.0,58671.0,77184.0,2,1,4,1.1666666666666667,1.0,1.0,1.0,1,4,2.5,2.5,1.75,3.25,"Hypergraph(num_v=35, num_e=6)",False,-0.077850341796875
2839,STATS,090-079-augA5,rewr,0.34065961837768555,0.2830843925476074,1,6,12,7,5,27749.8,5818,191488,95647.83333333331,49179.25,79582.5,153674.0,5029.0,1974312.0,426598.8,17798.0,58671.0,77184.0,1,1,4,1.1666666666666667,1.0,1.0,1.0,5,5,5.0,5.0,5.0,5.0,"Hypergraph(num_v=35, num_e=6)",False,-0.057575225830078125
2840,STATS,090-079-augF1,rewr,0.3600771427154541,0.2627246379852295,1,6,12,7,5,27813.95,5870,191488,95656.5,49179.25,79582.5,153674.0,5074.0,1992028.0,430288.6,17959.0,59198.0,77184.0,2,1,4,1.1666666666666667,1.0,1.0,1.0,1,4,2.5,2.5,1.75,3.25,"Hypergraph(num_v=35, num_e=6)",False,-0.09735250473022461
2841,STATS,090-079-augF1-augA1,rewr,0.3598771095275879,0.2804040908813476,1,6,12,7,5,27813.95,5870,191488,95656.5,49179.25,79582.5,153674.0,5074.0,1992028.0,430288.6,17959.0,59198.0,77184.0,1,1,4,1.1666666666666667,1.0,1.0,1.0,5,5,5.0,5.0,5.0,5.0,"Hypergraph(num_v=35, num_e=6)",False,-0.07947301864624029
2842,STATS,090-079-augF1-augA2,rewr,0.3573458194732666,0.2208857536315918,1,6,12,7,5,27813.95,5870,191488,95656.5,49179.25,79582.5,153674.0,5074.0,1992028.0,430288.6,17959.0,59198.0,77184.0,2,1,4,1.1666666666666667,1.0,1.0,1.0,1,4,2.5,2.5,1.75,3.25,"Hypergraph(num_v=35, num_e=6)",False,-0.1364600658416748
2843,STATS,090-079-augF1-augA3,rewr,0.3608264923095703,0.2142558097839355,1,6,12,7,5,27813.95,5870,191488,95656.5,49179.25,79582.5,153674.0,5074.0,1992028.0,430288.6,17959.0,59198.0,77184.0,2,1,4,1.1666666666666667,1.0,1.0,1.0,1,4,2.5,2.5,1.75,3.25,"Hypergraph(num_v=35, num_e=6)",False,-0.14657068252563482
2844,STATS,090-079-augF1-augA4,rewr,0.35425305366516113,0.2710332870483398,1,6,12,7,5,27813.95,5870,191488,95656.5,49179.25,79582.5,153674.0,5074.0,1992028.0,430288.6,17959.0,59198.0,77184.0,2,1,4,1.1666666666666667,1.0,1.0,1.0,1,4,2.5,2.5,1.75,3.25,"Hypergraph(num_v=35, num_e=6)",False,-0.08321976661682134
2845,STATS,090-079-augF1-augA5,rewr,0.3523828983306885,0.2809240818023681,1,6,12,7,5,27813.95,5870,191488,95656.5,49179.25,79582.5,153674.0,5074.0,1992028.0,430288.6,17959.0,59198.0,77184.0,1,1,4,1.1666666666666667,1.0,1.0,1.0,5,5,5.0,5.0,5.0,5.0,"Hypergraph(num_v=35, num_e=6)",False,-0.07145881652832037
2846,STATS,090-079-augF2,orig,0.18063592910766602,0.2379353046417236,1,6,12,7,5,23236.93,5818,191488,91727.33333333331,31537.0,79582.5,153674.0,5029.0,785662.0,179575.0,17798.0,30715.0,58671.0,2,1,4,1.1666666666666667,1.0,1.0,1.0,1,4,2.5,2.5,1.75,3.25,"Hypergraph(num_v=35, num_e=6)",False,0.05729937553405759
2847,STATS,090-079-augF2-augA1,orig,0.1813979148864746,0.2918436527252197,1,6,12,7,5,23236.93,5818,191488,91727.33333333331,31537.0,79582.5,153674.0,5029.0,785662.0,179575.0,17798.0,30715.0,58671.0,1,1,4,1.1666666666666667,1.0,1.0,1.0,5,5,5.0,5.0,5.0,5.0,"Hypergraph(num_v=35, num_e=6)",False,0.11044573783874512
2848,STATS,090-079-augF2-augA2,orig,0.17717409133911133,0.2137942314147949,1,6,12,7,5,23236.93,5818,191488,91727.33333333331,31537.0,79582.5,153674.0,5029.0,785662.0,179575.0,17798.0,30715.0,58671.0,2,1,4,1.1666666666666667,1.0,1.0,1.0,1,4,2.5,2.5,1.75,3.25,"Hypergraph(num_v=35, num_e=6)",False,0.036620140075683566
2849,STATS,090-079-augF2-augA3,orig,0.18377065658569336,0.194122314453125,1,6,12,7,5,23236.93,5818,191488,91727.33333333331,31537.0,79582.5,153674.0,5029.0,785662.0,179575.0,17798.0,30715.0,58671.0,2,1,4,1.1666666666666667,1.0,1.0,1.0,1,4,2.5,2.5,1.75,3.25,"Hypergraph(num_v=35, num_e=6)",False,0.01035165786743164
2850,STATS,090-079-augF2-augA4,orig,0.1727278232574463,0.2643816471099853,1,6,12,7,5,23236.93,5818,191488,91727.33333333331,31537.0,79582.5,153674.0,5029.0,785662.0,179575.0,17798.0,30715.0,58671.0,2,1,4,1.1666666666666667,1.0,1.0,1.0,1,4,2.5,2.5,1.75,3.25,"Hypergraph(num_v=35, num_e=6)",False,0.09165382385253901
2851,STATS,090-079-augF2-augA5,orig,0.17197346687316895,0.2786133289337158,1,6,12,7,5,23236.93,5818,191488,91727.33333333331,31537.0,79582.5,153674.0,5029.0,785662.0,179575.0,17798.0,30715.0,58671.0,1,1,4,1.1666666666666667,1.0,1.0,1.0,5,5,5.0,5.0,5.0,5.0,"Hypergraph(num_v=35, num_e=6)",False,0.10663986206054688
2852,STATS,091-035,rewr,0.23493552207946777,0.0670778751373291,1,4,9,6,3,18269.75,1,79851,40094.0,765.25,40262.0,79590.75,103.0,2284694.0,761689.3333333334,187.0,271.0,1142482.5,2,1,4,1.1764705882352942,1.0,1.0,1.0,1,2,1.5,1.5,1.25,1.75,"Hypergraph(num_v=20, num_e=4)",True,-0.16785764694213867
2853,STATS,091-035-augA1,rewr,0.23707151412963867,0.0929443836212158,1,4,9,6,3,18269.75,1,79851,40094.0,765.25,40262.0,79590.75,103.0,2284694.0,761689.3333333334,187.0,271.0,1142482.5,1,1,4,1.1764705882352942,1.0,1.0,1.0,3,3,3.0,3.0,3.0,3.0,"Hypergraph(num_v=20, num_e=4)",False,-0.14412713050842285
2854,STATS,091-035-augA2,rewr,0.24117040634155273,0.0813601016998291,1,4,9,6,3,18269.75,1,79851,40094.0,765.25,40262.0,79590.75,103.0,2284694.0,761689.3333333334,187.0,271.0,1142482.5,2,1,4,1.1764705882352942,1.0,1.0,1.0,1,2,1.5,1.5,1.25,1.75,"Hypergraph(num_v=20, num_e=4)",False,-0.15981030464172363
2855,STATS,091-035-augA3,rewr,0.23635268211364746,0.126155138015747,1,4,9,6,3,18269.75,1,79851,40094.0,765.25,40262.0,79590.75,103.0,2284694.0,761689.3333333334,187.0,271.0,1142482.5,1,1,4,1.1764705882352942,1.0,1.0,1.0,3,3,3.0,3.0,3.0,3.0,"Hypergraph(num_v=20, num_e=4)",False,-0.11019754409790047
2856,STATS,091-035-augF1,rewr,0.2852449417114258,0.0717451572418212,1,4,9,6,3,18393.17,1,79851,40094.0,765.25,40262.0,79590.75,105.0,2333546.0,777976.0,191.0,277.0,1166911.5,2,1,4,1.1764705882352942,1.0,1.0,1.0,1,2,1.5,1.5,1.25,1.75,"Hypergraph(num_v=20, num_e=4)",False,-0.21349978446960458
2857,STATS,091-035-augF1-augA1,rewr,0.2867624759674072,0.1063385009765625,1,4,9,6,3,18393.17,1,79851,40094.0,765.25,40262.0,79590.75,105.0,2333546.0,777976.0,191.0,277.0,1166911.5,2,1,4,1.1764705882352942,1.0,1.0,1.0,1,2,1.5,1.5,1.25,1.75,"Hypergraph(num_v=20, num_e=4)",False,-0.18042397499084473
2858,STATS,091-035-augF1-augA2,rewr,0.29152655601501465,0.1253449916839599,1,4,9,6,3,18393.17,1,79851,40094.0,765.25,40262.0,79590.75,105.0,2333546.0,777976.0,191.0,277.0,1166911.5,2,1,4,1.1764705882352942,1.0,1.0,1.0,1,2,1.5,1.5,1.25,1.75,"Hypergraph(num_v=20, num_e=4)",False,-0.16618156433105474
2859,STATS,091-035-augF1-augA3,rewr,0.2838122844696045,0.0926620960235595,1,4,9,6,3,18393.17,1,79851,40094.0,765.25,40262.0,79590.75,105.0,2333546.0,777976.0,191.0,277.0,1166911.5,1,1,4,1.1764705882352942,1.0,1.0,1.0,3,3,3.0,3.0,3.0,3.0,"Hypergraph(num_v=20, num_e=4)",False,-0.19115018844604498
2860,STATS,091-035-augF2,rewr,0.08565354347229004,0.06852388381958,1,4,9,6,3,18247.24,1,79851,40094.0,765.25,40262.0,79590.75,103.0,2275701.0,758691.3333333334,186.5,270.0,1137985.5,2,1,4,1.1764705882352942,1.0,1.0,1.0,1,2,1.5,1.5,1.25,1.75,"Hypergraph(num_v=20, num_e=4)",False,-0.017129659652710044
2861,STATS,091-035-augF2-augA1,orig,0.08579134941101074,0.0921080112457275,1,4,9,6,3,18247.24,1,79851,40094.0,765.25,40262.0,79590.75,103.0,2275701.0,758691.3333333334,186.5,270.0,1137985.5,1,1,4,1.1764705882352942,1.0,1.0,1.0,3,3,3.0,3.0,3.0,3.0,"Hypergraph(num_v=20, num_e=4)",False,0.006316661834716755
2862,STATS,091-035-augF2-augA2,orig,0.08902955055236816,0.1027419567108154,1,4,9,6,3,18247.24,1,79851,40094.0,765.25,40262.0,79590.75,103.0,2275701.0,758691.3333333334,186.5,270.0,1137985.5,2,1,4,1.1764705882352942,1.0,1.0,1.0,1,2,1.5,1.5,1.25,1.75,"Hypergraph(num_v=20, num_e=4)",False,0.013712406158447238
2863,STATS,091-035-augF2-augA3,orig,0.08594202995300293,0.0924572944641113,1,4,9,6,3,18247.24,1,79851,40094.0,765.25,40262.0,79590.75,103.0,2275701.0,758691.3333333334,186.5,270.0,1137985.5,1,1,4,1.1764705882352942,1.0,1.0,1.0,3,3,3.0,3.0,3.0,3.0,"Hypergraph(num_v=20, num_e=4)",False,0.006515264511108371
2864,STATS,092-103,rewr,0.2853577136993408,0.1032009124755859,1,4,9,6,3,92154.68,39889,192979,88800.75,41835.25,61167.5,108133.0,20705.0,24060801.0,8194308.333333333,261062.0,501419.0,12281110.0,2,1,4,1.1363636363636365,1.0,1.0,1.0,1,2,1.5,1.5,1.25,1.75,"Hypergraph(num_v=25, num_e=4)",True,-0.18215680122375494
2865,STATS,092-103-augA1,rewr,0.32265281677246094,0.1595861911773681,1,4,9,6,3,92154.68,39889,192979,88800.75,41835.25,61167.5,108133.0,20705.0,24060801.0,8194308.333333333,261062.0,501419.0,12281110.0,1,1,4,1.1363636363636365,1.0,1.0,1.0,3,3,3.0,3.0,3.0,3.0,"Hypergraph(num_v=25, num_e=4)",False,-0.16306662559509283
2866,STATS,092-103-augA2,rewr,0.3241276741027832,0.1158423423767089,1,4,9,6,3,92154.68,39889,192979,88800.75,41835.25,61167.5,108133.0,20705.0,24060801.0,8194308.333333333,261062.0,501419.0,12281110.0,2,1,4,1.1363636363636365,1.0,1.0,1.0,1,2,1.5,1.5,1.25,1.75,"Hypergraph(num_v=25, num_e=4)",False,-0.2082853317260743
2867,STATS,092-103-augA3,rewr,0.29555511474609375,0.1113500595092773,1,4,9,6,3,92154.68,39889,192979,88800.75,41835.25,61167.5,108133.0,20705.0,24060801.0,8194308.333333333,261062.0,501419.0,12281110.0,1,1,4,1.1363636363636365,1.0,1.0,1.0,3,3,3.0,3.0,3.0,3.0,"Hypergraph(num_v=25, num_e=4)",False,-0.18420505523681646
2868,STATS,092-103-augF1,rewr,0.2952418327331543,0.0991859436035156,1,4,9,6,3,92360.05,39889,192979,88831.25,41926.75,61228.5,108133.0,20705.0,24129882.0,8217335.333333333,261062.0,501419.0,12315650.5,2,1,4,1.1363636363636365,1.0,1.0,1.0,1,2,1.5,1.5,1.25,1.75,"Hypergraph(num_v=25, num_e=4)",False,-0.1960558891296387
2869,STATS,092-103-augF1-augA1,rewr,0.3195827007293701,0.13922119140625,1,4,9,6,3,92360.05,39889,192979,88831.25,41926.75,61228.5,108133.0,20705.0,24129882.0,8217335.333333333,261062.0,501419.0,12315650.5,2,1,4,1.1363636363636365,1.0,1.0,1.0,1,2,1.5,1.5,1.25,1.75,"Hypergraph(num_v=25, num_e=4)",False,-0.18036150932312012
2870,STATS,092-103-augF1-augA2,rewr,0.32616090774536133,0.1326117515563964,1,4,9,6,3,92360.05,39889,192979,88831.25,41926.75,61228.5,108133.0,20705.0,24129882.0,8217335.333333333,261062.0,501419.0,12315650.5,1,1,4,1.1363636363636365,1.0,1.0,1.0,3,3,3.0,3.0,3.0,3.0,"Hypergraph(num_v=25, num_e=4)",False,-0.19354915618896493
2871,STATS,092-103-augF1-augA3,rewr,0.2924613952636719,0.1337027549743652,1,4,9,6,3,92360.05,39889,192979,88831.25,41926.75,61228.5,108133.0,20705.0,24129882.0,8217335.333333333,261062.0,501419.0,12315650.5,1,1,4,1.1363636363636365,1.0,1.0,1.0,3,3,3.0,3.0,3.0,3.0,"Hypergraph(num_v=25, num_e=4)",False,-0.15875864028930667
2872,STATS,092-103-augF2,rewr,0.2693755626678467,0.1080210208892822,1,4,9,6,3,43562.03,12890,192979,82051.0,35085.5,61167.5,108133.0,6691.0,7775169.0,2647964.0,84361.5,162032.0,3968600.5,2,1,4,1.1363636363636365,1.0,1.0,1.0,1,2,1.5,1.5,1.25,1.75,"Hypergraph(num_v=25, num_e=4)",False,-0.16135454177856448
2873,STATS,092-103-augF2-augA1,rewr,0.2898268699645996,0.0978069305419921,1,4,9,6,3,43562.03,12890,192979,82051.0,35085.5,61167.5,108133.0,6691.0,7775169.0,2647964.0,84361.5,162032.0,3968600.5,2,1,4,1.1363636363636365,1.0,1.0,1.0,1,2,1.5,1.5,1.25,1.75,"Hypergraph(num_v=25, num_e=4)",False,-0.1920199394226075
2874,STATS,092-103-augF2-augA2,rewr,0.3144960403442383,0.146167516708374,1,4,9,6,3,43562.03,12890,192979,82051.0,35085.5,61167.5,108133.0,6691.0,7775169.0,2647964.0,84361.5,162032.0,3968600.5,1,1,4,1.1363636363636365,1.0,1.0,1.0,3,3,3.0,3.0,3.0,3.0,"Hypergraph(num_v=25, num_e=4)",False,-0.16832852363586429
2875,STATS,092-103-augF2-augA3,rewr,0.276092529296875,0.1263985633850097,1,4,9,6,3,43562.03,12890,192979,82051.0,35085.5,61167.5,108133.0,6691.0,7775169.0,2647964.0,84361.5,162032.0,3968600.5,1,1,4,1.1363636363636365,1.0,1.0,1.0,3,3,3.0,3.0,3.0,3.0,"Hypergraph(num_v=25, num_e=4)",False,-0.1496939659118653
2876,STATS,093-075,rewr,0.5130517482757568,0.3163292407989502,1,6,16,11,5,42778.84,17697,192979,97770.5,48750.75,79488.0,153721.5,15224.0,5968992.0,1257977.2,50184.0,76487.0,178999.0,2,1,4,1.1666666666666667,1.0,1.0,1.0,1,4,2.5,2.5,1.75,3.25,"Hypergraph(num_v=35, num_e=6)",True,-0.19672250747680664
2877,STATS,093-075-augA1,rewr,0.5181832313537598,0.3132507801055908,1,6,16,11,5,42778.84,17697,192979,97770.5,48750.75,79488.0,153721.5,15224.0,5968992.0,1257977.2,50184.0,76487.0,178999.0,1,1,4,1.1666666666666667,1.0,1.0,1.0,5,5,5.0,5.0,5.0,5.0,"Hypergraph(num_v=35, num_e=6)",False,-0.20493245124816895
2878,STATS,093-075-augA2,rewr,0.515601634979248,0.2779526710510254,1,6,16,11,5,42778.84,17697,192979,97770.5,48750.75,79488.0,153721.5,15224.0,5968992.0,1257977.2,50184.0,76487.0,178999.0,2,1,4,1.1666666666666667,1.0,1.0,1.0,1,4,2.5,2.5,1.75,3.25,"Hypergraph(num_v=35, num_e=6)",False,-0.23764896392822266
2879,STATS,093-075-augA3,rewr,0.5075266361236572,0.2764511108398437,1,6,16,11,5,42778.84,17697,192979,97770.5,48750.75,79488.0,153721.5,15224.0,5968992.0,1257977.2,50184.0,76487.0,178999.0,2,1,4,1.1666666666666667,1.0,1.0,1.0,1,4,2.5,2.5,1.75,3.25,"Hypergraph(num_v=35, num_e=6)",False,-0.23107552528381353
2880,STATS,093-075-augA4,rewr,0.5075066089630127,0.3050215244293213,1,6,16,11,5,42778.84,17697,192979,97770.5,48750.75,79488.0,153721.5,15224.0,5968992.0,1257977.2,50184.0,76487.0,178999.0,2,1,4,1.1666666666666667,1.0,1.0,1.0,1,4,2.5,2.5,1.75,3.25,"Hypergraph(num_v=35, num_e=6)",False,-0.2024850845336914
2881,STATS,093-075-augA5,rewr,0.5040819644927979,0.3126165866851806,1,6,16,11,5,42778.84,17697,192979,97770.5,48750.75,79488.0,153721.5,15224.0,5968992.0,1257977.2,50184.0,76487.0,178999.0,1,1,4,1.1666666666666667,1.0,1.0,1.0,5,5,5.0,5.0,5.0,5.0,"Hypergraph(num_v=35, num_e=6)",False,-0.19146537780761724
2882,STATS,093-075-augF1,orig,0.05628395080566406,0.2204174995422363,1,6,16,11,5,19508.59,1,192979,88392.0,19819.5,79488.0,153721.5,107.0,29379.0,6198.8,158.0,518.0,832.0,2,1,4,1.1666666666666667,1.0,1.0,1.0,1,4,2.5,2.5,1.75,3.25,"Hypergraph(num_v=35, num_e=6)",False,0.16413354873657224
2883,STATS,093-075-augF1-augA1,orig,0.057669878005981445,0.2534644603729248,1,6,16,11,5,19508.59,1,192979,88392.0,19819.5,79488.0,153721.5,107.0,29379.0,6198.8,158.0,518.0,832.0,1,1,4,1.1666666666666667,1.0,1.0,1.0,5,5,5.0,5.0,5.0,5.0,"Hypergraph(num_v=35, num_e=6)",False,0.19579458236694336
2884,STATS,093-075-augF1-augA2,orig,0.0561375617980957,0.1873872280120849,1,6,16,11,5,19508.59,1,192979,88392.0,19819.5,79488.0,153721.5,107.0,29379.0,6198.8,158.0,518.0,832.0,2,1,4,1.1666666666666667,1.0,1.0,1.0,1,4,2.5,2.5,1.75,3.25,"Hypergraph(num_v=35, num_e=6)",False,0.1312496662139892
2885,STATS,093-075-augF1-augA3,orig,0.05700063705444336,0.1884407997131347,1,6,16,11,5,19508.59,1,192979,88392.0,19819.5,79488.0,153721.5,107.0,29379.0,6198.8,158.0,518.0,832.0,2,1,4,1.1666666666666667,1.0,1.0,1.0,1,4,2.5,2.5,1.75,3.25,"Hypergraph(num_v=35, num_e=6)",False,0.13144016265869135
2886,STATS,093-075-augF1-augA4,orig,0.057114362716674805,0.2349894046783447,1,6,16,11,5,19508.59,1,192979,88392.0,19819.5,79488.0,153721.5,107.0,29379.0,6198.8,158.0,518.0,832.0,2,1,4,1.1666666666666667,1.0,1.0,1.0,1,4,2.5,2.5,1.75,3.25,"Hypergraph(num_v=35, num_e=6)",False,0.1778750419616699
2887,STATS,093-075-augF1-augA5,orig,0.05746197700500488,0.2486417293548584,1,6,16,11,5,19508.59,1,192979,88392.0,19819.5,79488.0,153721.5,107.0,29379.0,6198.8,158.0,518.0,832.0,1,1,4,1.1666666666666667,1.0,1.0,1.0,5,5,5.0,5.0,5.0,5.0,"Hypergraph(num_v=35, num_e=6)",False,0.19117975234985352
2888,STATS,093-075-augF2,rewr,0.5146565437316895,0.3083443641662597,1,6,16,11,5,42880.63,17697,192979,97832.33333333331,48843.5,79673.5,153721.5,15296.0,5997199.0,1263849.6,50421.0,76487.0,179845.0,2,1,4,1.1666666666666667,1.0,1.0,1.0,1,4,2.5,2.5,1.75,3.25,"Hypergraph(num_v=35, num_e=6)",False,-0.20631217956542974
2889,STATS,093-075-augF2-augA1,rewr,0.5168709754943848,0.3412656784057617,1,6,16,11,5,42880.63,17697,192979,97832.33333333331,48843.5,79673.5,153721.5,15296.0,5997199.0,1263849.6,50421.0,76487.0,179845.0,1,1,4,1.1666666666666667,1.0,1.0,1.0,5,5,5.0,5.0,5.0,5.0,"Hypergraph(num_v=35, num_e=6)",False,-0.17560529708862305
2890,STATS,093-075-augF2-augA2,rewr,0.5175385475158691,0.2541601657867431,1,6,16,11,5,42880.63,17697,192979,97832.33333333331,48843.5,79673.5,153721.5,15296.0,5997199.0,1263849.6,50421.0,76487.0,179845.0,2,1,4,1.1666666666666667,1.0,1.0,1.0,1,4,2.5,2.5,1.75,3.25,"Hypergraph(num_v=35, num_e=6)",False,-0.26337838172912603
2891,STATS,093-075-augF2-augA3,rewr,0.5101099014282227,0.2955207824707031,1,6,16,11,5,42880.63,17697,192979,97832.33333333331,48843.5,79673.5,153721.5,15296.0,5997199.0,1263849.6,50421.0,76487.0,179845.0,2,1,4,1.1666666666666667,1.0,1.0,1.0,1,4,2.5,2.5,1.75,3.25,"Hypergraph(num_v=35, num_e=6)",False,-0.21458911895751953
2892,STATS,093-075-augF2-augA4,rewr,0.5136916637420654,0.2991020679473877,1,6,16,11,5,42880.63,17697,192979,97832.33333333331,48843.5,79673.5,153721.5,15296.0,5997199.0,1263849.6,50421.0,76487.0,179845.0,2,1,4,1.1666666666666667,1.0,1.0,1.0,1,4,2.5,2.5,1.75,3.25,"Hypergraph(num_v=35, num_e=6)",False,-0.21458959579467773
2893,STATS,093-075-augF2-augA5,rewr,0.5039479732513428,0.3233747482299804,1,6,16,11,5,42880.63,17697,192979,97832.33333333331,48843.5,79673.5,153721.5,15296.0,5997199.0,1263849.6,50421.0,76487.0,179845.0,1,1,4,1.1666666666666667,1.0,1.0,1.0,5,5,5.0,5.0,5.0,5.0,"Hypergraph(num_v=35, num_e=6)",False,-0.18057322502136236
2894,STATS,094-091,rewr,0.35882568359375,0.0996599197387695,1,3,7,5,2,112424.64,40125,176122,102420.66666666669,65570.0,91015.0,133568.5,163051.0,28938936.0,14550993.5,7357022.25,14550993.5,21744964.75,2,1,3,1.105263157894737,1.0,1.0,1.0,1,1,1.0,1.0,1.0,1.0,"Hypergraph(num_v=21, num_e=3)",True,-0.25916576385498047
2895,STATS,094-091-augA1,rewr,0.5018653869628906,0.1490406990051269,1,3,7,5,2,111864.64,40125,176122,102420.66666666669,65570.0,91015.0,133568.5,163051.0,28938936.0,14550993.5,7357022.25,14550993.5,21744964.75,1,1,3,1.105263157894737,1.0,1.0,1.0,2,2,2.0,2.0,2.0,2.0,"Hypergraph(num_v=21, num_e=3)",False,-0.3528246879577637
2896,STATS,094-091-augA2,rewr,0.3393418788909912,0.1464495658874511,1,3,7,5,2,111864.64,40125,176122,102420.66666666669,65570.0,91015.0,133568.5,163051.0,28938936.0,14550993.5,7357022.25,14550993.5,21744964.75,1,1,3,1.105263157894737,1.0,1.0,1.0,2,2,2.0,2.0,2.0,2.0,"Hypergraph(num_v=21, num_e=3)",False,-0.19289231300354012
2897,STATS,094-091-augF1,rewr,0.0786893367767334,0.0774867534637451,1,3,7,5,2,97846.73,34101,176122,100412.66666666669,62558.0,91015.0,133568.5,138572.0,24594310.0,12366441.0,6252506.5,12366441.0,18480375.5,2,1,3,1.105263157894737,1.0,1.0,1.0,1,1,1.0,1.0,1.0,1.0,"Hypergraph(num_v=21, num_e=3)",False,-0.0012025833129882951
2898,STATS,094-091-augF1-augA1,orig,0.10688567161560059,0.1572988033294677,1,3,7,5,2,97374.23,34101,176122,100412.66666666669,62558.0,91015.0,133568.5,138572.0,24594310.0,12366441.0,6252506.5,12366441.0,18480375.5,1,1,3,1.105263157894737,1.0,1.0,1.0,2,2,2.0,2.0,2.0,2.0,"Hypergraph(num_v=21, num_e=3)",False,0.050413131713867104
2899,STATS,094-091-augF1-augA2,orig,0.07718276977539062,0.1254887580871582,1,3,7,5,2,97374.23,34101,176122,100412.66666666669,62558.0,91015.0,133568.5,138572.0,24594310.0,12366441.0,6252506.5,12366441.0,18480375.5,1,1,3,1.105263157894737,1.0,1.0,1.0,2,2,2.0,2.0,2.0,2.0,"Hypergraph(num_v=21, num_e=3)",False,0.04830598831176758
2900,STATS,094-091-augF2,orig,0.009494781494140625,0.0129079818725585,1,3,7,5,2,9397.78,4,176122,89047.0,45509.5,91015.0,133568.5,9.0,2885.0,1447.0,728.0,1447.0,2166.0,2,1,3,1.105263157894737,1.0,1.0,1.0,1,1,1.0,1.0,1.0,1.0,"Hypergraph(num_v=21, num_e=3)",False,0.003413200378417875
2901,STATS,094-091-augF2-augA1,orig,0.008435249328613281,0.0122692584991455,1,3,7,5,2,9397.78,4,176122,89047.0,45509.5,91015.0,133568.5,9.0,2885.0,1447.0,728.0,1447.0,2166.0,2,1,3,1.105263157894737,1.0,1.0,1.0,1,1,1.0,1.0,1.0,1.0,"Hypergraph(num_v=21, num_e=3)",False,0.003834009170532218
2902,STATS,094-091-augF2-augA2,rewr,0.009446144104003906,0.0086226463317871,1,3,7,5,2,9397.78,4,176122,89047.0,45509.5,91015.0,133568.5,9.0,2885.0,1447.0,728.0,1447.0,2166.0,1,1,3,1.105263157894737,1.0,1.0,1.0,2,2,2.0,2.0,2.0,2.0,"Hypergraph(num_v=21, num_e=3)",False,-0.0008234977722168055
2903,STATS,095-139,rewr,0.3467850685119629,0.2325658798217773,1,6,12,7,5,21563.29,9991,192962,85563.0,49690.75,83784.0,99344.0,9752.0,1315002.0,290437.8,10872.0,38775.0,77788.0,2,1,4,1.1666666666666667,1.0,1.0,1.0,1,4,2.5,2.5,1.75,3.25,"Hypergraph(num_v=35, num_e=6)",True,-0.1142191886901856
2904,STATS,095-139-augA1,rewr,0.33944153785705566,0.2124972343444824,1,6,12,7,5,21563.29,9991,192962,85563.0,49690.75,83784.0,99344.0,9752.0,1315002.0,290437.8,10872.0,38775.0,77788.0,1,1,4,1.1666666666666667,1.0,1.0,1.0,5,5,5.0,5.0,5.0,5.0,"Hypergraph(num_v=35, num_e=6)",False,-0.12694430351257327
2905,STATS,095-139-augA2,orig,0.34233593940734863,0.396486759185791,1,6,12,7,5,21563.29,9991,192962,85563.0,49690.75,83784.0,99344.0,9752.0,1315002.0,290437.8,10872.0,38775.0,77788.0,2,1,4,1.1666666666666667,1.0,1.0,1.0,1,4,2.5,2.5,1.75,3.25,"Hypergraph(num_v=35, num_e=6)",False,0.05415081977844238
2906,STATS,095-139-augA3,rewr,0.34050583839416504,0.1445062160491943,1,6,12,7,5,21563.29,9991,192962,85563.0,49690.75,83784.0,99344.0,9752.0,1315002.0,290437.8,10872.0,38775.0,77788.0,2,1,4,1.1666666666666667,1.0,1.0,1.0,1,4,2.5,2.5,1.75,3.25,"Hypergraph(num_v=35, num_e=6)",False,-0.19599962234497073
2907,STATS,095-139-augA4,rewr,0.3510465621948242,0.1984121799468994,1,6,12,7,5,21563.29,9991,192962,85563.0,49690.75,83784.0,99344.0,9752.0,1315002.0,290437.8,10872.0,38775.0,77788.0,2,1,4,1.1666666666666667,1.0,1.0,1.0,1,4,2.5,2.5,1.75,3.25,"Hypergraph(num_v=35, num_e=6)",False,-0.15263438224792483
2908,STATS,095-139-augA5,orig,0.3426952362060547,0.3653457164764404,1,6,12,7,5,21563.29,9991,192962,85563.0,49690.75,83784.0,99344.0,9752.0,1315002.0,290437.8,10872.0,38775.0,77788.0,1,1,4,1.1666666666666667,1.0,1.0,1.0,5,5,5.0,5.0,5.0,5.0,"Hypergraph(num_v=35, num_e=6)",False,0.022650480270385687
2909,STATS,095-139-augF1,rewr,2.079103946685791,0.2353951930999755,1,6,12,7,5,21688.84,9991,192962,85879.5,49690.75,84733.5,99818.75,9959.0,1342811.0,296251.0,11102.0,39595.0,77788.0,2,1,4,1.1666666666666667,1.0,1.0,1.0,1,4,2.5,2.5,1.75,3.25,"Hypergraph(num_v=35, num_e=6)",False,-1.8437087535858154
2910,STATS,095-139-augF1-augA1,rewr,2.0767579078674316,0.3489561080932617,1,6,12,7,5,21688.84,9991,192962,85879.5,49690.75,84733.5,99818.75,9959.0,1342811.0,296251.0,11102.0,39595.0,77788.0,1,1,4,1.1666666666666667,1.0,1.0,1.0,5,5,5.0,5.0,5.0,5.0,"Hypergraph(num_v=35, num_e=6)",False,-1.72780179977417
2911,STATS,095-139-augF1-augA2,rewr,2.0849452018737793,0.3697850704193115,1,6,12,7,5,21688.84,9991,192962,85879.5,49690.75,84733.5,99818.75,9959.0,1342811.0,296251.0,11102.0,39595.0,77788.0,2,1,4,1.1666666666666667,1.0,1.0,1.0,1,4,2.5,2.5,1.75,3.25,"Hypergraph(num_v=35, num_e=6)",False,-1.7151601314544678
2912,STATS,095-139-augF1-augA3,rewr,2.071394681930542,0.2619004249572754,1,6,12,7,5,21688.84,9991,192962,85879.5,49690.75,84733.5,99818.75,9959.0,1342811.0,296251.0,11102.0,39595.0,77788.0,2,1,4,1.1666666666666667,1.0,1.0,1.0,1,4,2.5,2.5,1.75,3.25,"Hypergraph(num_v=35, num_e=6)",False,-1.8094942569732666
2913,STATS,095-139-augF1-augA4,rewr,2.122220754623413,0.200864553451538,1,6,12,7,5,21688.84,9991,192962,85879.5,49690.75,84733.5,99818.75,9959.0,1342811.0,296251.0,11102.0,39595.0,77788.0,2,1,4,1.1666666666666667,1.0,1.0,1.0,1,4,2.5,2.5,1.75,3.25,"Hypergraph(num_v=35, num_e=6)",False,-1.921356201171875
2914,STATS,095-139-augF1-augA5,rewr,2.079880714416504,0.2659242153167724,1,6,12,7,5,21688.84,9991,192962,85879.5,49690.75,84733.5,99818.75,9959.0,1342811.0,296251.0,11102.0,39595.0,77788.0,1,1,4,1.1666666666666667,1.0,1.0,1.0,5,5,5.0,5.0,5.0,5.0,"Hypergraph(num_v=35, num_e=6)",False,-1.8139564990997314
2915,STATS,095-139-augF2,orig,0.017006397247314453,0.0571770668029785,1,6,12,7,5,10605.54,1,102532,31721.5,4.75,5003.5,60838.75,2.0,203.0,44.4,2.0,4.0,11.0,2,1,4,1.1666666666666667,1.0,1.0,1.0,1,4,2.5,2.5,1.75,3.25,"Hypergraph(num_v=35, num_e=6)",False,0.04017066955566405
2916,STATS,095-139-augF2-augA1,orig,0.017194509506225586,0.1208090782165527,1,6,12,7,5,10605.54,1,102532,31721.5,4.75,5003.5,60838.75,2.0,203.0,44.4,2.0,4.0,11.0,1,1,4,1.1666666666666667,1.0,1.0,1.0,5,5,5.0,5.0,5.0,5.0,"Hypergraph(num_v=35, num_e=6)",False,0.10361456871032712
2917,STATS,095-139-augF2-augA2,orig,0.01792430877685547,0.0280430316925048,1,6,12,7,5,10605.54,1,102532,31721.5,4.75,5003.5,60838.75,2.0,203.0,44.4,2.0,4.0,11.0,2,1,4,1.1666666666666667,1.0,1.0,1.0,1,4,2.5,2.5,1.75,3.25,"Hypergraph(num_v=35, num_e=6)",False,0.01011872291564933
2918,STATS,095-139-augF2-augA3,orig,0.017376184463500977,0.187807559967041,1,6,12,7,5,10605.54,1,102532,31721.5,4.75,5003.5,60838.75,2.0,203.0,44.4,2.0,4.0,11.0,2,1,4,1.1666666666666667,1.0,1.0,1.0,1,4,2.5,2.5,1.75,3.25,"Hypergraph(num_v=35, num_e=6)",False,0.17043137550354
2919,STATS,095-139-augF2-augA4,orig,0.017232894897460938,0.1115846633911132,1,6,12,7,5,10605.54,1,102532,31721.5,4.75,5003.5,60838.75,2.0,203.0,44.4,2.0,4.0,11.0,2,1,4,1.1666666666666667,1.0,1.0,1.0,1,4,2.5,2.5,1.75,3.25,"Hypergraph(num_v=35, num_e=6)",False,0.09435176849365226
2920,STATS,095-139-augF2-augA5,orig,0.01840972900390625,0.1720504760742187,1,6,12,7,5,10605.54,1,102532,31721.5,4.75,5003.5,60838.75,2.0,203.0,44.4,2.0,4.0,11.0,1,1,4,1.1666666666666667,1.0,1.0,1.0,5,5,5.0,5.0,5.0,5.0,"Hypergraph(num_v=35, num_e=6)",False,0.15364074707031244
2921,STATS,096-095,rewr,0.5285191535949707,0.4985139369964599,1,4,4,1,3,52218.49,38323,192676,127969.0,86479.75,140438.5,181927.75,192676.0,2477221.0,1051591.0,338776.0,484876.0,1481048.5,2,1,4,1.1304347826086956,1.0,1.0,1.0,1,2,1.5,1.5,1.25,1.75,"Hypergraph(num_v=26, num_e=4)",True,-0.030005216598510798
2922,STATS,096-095-augA1,rewr,0.5294616222381592,0.4318182468414306,1,4,4,1,3,52218.49,38323,192676,127969.0,86479.75,140438.5,181927.75,192676.0,2477221.0,1051591.0,338776.0,484876.0,1481048.5,1,1,4,1.1304347826086956,1.0,1.0,1.0,3,3,3.0,3.0,3.0,3.0,"Hypergraph(num_v=26, num_e=4)",False,-0.09764337539672857
2923,STATS,096-095-augA2,rewr,0.5141987800598145,0.3674640655517578,1,4,4,1,3,51648.49,38323,192676,127969.0,86479.75,140438.5,181927.75,192676.0,2477221.0,1051591.0,338776.0,484876.0,1481048.5,2,1,4,1.1304347826086956,1.0,1.0,1.0,1,2,1.5,1.5,1.25,1.75,"Hypergraph(num_v=26, num_e=4)",False,-0.14673471450805664
2924,STATS,096-095-augA3,rewr,0.526411771774292,0.3717060089111328,1,4,4,1,3,51272.49,38323,192676,127969.0,86479.75,140438.5,181927.75,192676.0,2477221.0,1051591.0,338776.0,484876.0,1481048.5,1,1,4,1.1304347826086956,1.0,1.0,1.0,3,3,3.0,3.0,3.0,3.0,"Hypergraph(num_v=26, num_e=4)",False,-0.15470576286315918
2925,STATS,096-095-augF1,rewr,0.5278117656707764,0.3524608612060547,1,4,4,1,3,52249.1,38323,192962,128040.5,86479.75,140438.5,181999.25,192962.0,2480904.0,1052914.0,338919.0,484876.0,1482890.0,2,1,4,1.1304347826086956,1.0,1.0,1.0,1,2,1.5,1.5,1.25,1.75,"Hypergraph(num_v=26, num_e=4)",False,-0.17535090446472168
2926,STATS,096-095-augF1-augA1,rewr,0.5327467918395996,0.421703577041626,1,4,4,1,3,52249.1,38323,192962,128040.5,86479.75,140438.5,181999.25,192962.0,2480904.0,1052914.0,338919.0,484876.0,1482890.0,1,1,4,1.1304347826086956,1.0,1.0,1.0,3,3,3.0,3.0,3.0,3.0,"Hypergraph(num_v=26, num_e=4)",False,-0.11104321479797363
2927,STATS,096-095-augF1-augA2,rewr,0.5308315753936768,0.3710238933563232,1,4,4,1,3,51681.1,38323,192962,128040.5,86479.75,140438.5,181999.25,192962.0,2480904.0,1052914.0,338919.0,484876.0,1482890.0,2,1,4,1.1304347826086956,1.0,1.0,1.0,1,2,1.5,1.5,1.25,1.75,"Hypergraph(num_v=26, num_e=4)",False,-0.15980768203735357
2928,STATS,096-095-augF1-augA3,rewr,0.5275702476501465,0.3802170753479004,1,4,4,1,3,51303.1,38323,192962,128040.5,86479.75,140438.5,181999.25,192962.0,2480904.0,1052914.0,338919.0,484876.0,1482890.0,1,1,4,1.1304347826086956,1.0,1.0,1.0,3,3,3.0,3.0,3.0,3.0,"Hypergraph(num_v=26, num_e=4)",False,-0.1473531723022461
2929,STATS,097-077,rewr,0.8920142650604248,0.2171177864074707,1,6,16,11,5,19719.99,1,178345,63805.16666666666,7148.75,49590.0,96625.0,589.0,218559.0,44912.0,611.0,1117.0,3684.0,2,1,4,1.1666666666666667,1.0,1.0,1.0,1,4,2.5,2.5,1.75,3.25,"Hypergraph(num_v=35, num_e=6)",True,-0.6748964786529541
2930,STATS,097-077-augA1,rewr,0.8763008117675781,0.2402787208557129,1,6,16,11,5,19719.99,1,178345,63805.16666666666,7148.75,49590.0,96625.0,589.0,218559.0,44912.0,611.0,1117.0,3684.0,1,1,4,1.1666666666666667,1.0,1.0,1.0,5,5,5.0,5.0,5.0,5.0,"Hypergraph(num_v=35, num_e=6)",False,-0.6360220909118652
2931,STATS,097-077-augA2,rewr,0.887272834777832,0.1852760314941406,1,6,16,11,5,19719.99,1,178345,63805.16666666666,7148.75,49590.0,96625.0,589.0,218559.0,44912.0,611.0,1117.0,3684.0,2,1,4,1.1666666666666667,1.0,1.0,1.0,1,4,2.5,2.5,1.75,3.25,"Hypergraph(num_v=35, num_e=6)",False,-0.7019968032836914
2932,STATS,097-077-augA3,rewr,0.8882372379302979,0.2212214469909668,1,6,16,11,5,19719.99,1,178345,63805.16666666666,7148.75,49590.0,96625.0,589.0,218559.0,44912.0,611.0,1117.0,3684.0,2,1,4,1.1666666666666667,1.0,1.0,1.0,1,4,2.5,2.5,1.75,3.25,"Hypergraph(num_v=35, num_e=6)",False,-0.667015790939331
2933,STATS,097-077-augA4,rewr,0.8837029933929443,0.2284629344940185,1,6,16,11,5,19719.99,1,178345,63805.16666666666,7148.75,49590.0,96625.0,589.0,218559.0,44912.0,611.0,1117.0,3684.0,2,1,4,1.1666666666666667,1.0,1.0,1.0,1,4,2.5,2.5,1.75,3.25,"Hypergraph(num_v=35, num_e=6)",False,-0.6552400588989258
2934,STATS,097-077-augA5,rewr,0.8712458610534668,0.2424566745758056,1,6,16,11,5,19719.99,1,178345,63805.16666666666,7148.75,49590.0,96625.0,589.0,218559.0,44912.0,611.0,1117.0,3684.0,1,1,4,1.1666666666666667,1.0,1.0,1.0,5,5,5.0,5.0,5.0,5.0,"Hypergraph(num_v=35, num_e=6)",False,-0.6287891864776611
2935,STATS,097-077-augF1,rewr,1.1263198852539062,0.216097354888916,1,6,16,11,5,19741.47,1,178345,63811.16666666666,7175.75,49590.0,96625.0,598.0,221387.0,45493.4,619.0,1132.0,3731.0,2,1,4,1.1666666666666667,1.0,1.0,1.0,1,4,2.5,2.5,1.75,3.25,"Hypergraph(num_v=35, num_e=6)",False,-0.9102225303649902
2936,STATS,097-077-augF1-augA1,rewr,1.126021146774292,0.2392218112945556,1,6,16,11,5,19741.47,1,178345,63811.16666666666,7175.75,49590.0,96625.0,598.0,221387.0,45493.4,619.0,1132.0,3731.0,1,1,4,1.1666666666666667,1.0,1.0,1.0,5,5,5.0,5.0,5.0,5.0,"Hypergraph(num_v=35, num_e=6)",False,-0.8867993354797363
2937,STATS,097-077-augF1-augA2,rewr,1.122767448425293,0.1785089969635009,1,6,16,11,5,19741.47,1,178345,63811.16666666666,7175.75,49590.0,96625.0,598.0,221387.0,45493.4,619.0,1132.0,3731.0,2,1,4,1.1666666666666667,1.0,1.0,1.0,1,4,2.5,2.5,1.75,3.25,"Hypergraph(num_v=35, num_e=6)",False,-0.9442584514617921
2938,STATS,097-077-augF1-augA3,rewr,1.13763427734375,0.2240104675292968,1,6,16,11,5,19741.47,1,178345,63811.16666666666,7175.75,49590.0,96625.0,598.0,221387.0,45493.4,619.0,1132.0,3731.0,2,1,4,1.1666666666666667,1.0,1.0,1.0,1,4,2.5,2.5,1.75,3.25,"Hypergraph(num_v=35, num_e=6)",False,-0.9136238098144532
2939,STATS,097-077-augF1-augA4,rewr,1.11309814453125,0.2316222190856933,1,6,16,11,5,19741.47,1,178345,63811.16666666666,7175.75,49590.0,96625.0,598.0,221387.0,45493.4,619.0,1132.0,3731.0,2,1,4,1.1666666666666667,1.0,1.0,1.0,1,4,2.5,2.5,1.75,3.25,"Hypergraph(num_v=35, num_e=6)",False,-0.8814759254455566
2940,STATS,097-077-augF1-augA5,rewr,1.0876545906066895,0.2323102951049804,1,6,16,11,5,19741.47,1,178345,63811.16666666666,7175.75,49590.0,96625.0,598.0,221387.0,45493.4,619.0,1132.0,3731.0,1,1,4,1.1666666666666667,1.0,1.0,1.0,5,5,5.0,5.0,5.0,5.0,"Hypergraph(num_v=35, num_e=6)",False,-0.855344295501709
2941,STATS,097-077-augF2,rewr,0.7858843803405762,0.1987597942352295,1,6,16,11,5,18756.8,1,178345,63805.16666666666,7148.75,49590.0,96625.0,191.0,70629.0,14596.4,361.0,611.0,1190.0,2,1,4,1.1666666666666667,1.0,1.0,1.0,1,4,2.5,2.5,1.75,3.25,"Hypergraph(num_v=35, num_e=6)",False,-0.5871245861053467
2942,STATS,097-077-augF2-augA1,rewr,0.7916011810302734,0.2284636497497558,1,6,16,11,5,18756.8,1,178345,63805.16666666666,7148.75,49590.0,96625.0,191.0,70629.0,14596.4,361.0,611.0,1190.0,1,1,4,1.1666666666666667,1.0,1.0,1.0,5,5,5.0,5.0,5.0,5.0,"Hypergraph(num_v=35, num_e=6)",False,-0.5631375312805176
2943,STATS,097-077-augF2-augA2,rewr,0.7994067668914795,0.1679301261901855,1,6,16,11,5,18756.8,1,178345,63805.16666666666,7148.75,49590.0,96625.0,191.0,70629.0,14596.4,361.0,611.0,1190.0,2,1,4,1.1666666666666667,1.0,1.0,1.0,1,4,2.5,2.5,1.75,3.25,"Hypergraph(num_v=35, num_e=6)",False,-0.631476640701294
2944,STATS,097-077-augF2-augA3,rewr,0.7989141941070557,0.2174086570739746,1,6,16,11,5,18756.8,1,178345,63805.16666666666,7148.75,49590.0,96625.0,191.0,70629.0,14596.4,361.0,611.0,1190.0,2,1,4,1.1666666666666667,1.0,1.0,1.0,1,4,2.5,2.5,1.75,3.25,"Hypergraph(num_v=35, num_e=6)",False,-0.581505537033081
2945,STATS,097-077-augF2-augA4,rewr,0.7724149227142334,0.2194113731384277,1,6,16,11,5,18756.8,1,178345,63805.16666666666,7148.75,49590.0,96625.0,191.0,70629.0,14596.4,361.0,611.0,1190.0,2,1,4,1.1666666666666667,1.0,1.0,1.0,1,4,2.5,2.5,1.75,3.25,"Hypergraph(num_v=35, num_e=6)",False,-0.5530035495758057
2946,STATS,097-077-augF2-augA5,rewr,0.7724354267120361,0.2267718315124511,1,6,16,11,5,18756.8,1,178345,63805.16666666666,7148.75,49590.0,96625.0,191.0,70629.0,14596.4,361.0,611.0,1190.0,1,1,4,1.1666666666666667,1.0,1.0,1.0,5,5,5.0,5.0,5.0,5.0,"Hypergraph(num_v=35, num_e=6)",False,-0.5456635951995851
2947,STATS,098-124,rewr,0.4650852680206299,0.119791030883789,1,4,9,6,3,54935.06,39665,192372,122535.5,69736.25,129052.5,181851.75,40596.0,14762075.0,4960375.333333333,59525.5,78455.0,7420265.0,2,1,4,1.1764705882352942,1.0,1.0,1.0,1,2,1.5,1.5,1.25,1.75,"Hypergraph(num_v=20, num_e=4)",True,-0.3452942371368409
2948,STATS,098-124-augA1,rewr,0.47341275215148926,0.1538388729095459,1,4,9,6,3,54935.06,39665,192372,122535.5,69736.25,129052.5,181851.75,40596.0,14762075.0,4960375.333333333,59525.5,78455.0,7420265.0,2,1,4,1.1764705882352942,1.0,1.0,1.0,1,2,1.5,1.5,1.25,1.75,"Hypergraph(num_v=20, num_e=4)",False,-0.31957387924194336
2949,STATS,098-124-augA2,rewr,0.4648895263671875,0.1910369396209716,1,4,9,6,3,54935.06,39665,192372,122535.5,69736.25,129052.5,181851.75,40596.0,14762075.0,4960375.333333333,59525.5,78455.0,7420265.0,1,1,4,1.1764705882352942,1.0,1.0,1.0,3,3,3.0,3.0,3.0,3.0,"Hypergraph(num_v=20, num_e=4)",False,-0.27385258674621593
2950,STATS,098-124-augA3,rewr,0.4815638065338135,0.2001724243164062,1,4,9,6,3,54935.06,39665,192372,122535.5,69736.25,129052.5,181851.75,40596.0,14762075.0,4960375.333333333,59525.5,78455.0,7420265.0,1,1,4,1.1764705882352942,1.0,1.0,1.0,3,3,3.0,3.0,3.0,3.0,"Hypergraph(num_v=20, num_e=4)",False,-0.2813913822174073
2951,STATS,098-124-augF1,rewr,0.5293352603912354,0.2511899471282959,1,4,9,6,3,55195.33,39917,192372,122598.5,69799.25,129052.5,181851.75,40854.0,14855862.0,4991889.666666667,59903.5,78953.0,7467407.5,1,1,4,1.1764705882352942,1.0,1.0,1.0,3,3,3.0,3.0,3.0,3.0,"Hypergraph(num_v=20, num_e=4)",False,-0.27814531326293945
2952,STATS,098-124-augF1-augA1,rewr,0.5386040210723877,0.1865551471710205,1,4,9,6,3,55195.33,39917,192372,122598.5,69799.25,129052.5,181851.75,40854.0,14855862.0,4991889.666666667,59903.5,78953.0,7467407.5,2,1,4,1.1764705882352942,1.0,1.0,1.0,1,2,1.5,1.5,1.25,1.75,"Hypergraph(num_v=20, num_e=4)",False,-0.3520488739013672
2953,STATS,098-124-augF1-augA2,rewr,0.5312623977661133,0.1625583171844482,1,4,9,6,3,55195.33,39917,192372,122598.5,69799.25,129052.5,181851.75,40854.0,14855862.0,4991889.666666667,59903.5,78953.0,7467407.5,1,1,4,1.1764705882352942,1.0,1.0,1.0,3,3,3.0,3.0,3.0,3.0,"Hypergraph(num_v=20, num_e=4)",False,-0.3687040805816651
2954,STATS,098-124-augF1-augA3,rewr,0.5477192401885986,0.2410194873809814,1,4,9,6,3,55195.33,39917,192372,122598.5,69799.25,129052.5,181851.75,40854.0,14855862.0,4991889.666666667,59903.5,78953.0,7467407.5,2,1,4,1.1764705882352942,1.0,1.0,1.0,1,2,1.5,1.5,1.25,1.75,"Hypergraph(num_v=20, num_e=4)",False,-0.30669975280761724
2955,STATS,098-124-augF2,orig,0.07235884666442871,0.0977821350097656,1,4,9,6,3,48986.21,33905,192372,121095.5,68296.25,129052.5,181851.75,34701.0,12618383.0,4240048.666666667,50881.5,67062.0,6342722.5,2,1,4,1.1764705882352942,1.0,1.0,1.0,1,2,1.5,1.5,1.25,1.75,"Hypergraph(num_v=20, num_e=4)",False,0.025423288345336886
2956,STATS,098-124-augF2-augA1,orig,0.07068848609924316,0.1478345394134521,1,4,9,6,3,48986.21,33905,192372,121095.5,68296.25,129052.5,181851.75,34701.0,12618383.0,4240048.666666667,50881.5,67062.0,6342722.5,2,1,4,1.1764705882352942,1.0,1.0,1.0,1,2,1.5,1.5,1.25,1.75,"Hypergraph(num_v=20, num_e=4)",False,0.07714605331420893
2957,STATS,098-124-augF2-augA2,orig,0.07187509536743164,0.1833815574645996,1,4,9,6,3,48986.21,33905,192372,121095.5,68296.25,129052.5,181851.75,34701.0,12618383.0,4240048.666666667,50881.5,67062.0,6342722.5,1,1,4,1.1764705882352942,1.0,1.0,1.0,3,3,3.0,3.0,3.0,3.0,"Hypergraph(num_v=20, num_e=4)",False,0.11150646209716797
2958,STATS,098-124-augF2-augA3,orig,0.07404780387878418,0.1275951862335205,1,4,9,6,3,48986.21,33905,192372,121095.5,68296.25,129052.5,181851.75,34701.0,12618383.0,4240048.666666667,50881.5,67062.0,6342722.5,2,1,4,1.1764705882352942,1.0,1.0,1.0,1,2,1.5,1.5,1.25,1.75,"Hypergraph(num_v=20, num_e=4)",False,0.05354738235473633
2959,STATS,099-031,rewr,1.0261101722717285,0.1353306770324707,1,4,9,6,3,16481.72,38982,325445,120457.75,41571.75,58702.0,137588.0,34124.0,299943.0,139407.33333333334,59139.5,84155.0,192049.0,2,1,4,1.1363636363636365,1.0,1.0,1.0,1,2,1.5,1.5,1.25,1.75,"Hypergraph(num_v=25, num_e=4)",True,-0.8907794952392578
2960,STATS,099-031-augA1,rewr,0.9781696796417236,0.1400578022003173,1,4,9,6,3,16481.72,38982,325445,120457.75,41571.75,58702.0,137588.0,34124.0,299943.0,139407.33333333334,59139.5,84155.0,192049.0,1,1,4,1.1363636363636365,1.0,1.0,1.0,3,3,3.0,3.0,3.0,3.0,"Hypergraph(num_v=25, num_e=4)",False,-0.8381118774414064
2961,STATS,099-031-augA2,rewr,1.0053465366363525,0.1119172573089599,1,4,9,6,3,16481.72,38982,325445,120457.75,41571.75,58702.0,137588.0,34124.0,299943.0,139407.33333333334,59139.5,84155.0,192049.0,2,1,4,1.1363636363636365,1.0,1.0,1.0,1,2,1.5,1.5,1.25,1.75,"Hypergraph(num_v=25, num_e=4)",False,-0.8934292793273926
2962,STATS,099-031-augA3,rewr,0.9766514301300049,0.12310791015625,1,4,9,6,3,16481.72,38982,325445,120457.75,41571.75,58702.0,137588.0,34124.0,299943.0,139407.33333333334,59139.5,84155.0,192049.0,1,1,4,1.1363636363636365,1.0,1.0,1.0,3,3,3.0,3.0,3.0,3.0,"Hypergraph(num_v=25, num_e=4)",False,-0.8535435199737549
2963,STATS,099-031-augF1,rewr,1.0067033767700195,0.1079232692718505,1,4,9,6,3,16486.74,38982,325445,120486.75,41658.75,58760.0,137588.0,34124.0,300763.0,139680.66666666666,59139.5,84155.0,192459.0,2,1,4,1.1363636363636365,1.0,1.0,1.0,1,2,1.5,1.5,1.25,1.75,"Hypergraph(num_v=25, num_e=4)",False,-0.8987801074981691
2964,STATS,099-031-augF1-augA1,rewr,0.9785830974578857,0.1401829719543457,1,4,9,6,3,16486.74,38982,325445,120486.75,41658.75,58760.0,137588.0,34124.0,300763.0,139680.66666666666,59139.5,84155.0,192459.0,1,1,4,1.1363636363636365,1.0,1.0,1.0,3,3,3.0,3.0,3.0,3.0,"Hypergraph(num_v=25, num_e=4)",False,-0.83840012550354
2965,STATS,099-031-augF1-augA2,rewr,1.005573034286499,0.1587193012237548,1,4,9,6,3,16486.74,38982,325445,120486.75,41658.75,58760.0,137588.0,34124.0,300763.0,139680.66666666666,59139.5,84155.0,192459.0,1,1,4,1.1363636363636365,1.0,1.0,1.0,3,3,3.0,3.0,3.0,3.0,"Hypergraph(num_v=25, num_e=4)",False,-0.8468537330627443
2966,STATS,099-031-augF1-augA3,rewr,0.9920058250427246,0.1415486335754394,1,4,9,6,3,16486.74,38982,325445,120486.75,41658.75,58760.0,137588.0,34124.0,300763.0,139680.66666666666,59139.5,84155.0,192459.0,1,1,4,1.1363636363636365,1.0,1.0,1.0,3,3,3.0,3.0,3.0,3.0,"Hypergraph(num_v=25, num_e=4)",False,-0.8504571914672852
2967,STATS,099-031-augF2,rewr,0.7745001316070557,0.1252241134643554,1,4,9,6,3,16172.96,35294,325445,118672.5,38060.0,56975.5,137588.0,34124.0,249468.0,122582.33333333331,59139.5,84155.0,166811.5,2,1,4,1.1363636363636365,1.0,1.0,1.0,1,2,1.5,1.5,1.25,1.75,"Hypergraph(num_v=25, num_e=4)",False,-0.6492760181427002
2968,STATS,099-031-augF2-augA1,rewr,0.7504005432128906,0.1504971981048584,1,4,9,6,3,16172.96,35294,325445,118672.5,38060.0,56975.5,137588.0,34124.0,249468.0,122582.33333333331,59139.5,84155.0,166811.5,1,1,4,1.1363636363636365,1.0,1.0,1.0,3,3,3.0,3.0,3.0,3.0,"Hypergraph(num_v=25, num_e=4)",False,-0.5999033451080322
2969,STATS,099-031-augF2-augA2,rewr,0.7730464935302734,0.1396398544311523,1,4,9,6,3,16172.96,35294,325445,118672.5,38060.0,56975.5,137588.0,34124.0,249468.0,122582.33333333331,59139.5,84155.0,166811.5,2,1,4,1.1363636363636365,1.0,1.0,1.0,1,2,1.5,1.5,1.25,1.75,"Hypergraph(num_v=25, num_e=4)",False,-0.6334066390991211
2970,STATS,099-031-augF2-augA3,rewr,0.7557454109191895,0.1412246227264404,1,4,9,6,3,16172.96,35294,325445,118672.5,38060.0,56975.5,137588.0,34124.0,249468.0,122582.33333333331,59139.5,84155.0,166811.5,1,1,4,1.1363636363636365,1.0,1.0,1.0,3,3,3.0,3.0,3.0,3.0,"Hypergraph(num_v=25, num_e=4)",False,-0.614520788192749
2971,STATS,100-005,rewr,0.6571516990661621,0.089224100112915,1,2,2,1,1,139403.79,135156,192979,164067.5,149611.75,164067.5,178523.25,5565804.0,5565804.0,5565804.0,5565804.0,5565804.0,5565804.0,1,1,2,1.1,1.0,1.0,1.0,1,1,1.0,1.0,1.0,1.0,"Hypergraph(num_v=11, num_e=2)",True,-0.5679275989532471
2972,STATS,100-005-augA1,rewr,0.553184986114502,0.0664775371551513,1,2,2,1,1,139403.79,135156,192979,164067.5,149611.75,164067.5,178523.25,5565804.0,5565804.0,5565804.0,5565804.0,5565804.0,5565804.0,1,1,2,1.1,1.0,1.0,1.0,1,1,1.0,1.0,1.0,1.0,"Hypergraph(num_v=11, num_e=2)",False,-0.48670744895935064
2973,STATS,100-005-augF1,orig,0.009974002838134766,0.0139446258544921,1,2,2,1,1,10132.53,8,192979,96493.5,48250.75,96493.5,144736.25,535.0,535.0,535.0,535.0,535.0,535.0,1,1,2,1.1,1.0,1.0,1.0,1,1,1.0,1.0,1.0,1.0,"Hypergraph(num_v=11, num_e=2)",False,0.003970623016357335
2974,STATS,100-005-augF1-augA1,orig,0.009765863418579102,0.0109562873840332,1,2,2,1,1,10132.53,8,192979,96493.5,48250.75,96493.5,144736.25,535.0,535.0,535.0,535.0,535.0,535.0,1,1,2,1.1,1.0,1.0,1.0,1,1,1.0,1.0,1.0,1.0,"Hypergraph(num_v=11, num_e=2)",False,0.001190423965454098
2975,STATS,101-043,rewr,0.73099684715271,0.1108694076538086,1,4,8,5,3,39839.22,25349,91976,59307.0,36376.25,59951.5,82882.25,79310.0,8319630.0,2859075.333333333,128798.0,178286.0,4248958.0,2,1,4,1.1428571428571428,1.0,1.0,1.0,1,2,1.5,1.5,1.25,1.75,"Hypergraph(num_v=24, num_e=4)",True,-0.6201274394989014
2976,STATS,101-043-augA1,rewr,0.7209274768829346,0.1653571128845214,1,4,8,5,3,39839.22,25349,91976,59307.0,36376.25,59951.5,82882.25,79310.0,8319630.0,2859075.333333333,128798.0,178286.0,4248958.0,1,1,4,1.1428571428571428,1.0,1.0,1.0,3,3,3.0,3.0,3.0,3.0,"Hypergraph(num_v=24, num_e=4)",False,-0.5555703639984132
2977,STATS,101-043-augA2,rewr,0.7182292938232422,0.1636762619018554,1,4,8,5,3,39839.22,25349,91976,59307.0,36376.25,59951.5,82882.25,79310.0,8319630.0,2859075.333333333,128798.0,178286.0,4248958.0,1,1,4,1.1428571428571428,1.0,1.0,1.0,3,3,3.0,3.0,3.0,3.0,"Hypergraph(num_v=24, num_e=4)",False,-0.5545530319213867
2978,STATS,101-043-augA3,rewr,0.7905178070068359,0.116783857345581,1,4,8,5,3,39839.22,25349,91976,59307.0,36376.25,59951.5,82882.25,79310.0,8319630.0,2859075.333333333,128798.0,178286.0,4248958.0,2,1,4,1.1428571428571428,1.0,1.0,1.0,1,2,1.5,1.5,1.25,1.75,"Hypergraph(num_v=24, num_e=4)",False,-0.6737339496612549
2979,STATS,101-043-augF1,orig,0.052870988845825195,0.0580024719238281,1,4,8,5,3,11018.07,1455,79851,36676.75,19375.5,32700.5,50001.75,1424.0,131611.0,45285.0,2122.0,2820.0,67215.5,2,1,4,1.1428571428571428,1.0,1.0,1.0,1,2,1.5,1.5,1.25,1.75,"Hypergraph(num_v=24, num_e=4)",False,0.005131483078002902
2980,STATS,101-043-augF1-augA1,orig,0.053002357482910156,0.1013448238372802,1,4,8,5,3,11018.07,1455,79851,36676.75,19375.5,32700.5,50001.75,1424.0,131611.0,45285.0,2122.0,2820.0,67215.5,2,1,4,1.1428571428571428,1.0,1.0,1.0,1,2,1.5,1.5,1.25,1.75,"Hypergraph(num_v=24, num_e=4)",False,0.04834246635437005
2981,STATS,101-043-augF1-augA2,orig,0.051726579666137695,0.0996110439300537,1,4,8,5,3,11018.07,1455,79851,36676.75,19375.5,32700.5,50001.75,1424.0,131611.0,45285.0,2122.0,2820.0,67215.5,1,1,4,1.1428571428571428,1.0,1.0,1.0,3,3,3.0,3.0,3.0,3.0,"Hypergraph(num_v=24, num_e=4)",False,0.047884464263916
2982,STATS,101-043-augF1-augA3,orig,0.05248427391052246,0.0716674327850341,1,4,8,5,3,11018.07,1455,79851,36676.75,19375.5,32700.5,50001.75,1424.0,131611.0,45285.0,2122.0,2820.0,67215.5,2,1,4,1.1428571428571428,1.0,1.0,1.0,1,2,1.5,1.5,1.25,1.75,"Hypergraph(num_v=24, num_e=4)",False,0.019183158874511635
2983,STATS,101-043-augF2,rewr,1.1208486557006836,0.1318426132202148,1,4,8,5,3,39947.61,25349,91976,59344.5,36488.75,60026.5,82882.25,79607.0,8350789.0,2869783.0,129280.0,178953.0,4264871.0,1,1,4,1.1428571428571428,1.0,1.0,1.0,3,3,3.0,3.0,3.0,3.0,"Hypergraph(num_v=24, num_e=4)",False,-0.9890060424804688
2984,STATS,101-043-augF2-augA1,rewr,1.2841413021087646,0.1470677852630615,1,4,8,5,3,39947.61,25349,91976,59344.5,36488.75,60026.5,82882.25,79607.0,8350789.0,2869783.0,129280.0,178953.0,4264871.0,2,1,4,1.1428571428571428,1.0,1.0,1.0,1,2,1.5,1.5,1.25,1.75,"Hypergraph(num_v=24, num_e=4)",False,-1.1370735168457031
2985,STATS,101-043-augF2-augA2,rewr,1.084825038909912,0.153843879699707,1,4,8,5,3,39947.61,25349,91976,59344.5,36488.75,60026.5,82882.25,79607.0,8350789.0,2869783.0,129280.0,178953.0,4264871.0,1,1,4,1.1428571428571428,1.0,1.0,1.0,3,3,3.0,3.0,3.0,3.0,"Hypergraph(num_v=24, num_e=4)",False,-0.9309811592102051
2986,STATS,101-043-augF2-augA3,rewr,1.283475399017334,0.11474609375,1,4,8,5,3,39947.61,25349,91976,59344.5,36488.75,60026.5,82882.25,79607.0,8350789.0,2869783.0,129280.0,178953.0,4264871.0,2,1,4,1.1428571428571428,1.0,1.0,1.0,1,2,1.5,1.5,1.25,1.75,"Hypergraph(num_v=24, num_e=4)",False,-1.168729305267334
2987,STATS,102-002,rewr,0.4768671989440918,0.0553205013275146,1,2,3,2,1,131674.48,79504,79647,79575.5,79539.75,79575.5,79611.25,6710638.0,6710638.0,6710638.0,6710638.0,6710638.0,6710638.0,1,1,2,1.1428571428571428,1.0,1.0,1.0,1,1,1.0,1.0,1.0,1.0,"Hypergraph(num_v=8, num_e=2)",True,-0.4215466976165772
2988,STATS,102-002-augA1,rewr,0.5007996559143066,0.0557177066802978,1,2,3,2,1,131674.48,79504,79647,79575.5,79539.75,79575.5,79611.25,6710638.0,6710638.0,6710638.0,6710638.0,6710638.0,6710638.0,1,1,2,1.1428571428571428,1.0,1.0,1.0,1,1,1.0,1.0,1.0,1.0,"Hypergraph(num_v=8, num_e=2)",False,-0.44508194923400884
2989,STATS,102-002-augF1,orig,0.02838587760925293,0.0369102954864501,1,2,3,2,1,6095.5,93,79647,39870.0,19981.5,39870.0,59758.5,7850.0,7850.0,7850.0,7850.0,7850.0,7850.0,1,1,2,1.1428571428571428,1.0,1.0,1.0,1,1,1.0,1.0,1.0,1.0,"Hypergraph(num_v=8, num_e=2)",False,0.008524417877197168
2990,STATS,102-002-augF1-augA1,rewr,0.030392169952392578,0.0227351188659667,1,2,3,2,1,6095.5,93,79647,39870.0,19981.5,39870.0,59758.5,7850.0,7850.0,7850.0,7850.0,7850.0,7850.0,1,1,2,1.1428571428571428,1.0,1.0,1.0,1,1,1.0,1.0,1.0,1.0,"Hypergraph(num_v=8, num_e=2)",False,-0.007657051086425878
2991,STATS,102-002-augF2,rewr,0.03931546211242676,0.022552490234375,1,2,3,2,1,14626.63,1772,79504,40638.0,21205.0,40638.0,60071.0,149299.0,149299.0,149299.0,149299.0,149299.0,149299.0,1,1,2,1.1428571428571428,1.0,1.0,1.0,1,1,1.0,1.0,1.0,1.0,"Hypergraph(num_v=8, num_e=2)",False,-0.016762971878051758
2992,STATS,102-002-augF2-augA1,rewr,0.046776533126831055,0.043595552444458,1,2,3,2,1,14626.63,1772,79504,40638.0,21205.0,40638.0,60071.0,149299.0,149299.0,149299.0,149299.0,149299.0,149299.0,1,1,2,1.1428571428571428,1.0,1.0,1.0,1,1,1.0,1.0,1.0,1.0,"Hypergraph(num_v=8, num_e=2)",False,-0.003180980682373054
2993,STATS,103-015,rewr,0.6140549182891846,0.0827360153198242,1,3,7,5,2,26300.8,40325,79647,66239.0,59535.0,78745.0,79196.0,79647.0,6541843.0,3310745.0,1695196.0,3310745.0,4926294.0,2,1,3,1.1666666666666667,1.0,1.0,1.0,1,1,1.0,1.0,1.0,1.0,"Hypergraph(num_v=14, num_e=3)",True,-0.5313189029693604
2994,STATS,103-015-augA1,rewr,0.6211235523223877,0.0805816650390625,1,3,7,5,2,26300.8,40325,79647,66239.0,59535.0,78745.0,79196.0,79647.0,6541843.0,3310745.0,1695196.0,3310745.0,4926294.0,2,1,3,1.1666666666666667,1.0,1.0,1.0,1,1,1.0,1.0,1.0,1.0,"Hypergraph(num_v=14, num_e=3)",False,-0.5405418872833252
2995,STATS,103-015-augA2,rewr,0.607105016708374,0.1404070854187011,1,3,7,5,2,26300.8,40325,79647,66239.0,59535.0,78745.0,79196.0,79647.0,6541843.0,3310745.0,1695196.0,3310745.0,4926294.0,1,1,3,1.1666666666666667,1.0,1.0,1.0,2,2,2.0,2.0,2.0,2.0,"Hypergraph(num_v=14, num_e=3)",False,-0.46669793128967296
2996,STATS,103-015-augF1,rewr,0.43138861656188965,0.1318881511688232,1,3,7,5,2,21104.06,40325,78745,59148.66666666666,49350.5,58376.0,68560.5,58376.0,4794739.0,2426557.5,1242466.75,2426557.5,3610648.25,1,1,3,1.1666666666666667,1.0,1.0,1.0,2,2,2.0,2.0,2.0,2.0,"Hypergraph(num_v=14, num_e=3)",False,-0.29950046539306646
2997,STATS,103-015-augF1-augA1,rewr,0.4330332279205322,0.0774817466735839,1,3,7,5,2,21104.06,40325,78745,59148.66666666666,49350.5,58376.0,68560.5,58376.0,4794739.0,2426557.5,1242466.75,2426557.5,3610648.25,2,1,3,1.1666666666666667,1.0,1.0,1.0,1,1,1.0,1.0,1.0,1.0,"Hypergraph(num_v=14, num_e=3)",False,-0.35555148124694835
2998,STATS,103-015-augF1-augA2,rewr,0.4250011444091797,0.0803470611572265,1,3,7,5,2,21104.06,40325,78745,59148.66666666666,49350.5,58376.0,68560.5,58376.0,4794739.0,2426557.5,1242466.75,2426557.5,3610648.25,1,1,3,1.1666666666666667,1.0,1.0,1.0,2,2,2.0,2.0,2.0,2.0,"Hypergraph(num_v=14, num_e=3)",False,-0.3446540832519532
2999,STATS,103-015-augF2,rewr,0.6066877841949463,0.1390278339385986,1,3,7,5,2,26326.21,40325,79753,66274.33333333333,59535.0,78745.0,79249.0,79753.0,6550549.0,3315151.0,1697452.0,3315151.0,4932850.0,1,1,3,1.1666666666666667,1.0,1.0,1.0,2,2,2.0,2.0,2.0,2.0,"Hypergraph(num_v=14, num_e=3)",False,-0.46765995025634766
3000,STATS,103-015-augF2-augA1,rewr,0.6183009147644043,0.0813076496124267,1,3,7,5,2,26326.21,40325,79753,66274.33333333333,59535.0,78745.0,79249.0,79753.0,6550549.0,3315151.0,1697452.0,3315151.0,4932850.0,2,1,3,1.1666666666666667,1.0,1.0,1.0,1,1,1.0,1.0,1.0,1.0,"Hypergraph(num_v=14, num_e=3)",False,-0.5369932651519775
3001,STATS,103-015-augF2-augA2,rewr,0.607874870300293,0.1077251434326171,1,3,7,5,2,26326.21,40325,79753,66274.33333333333,59535.0,78745.0,79249.0,79753.0,6550549.0,3315151.0,1697452.0,3315151.0,4932850.0,1,1,3,1.1666666666666667,1.0,1.0,1.0,2,2,2.0,2.0,2.0,2.0,"Hypergraph(num_v=14, num_e=3)",False,-0.5001497268676759
3002,STATS,104-088,rewr,0.6092722415924072,0.100867748260498,1,3,7,5,2,26300.8,40325,79647,66239.0,59535.0,78745.0,79196.0,79647.0,6541843.0,3310745.0,1695196.0,3310745.0,4926294.0,2,1,3,1.1666666666666667,1.0,1.0,1.0,1,1,1.0,1.0,1.0,1.0,"Hypergraph(num_v=14, num_e=3)",True,-0.5084044933319092
3003,STATS,104-088-augA1,rewr,0.6260695457458496,0.137176513671875,1,3,7,5,2,26300.8,40325,79647,66239.0,59535.0,78745.0,79196.0,79647.0,6541843.0,3310745.0,1695196.0,3310745.0,4926294.0,2,1,3,1.1666666666666667,1.0,1.0,1.0,1,1,1.0,1.0,1.0,1.0,"Hypergraph(num_v=14, num_e=3)",False,-0.4888930320739746
3004,STATS,104-088-augA2,rewr,0.6116936206817627,0.0918719768524169,1,3,7,5,2,26300.8,40325,79647,66239.0,59535.0,78745.0,79196.0,79647.0,6541843.0,3310745.0,1695196.0,3310745.0,4926294.0,1,1,3,1.1666666666666667,1.0,1.0,1.0,2,2,2.0,2.0,2.0,2.0,"Hypergraph(num_v=14, num_e=3)",False,-0.5198216438293458
3005,STATS,104-088-augF1,rewr,0.612506628036499,0.0984349250793457,1,3,7,5,2,26475.05,40325,79647,66489.33333333333,59910.5,79496.0,79571.5,79647.0,6604199.0,3341923.0,1710785.0,3341923.0,4973061.0,2,1,3,1.1666666666666667,1.0,1.0,1.0,1,1,1.0,1.0,1.0,1.0,"Hypergraph(num_v=14, num_e=3)",False,-0.5140717029571533
3006,STATS,104-088-augF1-augA1,rewr,0.6217226982116699,0.0993506908416748,1,3,7,5,2,26475.05,40325,79647,66489.33333333333,59910.5,79496.0,79571.5,79647.0,6604199.0,3341923.0,1710785.0,3341923.0,4973061.0,1,1,3,1.1666666666666667,1.0,1.0,1.0,2,2,2.0,2.0,2.0,2.0,"Hypergraph(num_v=14, num_e=3)",False,-0.5223720073699951
3007,STATS,104-088-augF1-augA2,rewr,0.6074845790863037,0.1068224906921386,1,3,7,5,2,26475.05,40325,79647,66489.33333333333,59910.5,79496.0,79571.5,79647.0,6604199.0,3341923.0,1710785.0,3341923.0,4973061.0,1,1,3,1.1666666666666667,1.0,1.0,1.0,2,2,2.0,2.0,2.0,2.0,"Hypergraph(num_v=14, num_e=3)",False,-0.5006620883941652
3008,STATS,104-088-augF2,rewr,0.11246919631958008,0.0422441959381103,1,3,7,5,2,9434.34,9688,78745,42919.333333333336,25006.5,40325.0,59535.0,9688.0,795728.0,402708.0,206198.0,402708.0,599218.0,2,1,3,1.1666666666666667,1.0,1.0,1.0,1,1,1.0,1.0,1.0,1.0,"Hypergraph(num_v=14, num_e=3)",False,-0.07022500038146978
3009,STATS,104-088-augF2-augA1,orig,0.11298251152038574,0.1247186660766601,1,3,7,5,2,9434.34,9688,78745,42919.333333333336,25006.5,40325.0,59535.0,9688.0,795728.0,402708.0,206198.0,402708.0,599218.0,2,1,3,1.1666666666666667,1.0,1.0,1.0,1,1,1.0,1.0,1.0,1.0,"Hypergraph(num_v=14, num_e=3)",False,0.011736154556274359
3010,STATS,104-088-augF2-augA2,rewr,0.11060214042663574,0.078622817993164,1,3,7,5,2,9434.34,9688,78745,42919.333333333336,25006.5,40325.0,59535.0,9688.0,795728.0,402708.0,206198.0,402708.0,599218.0,1,1,3,1.1666666666666667,1.0,1.0,1.0,2,2,2.0,2.0,2.0,2.0,"Hypergraph(num_v=14, num_e=3)",False,-0.03197932243347175
3011,STATS,105-085,rewr,0.6771020889282227,0.1029834747314453,1,3,5,3,2,26801.13,36400,192524,110485.33333333331,69466.0,102532.0,147528.0,18850.0,6362136.0,3190493.0,1604671.5,3190493.0,4776314.5,2,1,3,1.1333333333333333,1.0,1.0,1.0,1,1,1.0,1.0,1.0,1.0,"Hypergraph(num_v=17, num_e=3)",True,-0.5741186141967773
3012,STATS,105-085-augA1,rewr,0.6875531673431396,0.0800800323486328,1,3,5,3,2,26801.13,36400,192524,110485.33333333331,69466.0,102532.0,147528.0,18850.0,6362136.0,3190493.0,1604671.5,3190493.0,4776314.5,2,1,3,1.1333333333333333,1.0,1.0,1.0,1,1,1.0,1.0,1.0,1.0,"Hypergraph(num_v=17, num_e=3)",False,-0.6074731349945068
3013,STATS,105-085-augA2,rewr,0.67708420753479,0.1793019771575927,1,3,5,3,2,26801.13,36400,192524,110485.33333333331,69466.0,102532.0,147528.0,18850.0,6362136.0,3190493.0,1604671.5,3190493.0,4776314.5,1,1,3,1.1333333333333333,1.0,1.0,1.0,2,2,2.0,2.0,2.0,2.0,"Hypergraph(num_v=17, num_e=3)",False,-0.4977822303771974
3014,STATS,105-085-augF1,rewr,0.6771361827850342,0.0719795227050781,1,3,5,3,2,26840.11,36400,192962,110631.33333333331,69466.0,102532.0,147747.0,18893.0,6376618.0,3197755.5,1608324.25,3197755.5,4787186.75,2,1,3,1.1333333333333333,1.0,1.0,1.0,1,1,1.0,1.0,1.0,1.0,"Hypergraph(num_v=17, num_e=3)",False,-0.605156660079956
3015,STATS,105-085-augF1-augA1,rewr,0.6874279975891113,0.1013364791870117,1,3,5,3,2,26840.11,36400,192962,110631.33333333331,69466.0,102532.0,147747.0,18893.0,6376618.0,3197755.5,1608324.25,3197755.5,4787186.75,1,1,3,1.1333333333333333,1.0,1.0,1.0,2,2,2.0,2.0,2.0,2.0,"Hypergraph(num_v=17, num_e=3)",False,-0.5860915184020996
3016,STATS,105-085-augF1-augA2,rewr,0.6759676933288574,0.1008365154266357,1,3,5,3,2,26840.11,36400,192962,110631.33333333331,69466.0,102532.0,147747.0,18893.0,6376618.0,3197755.5,1608324.25,3197755.5,4787186.75,1,1,3,1.1333333333333333,1.0,1.0,1.0,2,2,2.0,2.0,2.0,2.0,"Hypergraph(num_v=17, num_e=3)",False,-0.5751311779022217
3017,STATS,105-085-augF2,orig,0.08383321762084961,0.0940651893615722,1,3,5,3,2,22188.64,26563,192524,107206.33333333331,64547.5,102532.0,147528.0,13756.0,4642786.0,2328271.0,1171013.5,2328271.0,3485528.5,2,1,3,1.1333333333333333,1.0,1.0,1.0,1,1,1.0,1.0,1.0,1.0,"Hypergraph(num_v=17, num_e=3)",False,0.010231971740722587
3018,STATS,105-085-augF2-augA1,rewr,0.08560919761657715,0.0732092857360839,1,3,5,3,2,22188.64,26563,192524,107206.33333333331,64547.5,102532.0,147528.0,13756.0,4642786.0,2328271.0,1171013.5,2328271.0,3485528.5,2,1,3,1.1333333333333333,1.0,1.0,1.0,1,1,1.0,1.0,1.0,1.0,"Hypergraph(num_v=17, num_e=3)",False,-0.012399911880493247
3019,STATS,105-085-augF2-augA2,rewr,0.08433055877685547,0.0758290290832519,1,3,5,3,2,22188.64,26563,192524,107206.33333333331,64547.5,102532.0,147528.0,13756.0,4642786.0,2328271.0,1171013.5,2328271.0,3485528.5,1,1,3,1.1333333333333333,1.0,1.0,1.0,2,2,2.0,2.0,2.0,2.0,"Hypergraph(num_v=17, num_e=3)",False,-0.008501529693603571
3020,STATS,106-084,rewr,0.6919207572937012,0.1188864707946777,1,3,7,5,2,28898.07,39750,190881,110660.0,70549.5,101349.0,146115.0,20409.0,6808900.0,3414654.5,1717531.75,3414654.5,5111777.25,2,1,3,1.1333333333333333,1.0,1.0,1.0,1,1,1.0,1.0,1.0,1.0,"Hypergraph(num_v=17, num_e=3)",True,-0.5730342864990234
3021,STATS,106-084-augA1,rewr,0.7018222808837891,0.0887446403503418,1,3,7,5,2,28898.07,39750,190881,110660.0,70549.5,101349.0,146115.0,20409.0,6808900.0,3414654.5,1717531.75,3414654.5,5111777.25,2,1,3,1.1333333333333333,1.0,1.0,1.0,1,1,1.0,1.0,1.0,1.0,"Hypergraph(num_v=17, num_e=3)",False,-0.6130776405334473
3022,STATS,106-084-augA2,rewr,0.691225528717041,0.1150507926940918,1,3,7,5,2,28898.07,39750,190881,110660.0,70549.5,101349.0,146115.0,20409.0,6808900.0,3414654.5,1717531.75,3414654.5,5111777.25,1,1,3,1.1333333333333333,1.0,1.0,1.0,2,2,2.0,2.0,2.0,2.0,"Hypergraph(num_v=17, num_e=3)",False,-0.5761747360229492
3023,STATS,106-084-augF1,rewr,0.6916029453277588,0.1033029556274414,1,3,7,5,2,28931.34,39750,190881,110723.0,70644.0,101538.0,146209.5,20409.0,6821546.0,3420977.5,1720693.25,3420977.5,5121261.75,2,1,3,1.1333333333333333,1.0,1.0,1.0,1,1,1.0,1.0,1.0,1.0,"Hypergraph(num_v=17, num_e=3)",False,-0.5882999897003174
3024,STATS,106-084-augF1-augA1,rewr,0.7092583179473877,0.242551565170288,1,3,7,5,2,28931.34,39750,190881,110723.0,70644.0,101538.0,146209.5,20409.0,6821546.0,3420977.5,1720693.25,3420977.5,5121261.75,2,1,3,1.1333333333333333,1.0,1.0,1.0,1,1,1.0,1.0,1.0,1.0,"Hypergraph(num_v=17, num_e=3)",False,-0.4667067527770997
3025,STATS,106-084-augF1-augA2,rewr,0.6917214393615723,0.2687349319458008,1,3,7,5,2,28931.34,39750,190881,110723.0,70644.0,101538.0,146209.5,20409.0,6821546.0,3420977.5,1720693.25,3420977.5,5121261.75,1,1,3,1.1333333333333333,1.0,1.0,1.0,2,2,2.0,2.0,2.0,2.0,"Hypergraph(num_v=17, num_e=3)",False,-0.4229865074157715
3026,STATS,106-084-augF2,rewr,0.2672240734100342,0.0772249698638916,1,3,7,5,2,17618.26,39750,101349,71405.66666666667,56434.0,73118.0,87233.5,7818.0,2608171.0,1307994.5,657906.25,1307994.5,1958082.75,2,1,3,1.1333333333333333,1.0,1.0,1.0,1,1,1.0,1.0,1.0,1.0,"Hypergraph(num_v=17, num_e=3)",False,-0.18999910354614258
3027,STATS,106-084-augF2-augA1,rewr,0.2701914310455322,0.2216975688934326,1,3,7,5,2,17618.26,39750,101349,71405.66666666667,56434.0,73118.0,87233.5,7818.0,2608171.0,1307994.5,657906.25,1307994.5,1958082.75,2,1,3,1.1333333333333333,1.0,1.0,1.0,1,1,1.0,1.0,1.0,1.0,"Hypergraph(num_v=17, num_e=3)",False,-0.04849386215209964
3028,STATS,106-084-augF2-augA2,rewr,0.266862154006958,0.0692338943481445,1,3,7,5,2,17618.26,39750,101349,71405.66666666667,56434.0,73118.0,87233.5,7818.0,2608171.0,1307994.5,657906.25,1307994.5,1958082.75,1,1,3,1.1333333333333333,1.0,1.0,1.0,2,2,2.0,2.0,2.0,2.0,"Hypergraph(num_v=17, num_e=3)",False,-0.1976282596588135
3029,STATS,107-104,rewr,2.5589253902435303,0.3910732269287109,1,4,8,5,3,2879964.45,39205,328064,179177.5,140530.0,174720.5,213368.0,166792.0,1089748309.0,365982925.6666667,4100234.0,8033676.0,548890992.5,2,1,4,1.1578947368421053,1.0,1.0,1.0,1,2,1.5,1.5,1.25,1.75,"Hypergraph(num_v=22, num_e=4)",True,-2.1678521633148193
3030,STATS,107-104-augA1,rewr,2.402391195297241,0.4302620887756347,1,4,8,5,3,2879393.95,39205,328064,179177.5,140530.0,174720.5,213368.0,166792.0,1089748309.0,365982925.6666667,4100234.0,8033676.0,548890992.5,1,1,4,1.1578947368421053,1.0,1.0,1.0,3,3,3.0,3.0,3.0,3.0,"Hypergraph(num_v=22, num_e=4)",False,-1.9721291065216064
3031,STATS,107-104-augA2,rewr,2.583090305328369,0.2623300552368164,1,4,8,5,3,2879393.95,39205,328064,179177.5,140530.0,174720.5,213368.0,166792.0,1089748309.0,365982925.6666667,4100234.0,8033676.0,548890992.5,2,1,4,1.1578947368421053,1.0,1.0,1.0,1,2,1.5,1.5,1.25,1.75,"Hypergraph(num_v=22, num_e=4)",False,-2.3207602500915527
3032,STATS,107-104-augA3,rewr,2.55379056930542,0.1701869964599609,1,4,8,5,3,2879393.95,39205,328064,179177.5,140530.0,174720.5,213368.0,166792.0,1089748309.0,365982925.6666667,4100234.0,8033676.0,548890992.5,1,1,4,1.1578947368421053,1.0,1.0,1.0,3,3,3.0,3.0,3.0,3.0,"Hypergraph(num_v=22, num_e=4)",False,-2.383603572845459
3033,STATS,107-104-augF1,rewr,3.269343376159668,0.1582796573638916,1,4,8,5,3,2928421.18,39884,328064,179347.25,140699.75,174720.5,213368.0,169681.0,1108621899.0,372275085.3333333,4101678.5,8033676.0,558327787.5,2,1,4,1.1578947368421053,1.0,1.0,1.0,1,2,1.5,1.5,1.25,1.75,"Hypergraph(num_v=22, num_e=4)",False,-3.1110637187957764
3034,STATS,107-104-augF1-augA1,rewr,3.039257049560547,0.1415553092956543,1,4,8,5,3,2927840.18,39884,328064,179347.25,140699.75,174720.5,213368.0,169681.0,1108621899.0,372275085.3333333,4101678.5,8033676.0,558327787.5,2,1,4,1.1578947368421053,1.0,1.0,1.0,1,2,1.5,1.5,1.25,1.75,"Hypergraph(num_v=22, num_e=4)",False,-2.8977017402648926
3035,STATS,107-104-augF1-augA2,rewr,3.3167006969451904,0.1644468307495117,1,4,8,5,3,2927840.18,39884,328064,179347.25,140699.75,174720.5,213368.0,169681.0,1108621899.0,372275085.3333333,4101678.5,8033676.0,558327787.5,2,1,4,1.1578947368421053,1.0,1.0,1.0,1,2,1.5,1.5,1.25,1.75,"Hypergraph(num_v=22, num_e=4)",False,-3.1522538661956787
3036,STATS,107-104-augF1-augA3,rewr,3.285339832305908,0.1844310760498047,1,4,8,5,3,2927840.18,39884,328064,179347.25,140699.75,174720.5,213368.0,169681.0,1108621899.0,372275085.3333333,4101678.5,8033676.0,558327787.5,1,1,4,1.1578947368421053,1.0,1.0,1.0,3,3,3.0,3.0,3.0,3.0,"Hypergraph(num_v=22, num_e=4)",False,-3.1009087562561035
3037,STATS,107-104-augF2,rewr,0.2635679244995117,0.1617622375488281,1,4,8,5,3,405080.25,37301,192979,93004.25,38729.0,70868.5,125143.75,98113.0,136528279.0,45877628.333333336,552303.0,1006493.0,68767386.0,1,1,4,1.1578947368421053,1.0,1.0,1.0,3,3,3.0,3.0,3.0,3.0,"Hypergraph(num_v=22, num_e=4)",False,-0.10180568695068362
3038,STATS,107-104-augF2-augA1,rewr,0.278001070022583,0.1599247455596923,1,4,8,5,3,405080.25,37301,192979,93004.25,38729.0,70868.5,125143.75,98113.0,136528279.0,45877628.333333336,552303.0,1006493.0,68767386.0,1,1,4,1.1578947368421053,1.0,1.0,1.0,3,3,3.0,3.0,3.0,3.0,"Hypergraph(num_v=22, num_e=4)",False,-0.11807632446289071
3039,STATS,107-104-augF2-augA2,rewr,0.2769947052001953,0.1300318241119384,1,4,8,5,3,405080.25,37301,192979,93004.25,38729.0,70868.5,125143.75,98113.0,136528279.0,45877628.333333336,552303.0,1006493.0,68767386.0,2,1,4,1.1578947368421053,1.0,1.0,1.0,1,2,1.5,1.5,1.25,1.75,"Hypergraph(num_v=22, num_e=4)",False,-0.14696288108825692
3040,STATS,107-104-augF2-augA3,rewr,0.2661631107330322,0.14748215675354,1,4,8,5,3,405080.25,37301,192979,93004.25,38729.0,70868.5,125143.75,98113.0,136528279.0,45877628.333333336,552303.0,1006493.0,68767386.0,1,1,4,1.1578947368421053,1.0,1.0,1.0,3,3,3.0,3.0,3.0,3.0,"Hypergraph(num_v=22, num_e=4)",False,-0.11868095397949222
3041,STATS,108-060,rewr,0.8250606060028076,0.2523925304412842,1,6,8,3,5,21060.15,11102,192979,86260.33333333333,49304.25,85913.5,99893.0,11102.0,1490976.0,327213.6,12376.0,44145.0,77469.0,2,1,4,1.1666666666666667,1.0,1.0,1.0,1,4,2.5,2.5,1.75,3.25,"Hypergraph(num_v=35, num_e=6)",True,-0.5726680755615234
3042,STATS,108-060-augA1,rewr,0.8187246322631836,0.331857681274414,1,6,8,3,5,21060.15,11102,192979,86260.33333333333,49304.25,85913.5,99893.0,11102.0,1490976.0,327213.6,12376.0,44145.0,77469.0,1,1,4,1.1666666666666667,1.0,1.0,1.0,5,5,5.0,5.0,5.0,5.0,"Hypergraph(num_v=35, num_e=6)",False,-0.4868669509887696
3043,STATS,108-060-augA2,rewr,0.822850227355957,0.3182075023651123,1,6,8,3,5,21060.15,11102,192979,86260.33333333333,49304.25,85913.5,99893.0,11102.0,1490976.0,327213.6,12376.0,44145.0,77469.0,2,1,4,1.1666666666666667,1.0,1.0,1.0,1,4,2.5,2.5,1.75,3.25,"Hypergraph(num_v=35, num_e=6)",False,-0.5046427249908447
3044,STATS,108-060-augA3,rewr,0.8210644721984863,0.1876502037048339,1,6,8,3,5,21060.15,11102,192979,86260.33333333333,49304.25,85913.5,99893.0,11102.0,1490976.0,327213.6,12376.0,44145.0,77469.0,2,1,4,1.1666666666666667,1.0,1.0,1.0,1,4,2.5,2.5,1.75,3.25,"Hypergraph(num_v=35, num_e=6)",False,-0.6334142684936525
3045,STATS,108-060-augA4,rewr,0.8336386680603027,0.1815869808197021,1,6,8,3,5,21060.15,11102,192979,86260.33333333333,49304.25,85913.5,99893.0,11102.0,1490976.0,327213.6,12376.0,44145.0,77469.0,2,1,4,1.1666666666666667,1.0,1.0,1.0,1,4,2.5,2.5,1.75,3.25,"Hypergraph(num_v=35, num_e=6)",False,-0.6520516872406006
3046,STATS,108-060-augA5,rewr,0.8154218196868896,0.2578094005584717,1,6,8,3,5,21060.15,11102,192979,86260.33333333333,49304.25,85913.5,99893.0,11102.0,1490976.0,327213.6,12376.0,44145.0,77469.0,1,1,4,1.1666666666666667,1.0,1.0,1.0,5,5,5.0,5.0,5.0,5.0,"Hypergraph(num_v=35, num_e=6)",False,-0.557612419128418
3047,STATS,108-060-augF1,rewr,0.24151134490966797,0.212461233139038,1,6,8,3,5,20820.07,11102,192979,86000.33333333333,48134.25,85913.5,99893.0,11102.0,1431523.0,314705.2,12376.0,44145.0,74380.0,2,1,4,1.1666666666666667,1.0,1.0,1.0,1,4,2.5,2.5,1.75,3.25,"Hypergraph(num_v=35, num_e=6)",False,-0.029050111770629966
3048,STATS,108-060-augF1-augA1,orig,0.24388575553894043,0.2885661125183105,1,6,8,3,5,20820.07,11102,192979,86000.33333333333,48134.25,85913.5,99893.0,11102.0,1431523.0,314705.2,12376.0,44145.0,74380.0,1,1,4,1.1666666666666667,1.0,1.0,1.0,5,5,5.0,5.0,5.0,5.0,"Hypergraph(num_v=35, num_e=6)",False,0.04468035697937006
3049,STATS,108-060-augF1-augA2,orig,0.24478721618652344,0.3030643463134765,1,6,8,3,5,20820.07,11102,192979,86000.33333333333,48134.25,85913.5,99893.0,11102.0,1431523.0,314705.2,12376.0,44145.0,74380.0,2,1,4,1.1666666666666667,1.0,1.0,1.0,1,4,2.5,2.5,1.75,3.25,"Hypergraph(num_v=35, num_e=6)",False,0.05827713012695307
3050,STATS,108-060-augF1-augA3,rewr,0.24056077003479004,0.1299812793731689,1,6,8,3,5,20820.07,11102,192979,86000.33333333333,48134.25,85913.5,99893.0,11102.0,1431523.0,314705.2,12376.0,44145.0,74380.0,2,1,4,1.1666666666666667,1.0,1.0,1.0,1,4,2.5,2.5,1.75,3.25,"Hypergraph(num_v=35, num_e=6)",False,-0.11057949066162115
3051,STATS,108-060-augF1-augA4,rewr,0.23085498809814453,0.1787207126617431,1,6,8,3,5,20820.07,11102,192979,86000.33333333333,48134.25,85913.5,99893.0,11102.0,1431523.0,314705.2,12376.0,44145.0,74380.0,2,1,4,1.1666666666666667,1.0,1.0,1.0,1,4,2.5,2.5,1.75,3.25,"Hypergraph(num_v=35, num_e=6)",False,-0.05213427543640142
3052,STATS,108-060-augF1-augA5,orig,0.23113107681274414,0.2630496025085449,1,6,8,3,5,20820.07,11102,192979,86000.33333333333,48134.25,85913.5,99893.0,11102.0,1431523.0,314705.2,12376.0,44145.0,74380.0,1,1,4,1.1666666666666667,1.0,1.0,1.0,5,5,5.0,5.0,5.0,5.0,"Hypergraph(num_v=35, num_e=6)",False,0.03191852569580078
3053,STATS,108-060-augF2,orig,0.046535491943359375,0.1523334980010986,1,6,8,3,5,14517.93,2330,192979,80128.33333333333,28289.25,85913.5,99893.0,632.0,150957.0,32009.2,705.0,2514.0,5238.0,2,1,4,1.1666666666666667,1.0,1.0,1.0,1,4,2.5,2.5,1.75,3.25,"Hypergraph(num_v=35, num_e=6)",False,0.10579800605773923
3054,STATS,108-060-augF2-augA1,orig,0.04665970802307129,0.2846429347991943,1,6,8,3,5,14517.93,2330,192979,80128.33333333333,28289.25,85913.5,99893.0,632.0,150957.0,32009.2,705.0,2514.0,5238.0,1,1,4,1.1666666666666667,1.0,1.0,1.0,5,5,5.0,5.0,5.0,5.0,"Hypergraph(num_v=35, num_e=6)",False,0.237983226776123
3055,STATS,108-060-augF2-augA2,orig,0.04762578010559082,0.2364149093627929,1,6,8,3,5,14517.93,2330,192979,80128.33333333333,28289.25,85913.5,99893.0,632.0,150957.0,32009.2,705.0,2514.0,5238.0,2,1,4,1.1666666666666667,1.0,1.0,1.0,1,4,2.5,2.5,1.75,3.25,"Hypergraph(num_v=35, num_e=6)",False,0.1887891292572021
3056,STATS,108-060-augF2-augA3,orig,0.04694700241088867,0.119389533996582,1,6,8,3,5,14517.93,2330,192979,80128.33333333333,28289.25,85913.5,99893.0,632.0,150957.0,32009.2,705.0,2514.0,5238.0,2,1,4,1.1666666666666667,1.0,1.0,1.0,1,4,2.5,2.5,1.75,3.25,"Hypergraph(num_v=35, num_e=6)",False,0.07244253158569333
3057,STATS,108-060-augF2-augA4,orig,0.046962738037109375,0.1667444705963134,1,6,8,3,5,14517.93,2330,192979,80128.33333333333,28289.25,85913.5,99893.0,632.0,150957.0,32009.2,705.0,2514.0,5238.0,2,1,4,1.1666666666666667,1.0,1.0,1.0,1,4,2.5,2.5,1.75,3.25,"Hypergraph(num_v=35, num_e=6)",False,0.11978173255920402
3058,STATS,108-060-augF2-augA5,orig,0.046224117279052734,0.2451107501983642,1,6,8,3,5,14517.93,2330,192979,80128.33333333333,28289.25,85913.5,99893.0,632.0,150957.0,32009.2,705.0,2514.0,5238.0,1,1,4,1.1666666666666667,1.0,1.0,1.0,5,5,5.0,5.0,5.0,5.0,"Hypergraph(num_v=35, num_e=6)",False,0.19888663291931147
3059,STATS,109-133,rewr,0.9986855983734131,0.1555180549621582,1,5,13,9,4,3747307.34,1,178345,71948.8,1012.0,77854.0,102532.0,100.0,1482614445.0,370730486.0,217.0,153699.5,370883968.5,2,1,5,1.1904761904761905,1.0,1.0,1.0,1,3,2.0,2.0,1.5,2.5,"Hypergraph(num_v=25, num_e=5)",True,-0.8431675434112549
3060,STATS,109-133-augA1,rewr,0.9666337966918945,0.1159512996673584,1,5,13,9,4,3746707.34,1,178345,71948.8,1012.0,77854.0,102532.0,100.0,1482614445.0,370730486.0,217.0,153699.5,370883968.5,2,1,5,1.1904761904761905,1.0,1.0,1.0,1,3,2.0,2.0,1.5,2.5,"Hypergraph(num_v=25, num_e=5)",False,-0.8506824970245361
3061,STATS,109-133-augA2,rewr,0.9990038871765137,0.2355899810791015,1,5,13,9,4,3747307.34,1,178345,71948.8,1012.0,77854.0,102532.0,100.0,1482614445.0,370730486.0,217.0,153699.5,370883968.5,2,1,5,1.1904761904761905,1.0,1.0,1.0,1,3,2.0,2.0,1.5,2.5,"Hypergraph(num_v=25, num_e=5)",False,-0.7634139060974121
3062,STATS,109-133-augA3,rewr,1.0158717632293701,0.387702465057373,1,5,13,9,4,3747307.34,1,178345,71948.8,1012.0,77854.0,102532.0,100.0,1482614445.0,370730486.0,217.0,153699.5,370883968.5,2,1,5,1.1904761904761905,1.0,1.0,1.0,1,3,2.0,2.0,1.5,2.5,"Hypergraph(num_v=25, num_e=5)",False,-0.6281692981719971
3063,STATS,109-133-augA4,rewr,0.9792602062225342,0.1711361408233642,1,5,13,9,4,3746707.34,1,178345,71948.8,1012.0,77854.0,102532.0,100.0,1482614445.0,370730486.0,217.0,153699.5,370883968.5,1,1,5,1.1904761904761905,1.0,1.0,1.0,4,4,4.0,4.0,4.0,4.0,"Hypergraph(num_v=25, num_e=5)",False,-0.8081240653991699
3064,STATS,109-133-augF1,rewr,1.9529058933258057,0.2566430568695068,1,5,13,9,4,3812809.47,1,178345,71948.8,1012.0,77854.0,102532.0,102.0,1508673349.0,377246563.25,221.25,156401.0,377402743.0,1,1,5,1.1904761904761905,1.0,1.0,1.0,4,4,4.0,4.0,4.0,4.0,"Hypergraph(num_v=25, num_e=5)",False,-1.6962628364562988
3065,STATS,109-133-augF1-augA1,rewr,1.8780105113983154,0.4114494323730469,1,5,13,9,4,3812199.47,1,178345,71948.8,1012.0,77854.0,102532.0,102.0,1508673349.0,377246563.25,221.25,156401.0,377402743.0,1,1,5,1.1904761904761905,1.0,1.0,1.0,4,4,4.0,4.0,4.0,4.0,"Hypergraph(num_v=25, num_e=5)",False,-1.4665610790252686
3066,STATS,109-133-augF1-augA2,rewr,1.9472365379333496,0.1465590000152588,1,5,13,9,4,3812809.47,1,178345,71948.8,1012.0,77854.0,102532.0,102.0,1508673349.0,377246563.25,221.25,156401.0,377402743.0,2,1,5,1.1904761904761905,1.0,1.0,1.0,1,3,2.0,2.0,1.5,2.5,"Hypergraph(num_v=25, num_e=5)",False,-1.8006775379180908
3067,STATS,109-133-augF1-augA3,rewr,1.9655864238739014,0.4442591667175293,1,5,13,9,4,3812809.47,1,178345,71948.8,1012.0,77854.0,102532.0,102.0,1508673349.0,377246563.25,221.25,156401.0,377402743.0,2,1,5,1.1904761904761905,1.0,1.0,1.0,1,3,2.0,2.0,1.5,2.5,"Hypergraph(num_v=25, num_e=5)",False,-1.521327257156372
3068,STATS,109-133-augF1-augA4,rewr,1.8989379405975342,0.2450754642486572,1,5,13,9,4,3812199.47,1,178345,71948.8,1012.0,77854.0,102532.0,102.0,1508673349.0,377246563.25,221.25,156401.0,377402743.0,1,1,5,1.1904761904761905,1.0,1.0,1.0,4,4,4.0,4.0,4.0,4.0,"Hypergraph(num_v=25, num_e=5)",False,-1.653862476348877
3069,STATS,109-133-augF2,rewr,1.2729053497314453,0.1892812252044677,1,5,13,9,4,3812708.19,1,178345,71948.8,1012.0,77854.0,102532.0,102.0,1508633010.0,377236476.5,221.25,156397.0,377392652.25,2,1,5,1.1904761904761905,1.0,1.0,1.0,1,3,2.0,2.0,1.5,2.5,"Hypergraph(num_v=25, num_e=5)",False,-1.0836241245269775
3070,STATS,109-133-augF2-augA1,rewr,1.2276291847229004,0.1371066570281982,1,5,13,9,4,3812098.19,1,178345,71948.8,1012.0,77854.0,102532.0,102.0,1508633010.0,377236476.5,221.25,156397.0,377392652.25,2,1,5,1.1904761904761905,1.0,1.0,1.0,1,3,2.0,2.0,1.5,2.5,"Hypergraph(num_v=25, num_e=5)",False,-1.0905225276947021
3071,STATS,109-133-augF2-augA2,rewr,1.2880003452301025,0.1430425643920898,1,5,13,9,4,3812708.19,1,178345,71948.8,1012.0,77854.0,102532.0,102.0,1508633010.0,377236476.5,221.25,156397.0,377392652.25,2,1,5,1.1904761904761905,1.0,1.0,1.0,1,3,2.0,2.0,1.5,2.5,"Hypergraph(num_v=25, num_e=5)",False,-1.1449577808380127
3072,STATS,109-133-augF2-augA3,rewr,1.3051307201385498,0.2382829189300537,1,5,13,9,4,3812708.19,1,178345,71948.8,1012.0,77854.0,102532.0,102.0,1508633010.0,377236476.5,221.25,156397.0,377392652.25,2,1,5,1.1904761904761905,1.0,1.0,1.0,1,3,2.0,2.0,1.5,2.5,"Hypergraph(num_v=25, num_e=5)",False,-1.066847801208496
3073,STATS,109-133-augF2-augA4,rewr,1.2864677906036377,0.1799492835998535,1,5,13,9,4,3812098.19,1,178345,71948.8,1012.0,77854.0,102532.0,102.0,1508633010.0,377236476.5,221.25,156397.0,377392652.25,1,1,5,1.1904761904761905,1.0,1.0,1.0,4,4,4.0,4.0,4.0,4.0,"Hypergraph(num_v=25, num_e=5)",False,-1.1065185070037842
3074,STATS,110-138,rewr,0.9284849166870117,0.222970962524414,1,5,8,4,4,10072.44,1,192979,54645.4,1.0,1032.0,79214.0,584.0,1147.0,729.75,590.75,594.0,733.0,2,1,4,1.1666666666666667,1.0,1.0,1.0,1,3,2.0,2.0,1.5,2.5,"Hypergraph(num_v=28, num_e=5)",True,-0.7055139541625977
3075,STATS,110-138-augA1,rewr,0.9122087955474854,0.1119594573974609,1,5,8,4,4,10072.44,1,192979,54645.4,1.0,1032.0,79214.0,584.0,1147.0,729.75,590.75,594.0,733.0,1,1,4,1.1666666666666667,1.0,1.0,1.0,4,4,4.0,4.0,4.0,4.0,"Hypergraph(num_v=28, num_e=5)",False,-0.8002493381500244
3076,STATS,110-138-augA2,rewr,0.895484209060669,0.2323114871978759,1,5,8,4,4,10072.44,1,192979,54645.4,1.0,1032.0,79214.0,584.0,1147.0,729.75,590.75,594.0,733.0,1,1,4,1.1666666666666667,1.0,1.0,1.0,4,4,4.0,4.0,4.0,4.0,"Hypergraph(num_v=28, num_e=5)",False,-0.6631727218627931
3077,STATS,110-138-augA3,rewr,0.895550012588501,0.1892168521881103,1,5,8,4,4,10072.44,1,192979,54645.4,1.0,1032.0,79214.0,584.0,1147.0,729.75,590.75,594.0,733.0,2,1,4,1.1666666666666667,1.0,1.0,1.0,1,3,2.0,2.0,1.5,2.5,"Hypergraph(num_v=28, num_e=5)",False,-0.7063331604003906
3078,STATS,110-138-augA4,rewr,0.9307363033294678,0.0988826751708984,1,5,8,4,4,10072.44,1,192979,54645.4,1.0,1032.0,79214.0,584.0,1147.0,729.75,590.75,594.0,733.0,2,1,4,1.1666666666666667,1.0,1.0,1.0,1,3,2.0,2.0,1.5,2.5,"Hypergraph(num_v=28, num_e=5)",False,-0.8318536281585693
3079,STATS,110-138-augF1,rewr,0.9115650653839111,0.2466175556182861,1,5,8,4,4,10073.58,1,192979,54645.4,1.0,1032.0,79214.0,587.0,1153.0,733.75,593.75,597.5,737.5,2,1,4,1.1666666666666667,1.0,1.0,1.0,1,3,2.0,2.0,1.5,2.5,"Hypergraph(num_v=28, num_e=5)",False,-0.664947509765625
3080,STATS,110-138-augF1-augA1,rewr,0.9194207191467285,0.1751215457916259,1,5,8,4,4,10073.58,1,192979,54645.4,1.0,1032.0,79214.0,587.0,1153.0,733.75,593.75,597.5,737.5,1,1,4,1.1666666666666667,1.0,1.0,1.0,4,4,4.0,4.0,4.0,4.0,"Hypergraph(num_v=28, num_e=5)",False,-0.7442991733551027
3081,STATS,110-138-augF1-augA2,rewr,0.8991811275482178,0.1753103733062744,1,5,8,4,4,10073.58,1,192979,54645.4,1.0,1032.0,79214.0,587.0,1153.0,733.75,593.75,597.5,737.5,1,1,4,1.1666666666666667,1.0,1.0,1.0,4,4,4.0,4.0,4.0,4.0,"Hypergraph(num_v=28, num_e=5)",False,-0.7238707542419434
3082,STATS,110-138-augF1-augA3,rewr,0.8923659324645996,0.1846616268157959,1,5,8,4,4,10073.58,1,192979,54645.4,1.0,1032.0,79214.0,587.0,1153.0,733.75,593.75,597.5,737.5,2,1,4,1.1666666666666667,1.0,1.0,1.0,1,3,2.0,2.0,1.5,2.5,"Hypergraph(num_v=28, num_e=5)",False,-0.7077043056488037
3083,STATS,110-138-augF1-augA4,rewr,0.9293246269226074,0.1541683673858642,1,5,8,4,4,10073.58,1,192979,54645.4,1.0,1032.0,79214.0,587.0,1153.0,733.75,593.75,597.5,737.5,2,1,4,1.1666666666666667,1.0,1.0,1.0,1,3,2.0,2.0,1.5,2.5,"Hypergraph(num_v=28, num_e=5)",False,-0.7751562595367432
3084,STATS,110-138-augF2,orig,0.014672279357910156,0.1058342456817627,1,5,8,4,4,9805.76,1,192979,54807.0,809.0,1032.0,79214.0,5.0,10.0,6.25,5.0,5.0,6.25,2,1,4,1.1666666666666667,1.0,1.0,1.0,1,3,2.0,2.0,1.5,2.5,"Hypergraph(num_v=28, num_e=5)",False,0.09116196632385254
3085,STATS,110-138-augF2-augA1,orig,0.013727903366088867,0.0263717174530029,1,5,8,4,4,9805.76,1,192979,54807.0,809.0,1032.0,79214.0,5.0,10.0,6.25,5.0,5.0,6.25,1,1,4,1.1666666666666667,1.0,1.0,1.0,4,4,4.0,4.0,4.0,4.0,"Hypergraph(num_v=28, num_e=5)",False,0.012643814086914031
3086,STATS,110-138-augF2-augA2,orig,0.01381063461303711,0.0174384117126464,1,5,8,4,4,9805.76,1,192979,54807.0,809.0,1032.0,79214.0,5.0,10.0,6.25,5.0,5.0,6.25,1,1,4,1.1666666666666667,1.0,1.0,1.0,4,4,4.0,4.0,4.0,4.0,"Hypergraph(num_v=28, num_e=5)",False,0.0036277770996092917
3087,STATS,110-138-augF2-augA3,orig,0.014812469482421875,0.05458664894104,1,5,8,4,4,9805.76,1,192979,54807.0,809.0,1032.0,79214.0,5.0,10.0,6.25,5.0,5.0,6.25,2,1,4,1.1666666666666667,1.0,1.0,1.0,1,3,2.0,2.0,1.5,2.5,"Hypergraph(num_v=28, num_e=5)",False,0.03977417945861812
3088,STATS,110-138-augF2-augA4,orig,0.014443159103393555,0.0828449726104736,1,5,8,4,4,9805.76,1,192979,54807.0,809.0,1032.0,79214.0,5.0,10.0,6.25,5.0,5.0,6.25,2,1,4,1.1666666666666667,1.0,1.0,1.0,1,3,2.0,2.0,1.5,2.5,"Hypergraph(num_v=28, num_e=5)",False,0.06840181350708005
3089,STATS,111-056,rewr,0.92771315574646,0.2164967060089111,1,5,5,1,4,9834.76,1,192979,73167.8,1032.0,79851.0,91976.0,587.0,1162.0,737.25,593.75,600.0,743.5,2,1,4,1.1666666666666667,1.0,1.0,1.0,1,3,2.0,2.0,1.5,2.5,"Hypergraph(num_v=28, num_e=5)",True,-0.7112164497375488
3090,STATS,111-056-augA1,rewr,0.9335322380065918,0.1713786125183105,1,5,5,1,4,9834.76,1,192979,73167.8,1032.0,79851.0,91976.0,587.0,1162.0,737.25,593.75,600.0,743.5,1,1,4,1.1666666666666667,1.0,1.0,1.0,4,4,4.0,4.0,4.0,4.0,"Hypergraph(num_v=28, num_e=5)",False,-0.7621536254882812
3091,STATS,111-056-augA2,rewr,0.9117803573608398,0.2159507274627685,1,5,5,1,4,9834.76,1,192979,73167.8,1032.0,79851.0,91976.0,587.0,1162.0,737.25,593.75,600.0,743.5,1,1,4,1.1666666666666667,1.0,1.0,1.0,4,4,4.0,4.0,4.0,4.0,"Hypergraph(num_v=28, num_e=5)",False,-0.6958296298980713
3092,STATS,111-056-augA3,rewr,0.9103281497955322,0.1785435676574707,1,5,5,1,4,9834.76,1,192979,73167.8,1032.0,79851.0,91976.0,587.0,1162.0,737.25,593.75,600.0,743.5,2,1,4,1.1666666666666667,1.0,1.0,1.0,1,3,2.0,2.0,1.5,2.5,"Hypergraph(num_v=28, num_e=5)",False,-0.7317845821380615
3093,STATS,111-056-augA4,rewr,0.9508993625640869,0.092134952545166,1,5,5,1,4,9834.76,1,192979,73167.8,1032.0,79851.0,91976.0,587.0,1162.0,737.25,593.75,600.0,743.5,2,1,4,1.1666666666666667,1.0,1.0,1.0,1,3,2.0,2.0,1.5,2.5,"Hypergraph(num_v=28, num_e=5)",False,-0.8587644100189209
3094,STATS,111-056-augF1,rewr,0.907881498336792,0.1446678638458252,1,5,5,1,4,9793.81,1,192979,73167.8,1032.0,79851.0,91976.0,1.0,596.0,150.0,1.0,1.5,150.5,2,1,4,1.1666666666666667,1.0,1.0,1.0,1,3,2.0,2.0,1.5,2.5,"Hypergraph(num_v=28, num_e=5)",False,-0.7632136344909668
3095,STATS,111-056-augF1-augA1,rewr,0.9048411846160889,0.1020240783691406,1,5,5,1,4,9793.81,1,192979,73167.8,1032.0,79851.0,91976.0,1.0,596.0,150.0,1.0,1.5,150.5,1,1,4,1.1666666666666667,1.0,1.0,1.0,4,4,4.0,4.0,4.0,4.0,"Hypergraph(num_v=28, num_e=5)",False,-0.8028171062469482
3096,STATS,111-056-augF1-augA2,rewr,0.8866026401519775,0.1425738334655761,1,5,5,1,4,9793.81,1,192979,73167.8,1032.0,79851.0,91976.0,1.0,596.0,150.0,1.0,1.5,150.5,1,1,4,1.1666666666666667,1.0,1.0,1.0,4,4,4.0,4.0,4.0,4.0,"Hypergraph(num_v=28, num_e=5)",False,-0.7440288066864015
3097,STATS,111-056-augF1-augA3,rewr,0.884148120880127,0.059420108795166,1,5,5,1,4,9793.81,1,192979,73167.8,1032.0,79851.0,91976.0,1.0,596.0,150.0,1.0,1.5,150.5,2,1,4,1.1666666666666667,1.0,1.0,1.0,1,3,2.0,2.0,1.5,2.5,"Hypergraph(num_v=28, num_e=5)",False,-0.8247280120849609
3098,STATS,111-056-augF1-augA4,rewr,0.926490306854248,0.0919101238250732,1,5,5,1,4,9793.81,1,192979,73167.8,1032.0,79851.0,91976.0,1.0,596.0,150.0,1.0,1.5,150.5,2,1,4,1.1666666666666667,1.0,1.0,1.0,1,3,2.0,2.0,1.5,2.5,"Hypergraph(num_v=28, num_e=5)",False,-0.8345801830291748
3099,STATS,112-028,rewr,0.9812929630279541,0.2303085327148437,1,4,5,2,3,33824.24,40325,192979,101098.5,69969.5,85545.0,116674.0,79851.0,6664396.0,2311893.0,135641.5,191432.0,3427914.0,2,1,3,1.1363636363636365,1.0,1.0,1.0,1,2,1.5,1.5,1.25,1.75,"Hypergraph(num_v=25, num_e=4)",True,-0.7509844303131104
3100,STATS,112-028-augA1,rewr,0.9849317073822021,0.2502875328063965,1,4,5,2,3,33824.24,40325,192979,101098.5,69969.5,85545.0,116674.0,79851.0,6664396.0,2311893.0,135641.5,191432.0,3427914.0,1,1,3,1.1363636363636365,1.0,1.0,1.0,3,3,3.0,3.0,3.0,3.0,"Hypergraph(num_v=25, num_e=4)",False,-0.7346441745758057
3101,STATS,112-028-augA2,rewr,0.9979057312011719,0.2441611289978027,1,4,5,2,3,33824.24,40325,192979,101098.5,69969.5,85545.0,116674.0,79851.0,6664396.0,2311893.0,135641.5,191432.0,3427914.0,2,1,3,1.1363636363636365,1.0,1.0,1.0,1,2,1.5,1.5,1.25,1.75,"Hypergraph(num_v=25, num_e=4)",False,-0.7537446022033691
3102,STATS,112-028-augA3,rewr,0.9828815460205078,0.2418458461761474,1,4,5,2,3,33824.24,40325,192979,101098.5,69969.5,85545.0,116674.0,79851.0,6664396.0,2311893.0,135641.5,191432.0,3427914.0,1,1,3,1.1363636363636365,1.0,1.0,1.0,3,3,3.0,3.0,3.0,3.0,"Hypergraph(num_v=25, num_e=4)",False,-0.7410356998443604
3103,STATS,112-028-augF1,rewr,0.23537993431091309,0.1695063114166259,1,4,5,2,3,26064.43,40325,192979,93230.0,54905.0,69808.0,108133.0,79851.0,4365426.0,1523557.3333333333,102623.0,125395.0,2245410.5,2,1,3,1.1363636363636365,1.0,1.0,1.0,1,2,1.5,1.5,1.25,1.75,"Hypergraph(num_v=25, num_e=4)",False,-0.06587362289428719
3104,STATS,112-028-augF1-augA1,rewr,0.2308351993560791,0.2044410705566406,1,4,5,2,3,26064.43,40325,192979,93230.0,54905.0,69808.0,108133.0,79851.0,4365426.0,1523557.3333333333,102623.0,125395.0,2245410.5,1,1,3,1.1363636363636365,1.0,1.0,1.0,3,3,3.0,3.0,3.0,3.0,"Hypergraph(num_v=25, num_e=4)",False,-0.026394128799438504
3105,STATS,112-028-augF1-augA2,rewr,0.2388465404510498,0.1922752857208252,1,4,5,2,3,26064.43,40325,192979,93230.0,54905.0,69808.0,108133.0,79851.0,4365426.0,1523557.3333333333,102623.0,125395.0,2245410.5,2,1,3,1.1363636363636365,1.0,1.0,1.0,1,2,1.5,1.5,1.25,1.75,"Hypergraph(num_v=25, num_e=4)",False,-0.04657125473022461
3106,STATS,112-028-augF1-augA3,rewr,0.23545026779174805,0.1938321590423584,1,4,5,2,3,26064.43,40325,192979,93230.0,54905.0,69808.0,108133.0,79851.0,4365426.0,1523557.3333333333,102623.0,125395.0,2245410.5,1,1,3,1.1363636363636365,1.0,1.0,1.0,3,3,3.0,3.0,3.0,3.0,"Hypergraph(num_v=25, num_e=4)",False,-0.04161810874938965
3107,STATS,112-028-augF2,rewr,0.9386081695556641,0.1898434162139892,1,4,5,2,3,12865.13,1731,192979,91450.0,60321.0,85545.0,116674.0,3428.0,286078.0,160312.66666666666,97430.0,191432.0,238755.0,2,1,3,1.1363636363636365,1.0,1.0,1.0,1,2,1.5,1.5,1.25,1.75,"Hypergraph(num_v=25, num_e=4)",False,-0.7487647533416748
3108,STATS,112-028-augF2-augA1,rewr,0.9393291473388672,0.2385523319244384,1,4,5,2,3,12865.13,1731,192979,91450.0,60321.0,85545.0,116674.0,3428.0,286078.0,160312.66666666666,97430.0,191432.0,238755.0,1,1,3,1.1363636363636365,1.0,1.0,1.0,3,3,3.0,3.0,3.0,3.0,"Hypergraph(num_v=25, num_e=4)",False,-0.7007768154144288
3109,STATS,112-028-augF2-augA2,rewr,0.9669368267059326,0.2035341262817382,1,4,5,2,3,12865.13,1731,192979,91450.0,60321.0,85545.0,116674.0,3428.0,286078.0,160312.66666666666,97430.0,191432.0,238755.0,2,1,3,1.1363636363636365,1.0,1.0,1.0,1,2,1.5,1.5,1.25,1.75,"Hypergraph(num_v=25, num_e=4)",False,-0.7634027004241944
3110,STATS,112-028-augF2-augA3,rewr,0.9532413482666016,0.2378451824188232,1,4,5,2,3,12865.13,1731,192979,91450.0,60321.0,85545.0,116674.0,3428.0,286078.0,160312.66666666666,97430.0,191432.0,238755.0,1,1,3,1.1363636363636365,1.0,1.0,1.0,3,3,3.0,3.0,3.0,3.0,"Hypergraph(num_v=25, num_e=4)",False,-0.7153961658477783
3111,STATS,113-113,rewr,1.9545841217041016,0.1750848293304443,1,4,6,3,3,18370548.74,39017,178345,99819.75,69642.5,90958.5,121135.75,97199.0,7177412315.0,2395450298.0,4469289.5,8841380.0,3593126847.5,2,1,4,1.1875,1.0,1.0,1.0,1,2,1.5,1.5,1.25,1.75,"Hypergraph(num_v=19, num_e=4)",True,-1.7794992923736572
3112,STATS,113-113-augA1,rewr,1.8946025371551514,0.15299654006958,1,4,6,3,3,18370548.74,39017,178345,99819.75,69642.5,90958.5,121135.75,97199.0,7177412315.0,2395450298.0,4469289.5,8841380.0,3593126847.5,2,1,4,1.1875,1.0,1.0,1.0,1,2,1.5,1.5,1.25,1.75,"Hypergraph(num_v=19, num_e=4)",False,-1.7416059970855713
3113,STATS,113-113-augA2,rewr,2.3096563816070557,0.2840454578399658,1,4,6,3,3,18370548.74,39017,178345,99819.75,69642.5,90958.5,121135.75,97199.0,7177412315.0,2395450298.0,4469289.5,8841380.0,3593126847.5,2,1,4,1.1875,1.0,1.0,1.0,1,2,1.5,1.5,1.25,1.75,"Hypergraph(num_v=19, num_e=4)",False,-2.02561092376709
3114,STATS,113-113-augA3,rewr,1.9026987552642822,0.2887849807739258,1,4,6,3,3,18370548.74,39017,178345,99819.75,69642.5,90958.5,121135.75,97199.0,7177412315.0,2395450298.0,4469289.5,8841380.0,3593126847.5,1,1,4,1.1875,1.0,1.0,1.0,3,3,3.0,3.0,3.0,3.0,"Hypergraph(num_v=19, num_e=4)",False,-1.6139137744903564
3115,STATS,113-113-augF1,rewr,3.596815824508667,0.1779513359069824,1,4,6,3,3,18595800.85,39501,178345,99940.75,69763.5,90958.5,121135.75,98405.0,7266447032.0,2425128939.0,4469892.5,8841380.0,3637644206.0,2,1,4,1.1875,1.0,1.0,1.0,1,2,1.5,1.5,1.25,1.75,"Hypergraph(num_v=19, num_e=4)",False,-3.4188644886016846
3116,STATS,113-113-augF1-augA1,rewr,3.550429344177246,0.2151100635528564,1,4,6,3,3,18595800.85,39501,178345,99940.75,69763.5,90958.5,121135.75,98405.0,7266447032.0,2425128939.0,4469892.5,8841380.0,3637644206.0,2,1,4,1.1875,1.0,1.0,1.0,1,2,1.5,1.5,1.25,1.75,"Hypergraph(num_v=19, num_e=4)",False,-3.3353192806243896
3117,STATS,113-113-augF1-augA2,rewr,3.9338738918304443,0.1838195323944091,1,4,6,3,3,18595800.85,39501,178345,99940.75,69763.5,90958.5,121135.75,98405.0,7266447032.0,2425128939.0,4469892.5,8841380.0,3637644206.0,1,1,4,1.1875,1.0,1.0,1.0,3,3,3.0,3.0,3.0,3.0,"Hypergraph(num_v=19, num_e=4)",False,-3.750054359436035
3118,STATS,113-113-augF1-augA3,rewr,3.4552910327911377,0.1928455829620361,1,4,6,3,3,18595800.85,39501,178345,99940.75,69763.5,90958.5,121135.75,98405.0,7266447032.0,2425128939.0,4469892.5,8841380.0,3637644206.0,1,1,4,1.1875,1.0,1.0,1.0,3,3,3.0,3.0,3.0,3.0,"Hypergraph(num_v=19, num_e=4)",False,-3.2624454498291016
3119,STATS,113-113-augF2,rewr,0.8510861396789551,0.1780729293823242,1,4,6,3,3,6608710.16,36401,178345,83403.5,38363.0,59434.0,104474.5,160550.0,2559724364.0,854321746.6666666,1620438.0,3080326.0,1281402345.0,2,1,4,1.1875,1.0,1.0,1.0,1,2,1.5,1.5,1.25,1.75,"Hypergraph(num_v=19, num_e=4)",False,-0.6730132102966309
3120,STATS,113-113-augF2-augA1,rewr,0.6481781005859375,0.1031098365783691,1,4,6,3,3,6619407.97,36401,178345,83403.5,38363.0,59434.0,104474.5,77261.0,2559724364.0,854260679.0,1528836.5,2980412.0,1281352388.0,2,1,4,1.1875,1.0,1.0,1.0,1,2,1.5,1.5,1.25,1.75,"Hypergraph(num_v=19, num_e=4)",False,-0.5450682640075684
3121,STATS,113-113-augF2-augA2,rewr,0.8653204441070557,0.1215567588806152,1,4,6,3,3,6608710.16,36401,178345,83403.5,38363.0,59434.0,104474.5,160550.0,2559724364.0,854321746.6666666,1620438.0,3080326.0,1281402345.0,2,1,4,1.1875,1.0,1.0,1.0,1,2,1.5,1.5,1.25,1.75,"Hypergraph(num_v=19, num_e=4)",False,-0.7437636852264404
3122,STATS,113-113-augF2-augA3,rewr,0.8572878837585449,0.1300075054168701,1,4,6,3,3,6608710.16,36401,178345,83403.5,38363.0,59434.0,104474.5,160550.0,2559724364.0,854321746.6666666,1620438.0,3080326.0,1281402345.0,1,1,4,1.1875,1.0,1.0,1.0,3,3,3.0,3.0,3.0,3.0,"Hypergraph(num_v=19, num_e=4)",False,-0.7272803783416748
3123,STATS,114-049,rewr,1.2050418853759766,0.1115422248840332,1,5,14,10,4,280542.01,1,90086,36749.4,798.0,14710.0,78152.0,218.0,103625644.0,25957244.25,1592.75,101557.5,26057209.0,2,1,5,1.1538461538461535,1.0,1.0,1.0,1,3,2.0,2.0,1.5,2.5,"Hypergraph(num_v=30, num_e=5)",True,-1.0934996604919434
3124,STATS,114-049-augA1,rewr,1.2987849712371826,0.0976834297180175,1,5,14,10,4,280936.01,1,90086,36749.4,798.0,14710.0,78152.0,218.0,103625644.0,25957244.25,1592.75,101557.5,26057209.0,2,1,5,1.1538461538461535,1.0,1.0,1.0,1,3,2.0,2.0,1.5,2.5,"Hypergraph(num_v=30, num_e=5)",False,-1.201101541519165
3125,STATS,114-049-augA2,rewr,1.2922437191009521,0.1459133625030517,1,5,14,10,4,280936.01,1,90086,36749.4,798.0,14710.0,78152.0,218.0,103625644.0,25957244.25,1592.75,101557.5,26057209.0,2,1,5,1.1538461538461535,1.0,1.0,1.0,1,3,2.0,2.0,1.5,2.5,"Hypergraph(num_v=30, num_e=5)",False,-1.1463303565979004
3126,STATS,114-049-augA3,rewr,1.296734094619751,0.1055192947387695,1,5,14,10,4,280936.01,1,90086,36749.4,798.0,14710.0,78152.0,218.0,103625644.0,25957244.25,1592.75,101557.5,26057209.0,2,1,5,1.1538461538461535,1.0,1.0,1.0,1,3,2.0,2.0,1.5,2.5,"Hypergraph(num_v=30, num_e=5)",False,-1.1912147998809814
3127,STATS,114-049-augA4,rewr,1.2242076396942139,0.1173579692840576,1,5,14,10,4,280542.01,1,90086,36749.4,798.0,14710.0,78152.0,218.0,103625644.0,25957244.25,1592.75,101557.5,26057209.0,1,1,5,1.1538461538461535,1.0,1.0,1.0,4,4,4.0,4.0,4.0,4.0,"Hypergraph(num_v=30, num_e=5)",False,-1.1068496704101562
3128,STATS,114-049-augF1,rewr,0.12856459617614746,0.1003026962280273,1,5,14,10,4,143866.67,798,90086,40602.0,14710.0,19264.0,78152.0,106.0,50630121.0,12691449.75,28027.75,67786.0,12731208.0,2,1,5,1.1538461538461535,1.0,1.0,1.0,1,3,2.0,2.0,1.5,2.5,"Hypergraph(num_v=30, num_e=5)",False,-0.02826189994812016
3129,STATS,114-049-augF1-augA1,rewr,0.13108181953430176,0.0931413173675537,1,5,14,10,4,143866.67,798,90086,40602.0,14710.0,19264.0,78152.0,106.0,50630121.0,12691449.75,28027.75,67786.0,12731208.0,2,1,5,1.1538461538461535,1.0,1.0,1.0,1,3,2.0,2.0,1.5,2.5,"Hypergraph(num_v=30, num_e=5)",False,-0.03794050216674806
3130,STATS,114-049-augF1-augA2,rewr,0.12984871864318848,0.1145679950714111,1,5,14,10,4,143866.67,798,90086,40602.0,14710.0,19264.0,78152.0,106.0,50630121.0,12691449.75,28027.75,67786.0,12731208.0,2,1,5,1.1538461538461535,1.0,1.0,1.0,1,3,2.0,2.0,1.5,2.5,"Hypergraph(num_v=30, num_e=5)",False,-0.015280723571777372
3131,STATS,114-049-augF1-augA3,orig,0.12892389297485352,0.1417856216430664,1,5,14,10,4,143866.67,798,90086,40602.0,14710.0,19264.0,78152.0,106.0,50630121.0,12691449.75,28027.75,67786.0,12731208.0,1,1,5,1.1538461538461535,1.0,1.0,1.0,4,4,4.0,4.0,4.0,4.0,"Hypergraph(num_v=30, num_e=5)",False,0.01286172866821289
3132,STATS,114-049-augF1-augA4,rewr,0.13103175163269043,0.1050918102264404,1,5,14,10,4,143866.67,798,90086,40602.0,14710.0,19264.0,78152.0,106.0,50630121.0,12691449.75,28027.75,67786.0,12731208.0,1,1,5,1.1538461538461535,1.0,1.0,1.0,4,4,4.0,4.0,4.0,4.0,"Hypergraph(num_v=30, num_e=5)",False,-0.025939941406250028
3133,STATS,114-049-augF2,rewr,1.199951410293579,0.112926959991455,1,5,14,10,4,281673.05,1,90470,36826.2,798.0,14710.0,78152.0,218.0,104067388.0,26067895.75,1592.75,101988.5,26168291.5,2,1,5,1.1538461538461535,1.0,1.0,1.0,1,3,2.0,2.0,1.5,2.5,"Hypergraph(num_v=30, num_e=5)",False,-1.087024450302124
3134,STATS,114-049-augF2-augA1,rewr,1.2976343631744385,0.1241037845611572,1,5,14,10,4,282069.05,1,90470,36826.2,798.0,14710.0,78152.0,218.0,104067388.0,26067895.75,1592.75,101988.5,26168291.5,2,1,5,1.1538461538461535,1.0,1.0,1.0,1,3,2.0,2.0,1.5,2.5,"Hypergraph(num_v=30, num_e=5)",False,-1.1735305786132812
3135,STATS,114-049-augF2-augA2,rewr,1.29616379737854,0.138991117477417,1,5,14,10,4,282069.05,1,90470,36826.2,798.0,14710.0,78152.0,218.0,104067388.0,26067895.75,1592.75,101988.5,26168291.5,2,1,5,1.1538461538461535,1.0,1.0,1.0,1,3,2.0,2.0,1.5,2.5,"Hypergraph(num_v=30, num_e=5)",False,-1.157172679901123
3136,STATS,114-049-augF2-augA3,rewr,1.2883975505828857,0.1494247913360595,1,5,14,10,4,282069.05,1,90470,36826.2,798.0,14710.0,78152.0,218.0,104067388.0,26067895.75,1592.75,101988.5,26168291.5,2,1,5,1.1538461538461535,1.0,1.0,1.0,1,3,2.0,2.0,1.5,2.5,"Hypergraph(num_v=30, num_e=5)",False,-1.1389727592468262
3137,STATS,114-049-augF2-augA4,rewr,1.2202751636505127,0.1270003318786621,1,5,14,10,4,281673.05,1,90470,36826.2,798.0,14710.0,78152.0,218.0,104067388.0,26067895.75,1592.75,101988.5,26168291.5,1,1,5,1.1538461538461535,1.0,1.0,1.0,4,4,4.0,4.0,4.0,4.0,"Hypergraph(num_v=30, num_e=5)",False,-1.0932748317718506
3138,STATS,115-144,rewr,1.461501121520996,0.3362898826599121,1,6,11,6,5,92326.41,39863,192979,105999.66666666669,51872.75,91102.5,159391.75,47496.0,19175576.0,4003367.2,78760.0,156564.0,558440.0,2,1,4,1.1666666666666667,1.0,1.0,1.0,1,4,2.5,2.5,1.75,3.25,"Hypergraph(num_v=35, num_e=6)",True,-1.125211238861084
3139,STATS,115-144-augA1,rewr,1.4919826984405518,0.3718993663787842,1,6,11,6,5,92020.41,39863,192979,105999.66666666669,51872.75,91102.5,159391.75,47496.0,19175576.0,4003367.2,78760.0,156564.0,558440.0,1,1,4,1.1666666666666667,1.0,1.0,1.0,5,5,5.0,5.0,5.0,5.0,"Hypergraph(num_v=35, num_e=6)",False,-1.1200833320617676
3140,STATS,115-144-augA2,rewr,1.4566078186035156,0.2706530094146728,1,6,11,6,5,92213.69,39863,192979,105999.66666666669,51872.75,91102.5,159391.75,47496.0,19175576.0,4005936.6,78760.0,169411.0,558440.0,2,1,4,1.1666666666666667,1.0,1.0,1.0,1,4,2.5,2.5,1.75,3.25,"Hypergraph(num_v=35, num_e=6)",False,-1.1859548091888428
3141,STATS,115-144-augA3,rewr,1.4701056480407715,0.2786152362823486,1,6,11,6,5,92020.41,39863,192979,105999.66666666669,51872.75,91102.5,159391.75,47496.0,19175576.0,4003367.2,78760.0,156564.0,558440.0,2,1,4,1.1666666666666667,1.0,1.0,1.0,1,4,2.5,2.5,1.75,3.25,"Hypergraph(num_v=35, num_e=6)",False,-1.1914904117584229
3142,STATS,115-144-augA4,rewr,1.4689838886260986,0.3298935890197754,1,6,11,6,5,92020.41,39863,192979,105999.66666666669,51872.75,91102.5,159391.75,47496.0,19175576.0,4003367.2,78760.0,156564.0,558440.0,2,1,4,1.1666666666666667,1.0,1.0,1.0,1,4,2.5,2.5,1.75,3.25,"Hypergraph(num_v=35, num_e=6)",False,-1.1390902996063232
3143,STATS,115-144-augA5,rewr,1.4504458904266357,0.3462333679199219,1,6,11,6,5,92020.41,39863,192979,105999.66666666669,51872.75,91102.5,159391.75,47496.0,19175576.0,4003367.2,78760.0,156564.0,558440.0,1,1,4,1.1666666666666667,1.0,1.0,1.0,5,5,5.0,5.0,5.0,5.0,"Hypergraph(num_v=35, num_e=6)",False,-1.1042125225067139
3144,STATS,115-144-augF1,orig,0.020465612411499023,0.1083760261535644,1,6,11,6,5,17775.35,1,192979,92255.16666666669,19919.0,91102.5,159391.75,1.0,858.0,175.6,1.0,4.0,14.0,2,1,4,1.1666666666666667,1.0,1.0,1.0,1,4,2.5,2.5,1.75,3.25,"Hypergraph(num_v=35, num_e=6)",False,0.08791041374206537
3145,STATS,115-144-augF1-augA1,orig,0.020596981048583984,0.101264476776123,1,6,11,6,5,17775.35,1,192979,92255.16666666669,19919.0,91102.5,159391.75,1.0,858.0,175.6,1.0,4.0,14.0,1,1,4,1.1666666666666667,1.0,1.0,1.0,5,5,5.0,5.0,5.0,5.0,"Hypergraph(num_v=35, num_e=6)",False,0.08066749572753902
3146,STATS,115-144-augF1-augA2,orig,0.02054762840270996,0.0734434127807617,1,6,11,6,5,17775.35,1,192979,92255.16666666669,19919.0,91102.5,159391.75,1.0,858.0,175.6,1.0,4.0,14.0,2,1,4,1.1666666666666667,1.0,1.0,1.0,1,4,2.5,2.5,1.75,3.25,"Hypergraph(num_v=35, num_e=6)",False,0.052895784378051744
3147,STATS,115-144-augF1-augA3,orig,0.020012855529785156,0.1126699447631836,1,6,11,6,5,17775.35,1,192979,92255.16666666669,19919.0,91102.5,159391.75,1.0,858.0,175.6,1.0,4.0,14.0,2,1,4,1.1666666666666667,1.0,1.0,1.0,1,4,2.5,2.5,1.75,3.25,"Hypergraph(num_v=35, num_e=6)",False,0.09265708923339844
3148,STATS,115-144-augF1-augA4,rewr,0.01972651481628418,0.0193605422973632,1,6,11,6,5,17775.35,1,192979,92255.16666666669,19919.0,91102.5,159391.75,1.0,858.0,175.6,1.0,4.0,14.0,2,1,4,1.1666666666666667,1.0,1.0,1.0,1,4,2.5,2.5,1.75,3.25,"Hypergraph(num_v=35, num_e=6)",False,-0.00036597251892097823
3149,STATS,115-144-augF1-augA5,orig,0.019240856170654297,0.0195569992065429,1,6,11,6,5,17775.35,1,192979,92255.16666666669,19919.0,91102.5,159391.75,1.0,858.0,175.6,1.0,4.0,14.0,1,1,4,1.1666666666666667,1.0,1.0,1.0,5,5,5.0,5.0,5.0,5.0,"Hypergraph(num_v=35, num_e=6)",False,0.0003161430358886025
3150,STATS,115-144-augF2,rewr,0.44019579887390137,0.279778242111206,1,6,11,6,5,59710.18,18255,192979,102398.33333333331,51872.75,91102.5,159391.75,36068.0,8781329.0,1915979.4,47496.0,156564.0,558440.0,2,1,4,1.1666666666666667,1.0,1.0,1.0,1,4,2.5,2.5,1.75,3.25,"Hypergraph(num_v=35, num_e=6)",False,-0.16041755676269537
3151,STATS,115-144-augF2-augA1,rewr,0.446195125579834,0.3233401775360107,1,6,11,6,5,59404.18,18255,192979,102398.33333333331,51872.75,91102.5,159391.75,36068.0,8781329.0,1915979.4,47496.0,156564.0,558440.0,1,1,4,1.1666666666666667,1.0,1.0,1.0,5,5,5.0,5.0,5.0,5.0,"Hypergraph(num_v=35, num_e=6)",False,-0.1228549480438233
3152,STATS,115-144-augF2-augA2,rewr,0.424802303314209,0.2114269733428955,1,6,11,6,5,59597.46,18255,192979,102398.33333333331,51872.75,91102.5,159391.75,36068.0,8781329.0,1918548.8,47496.0,169411.0,558440.0,2,1,4,1.1666666666666667,1.0,1.0,1.0,1,4,2.5,2.5,1.75,3.25,"Hypergraph(num_v=35, num_e=6)",False,-0.21337532997131348
3153,STATS,115-144-augF2-augA3,rewr,0.43929457664489746,0.227773904800415,1,6,11,6,5,59404.18,18255,192979,102398.33333333331,51872.75,91102.5,159391.75,36068.0,8781329.0,1915979.4,47496.0,156564.0,558440.0,2,1,4,1.1666666666666667,1.0,1.0,1.0,1,4,2.5,2.5,1.75,3.25,"Hypergraph(num_v=35, num_e=6)",False,-0.21152067184448245
3154,STATS,115-144-augF2-augA4,rewr,0.4159719944000244,0.3141558170318603,1,6,11,6,5,59404.18,18255,192979,102398.33333333331,51872.75,91102.5,159391.75,36068.0,8781329.0,1915979.4,47496.0,156564.0,558440.0,2,1,4,1.1666666666666667,1.0,1.0,1.0,1,4,2.5,2.5,1.75,3.25,"Hypergraph(num_v=35, num_e=6)",False,-0.10181617736816412
3155,STATS,115-144-augF2-augA5,rewr,0.41678619384765625,0.2960612773895263,1,6,11,6,5,59404.18,18255,192979,102398.33333333331,51872.75,91102.5,159391.75,36068.0,8781329.0,1915979.4,47496.0,156564.0,558440.0,1,1,4,1.1666666666666667,1.0,1.0,1.0,5,5,5.0,5.0,5.0,5.0,"Hypergraph(num_v=35, num_e=6)",False,-0.12072491645812994
3156,STATS,116-032,rewr,1.1770951747894287,0.1446506977081298,1,4,14,11,3,1660589.71,39578,190908,122776.0,86011.25,130309.0,167073.75,20324.0,641329189.0,214039416.3333333,394530.0,768736.0,321048962.5,2,1,4,1.1578947368421053,1.0,1.0,1.0,1,2,1.5,1.5,1.25,1.75,"Hypergraph(num_v=22, num_e=4)",True,-1.0324444770812988
3157,STATS,116-032-augA1,rewr,1.208583116531372,0.2954664230346679,1,4,14,11,3,1660589.71,39578,190908,122776.0,86011.25,130309.0,167073.75,20324.0,641329189.0,214039416.3333333,394530.0,768736.0,321048962.5,2,1,4,1.1578947368421053,1.0,1.0,1.0,1,2,1.5,1.5,1.25,1.75,"Hypergraph(num_v=22, num_e=4)",False,-0.9131166934967041
3158,STATS,116-032-augA2,rewr,1.2297112941741943,0.3126921653747558,1,4,14,11,3,1660589.71,39578,190908,122776.0,86011.25,130309.0,167073.75,20324.0,641329189.0,214039416.3333333,394530.0,768736.0,321048962.5,2,1,4,1.1578947368421053,1.0,1.0,1.0,1,2,1.5,1.5,1.25,1.75,"Hypergraph(num_v=22, num_e=4)",False,-0.9170191287994385
3159,STATS,116-032-augA3,rewr,1.2072994709014893,0.2082118988037109,1,4,14,11,3,1660589.71,39578,190908,122776.0,86011.25,130309.0,167073.75,20324.0,641329189.0,214039416.3333333,394530.0,768736.0,321048962.5,1,1,4,1.1578947368421053,1.0,1.0,1.0,3,3,3.0,3.0,3.0,3.0,"Hypergraph(num_v=22, num_e=4)",False,-0.9990875720977783
3160,STATS,116-032-augF1,rewr,1.1920456886291504,0.1436567306518554,1,4,14,11,3,1675770.28,39578,192659,123213.75,86011.25,130309.0,167511.5,20510.0,647212036.0,216002778.0,398149.0,775788.0,323993912.0,2,1,4,1.1578947368421053,1.0,1.0,1.0,1,2,1.5,1.5,1.25,1.75,"Hypergraph(num_v=22, num_e=4)",False,-1.048388957977295
3161,STATS,116-032-augF1-augA1,rewr,1.219881534576416,0.1385371685028076,1,4,14,11,3,1675770.28,39578,192659,123213.75,86011.25,130309.0,167511.5,20510.0,647212036.0,216002778.0,398149.0,775788.0,323993912.0,2,1,4,1.1578947368421053,1.0,1.0,1.0,1,2,1.5,1.5,1.25,1.75,"Hypergraph(num_v=22, num_e=4)",False,-1.0813443660736084
3162,STATS,116-032-augF1-augA2,rewr,1.2420063018798828,0.1578679084777832,1,4,14,11,3,1675770.28,39578,192659,123213.75,86011.25,130309.0,167511.5,20510.0,647212036.0,216002778.0,398149.0,775788.0,323993912.0,1,1,4,1.1578947368421053,1.0,1.0,1.0,3,3,3.0,3.0,3.0,3.0,"Hypergraph(num_v=22, num_e=4)",False,-1.0841383934020996
3163,STATS,116-032-augF1-augA3,rewr,1.2098634243011475,0.4312033653259277,1,4,14,11,3,1675770.28,39578,192659,123213.75,86011.25,130309.0,167511.5,20510.0,647212036.0,216002778.0,398149.0,775788.0,323993912.0,1,1,4,1.1578947368421053,1.0,1.0,1.0,3,3,3.0,3.0,3.0,3.0,"Hypergraph(num_v=22, num_e=4)",False,-0.7786600589752197
3164,STATS,116-032-augF2,rewr,0.4552156925201416,0.1787762641906738,1,4,14,11,3,1605487.01,38249,190908,122443.75,85679.0,130309.0,167073.75,19641.0,619793828.0,206852130.66666663,381282.0,742923.0,310268375.5,2,1,4,1.1578947368421053,1.0,1.0,1.0,1,2,1.5,1.5,1.25,1.75,"Hypergraph(num_v=22, num_e=4)",False,-0.2764394283294678
3165,STATS,116-032-augF2-augA1,rewr,0.4649229049682617,0.3763325214385986,1,4,14,11,3,1605487.01,38249,190908,122443.75,85679.0,130309.0,167073.75,19641.0,619793828.0,206852130.66666663,381282.0,742923.0,310268375.5,1,1,4,1.1578947368421053,1.0,1.0,1.0,3,3,3.0,3.0,3.0,3.0,"Hypergraph(num_v=22, num_e=4)",False,-0.08859038352966314
3166,STATS,116-032-augF2-augA2,rewr,0.47919726371765137,0.2038040161132812,1,4,14,11,3,1605487.01,38249,190908,122443.75,85679.0,130309.0,167073.75,19641.0,619793828.0,206852130.66666663,381282.0,742923.0,310268375.5,1,1,4,1.1578947368421053,1.0,1.0,1.0,3,3,3.0,3.0,3.0,3.0,"Hypergraph(num_v=22, num_e=4)",False,-0.2753932476043702
3167,STATS,116-032-augF2-augA3,rewr,0.469620943069458,0.1902925968170166,1,4,14,11,3,1605487.01,38249,190908,122443.75,85679.0,130309.0,167073.75,19641.0,619793828.0,206852130.66666663,381282.0,742923.0,310268375.5,1,1,4,1.1578947368421053,1.0,1.0,1.0,3,3,3.0,3.0,3.0,3.0,"Hypergraph(num_v=22, num_e=4)",False,-0.2793283462524414
3168,STATS,117-114,rewr,1.3158512115478516,0.1354210376739502,1,4,12,9,3,4958694.93,36992,102532,67351.0,47498.0,64940.0,84793.0,72360.0,1931055368.0,644472950.6666666,1181742.0,2291124.0,966673246.0,2,1,4,1.1875,1.0,1.0,1.0,1,2,1.5,1.5,1.25,1.75,"Hypergraph(num_v=19, num_e=4)",True,-1.1804301738739014
3169,STATS,117-114-augA1,rewr,1.2533185482025146,0.1788637638092041,1,4,12,9,3,4958694.93,36992,102532,67351.0,47498.0,64940.0,84793.0,72360.0,1931055368.0,644472950.6666666,1181742.0,2291124.0,966673246.0,1,1,4,1.1875,1.0,1.0,1.0,3,3,3.0,3.0,3.0,3.0,"Hypergraph(num_v=19, num_e=4)",False,-1.0744547843933105
3170,STATS,117-114-augA2,rewr,1.380505084991455,0.1689424514770507,1,4,12,9,3,4958694.93,36992,102532,67351.0,47498.0,64940.0,84793.0,72360.0,1931055368.0,644472950.6666666,1181742.0,2291124.0,966673246.0,2,1,4,1.1875,1.0,1.0,1.0,1,2,1.5,1.5,1.25,1.75,"Hypergraph(num_v=19, num_e=4)",False,-1.2115626335144043
3171,STATS,117-114-augA3,rewr,1.2895584106445312,0.1793162822723388,1,4,12,9,3,4958694.93,36992,102532,67351.0,47498.0,64940.0,84793.0,72360.0,1931055368.0,644472950.6666666,1181742.0,2291124.0,966673246.0,1,1,4,1.1875,1.0,1.0,1.0,3,3,3.0,3.0,3.0,3.0,"Hypergraph(num_v=19, num_e=4)",False,-1.1102421283721924
3172,STATS,117-114-augF1,rewr,14.199188947677612,0.1415286064147949,1,4,12,9,3,5009956.32,37376,102532,67447.0,47594.0,64940.0,84793.0,73111.0,1951100925.0,651162981.0,1194009.0,2314907.0,976707916.0,2,1,4,1.1875,1.0,1.0,1.0,1,2,1.5,1.5,1.25,1.75,"Hypergraph(num_v=19, num_e=4)",False,-14.057660341262817
3173,STATS,117-114-augF1-augA1,rewr,12.876410007476807,0.1889538764953613,1,4,12,9,3,5009956.32,37376,102532,67447.0,47594.0,64940.0,84793.0,73111.0,1951100925.0,651162981.0,1194009.0,2314907.0,976707916.0,1,1,4,1.1875,1.0,1.0,1.0,3,3,3.0,3.0,3.0,3.0,"Hypergraph(num_v=19, num_e=4)",False,-12.687456130981445
3174,STATS,117-114-augF1-augA2,rewr,12.86273455619812,0.137723684310913,1,4,12,9,3,5009956.32,37376,102532,67447.0,47594.0,64940.0,84793.0,73111.0,1951100925.0,651162981.0,1194009.0,2314907.0,976707916.0,2,1,4,1.1875,1.0,1.0,1.0,1,2,1.5,1.5,1.25,1.75,"Hypergraph(num_v=19, num_e=4)",False,-12.725010871887207
3175,STATS,117-114-augF1-augA3,rewr,13.617592334747314,0.1748707294464111,1,4,12,9,3,5009956.32,37376,102532,67447.0,47594.0,64940.0,84793.0,73111.0,1951100925.0,651162981.0,1194009.0,2314907.0,976707916.0,1,1,4,1.1875,1.0,1.0,1.0,3,3,3.0,3.0,3.0,3.0,"Hypergraph(num_v=19, num_e=4)",False,-13.442721605300903
3176,STATS,117-114-augF2,rewr,0.590355396270752,0.1108574867248535,1,4,12,9,3,1491858.35,23589,102532,53528.25,33641.25,43996.0,63883.0,21639.0,577480541.0,192729113.0,353399.0,685159.0,289082850.0,2,1,4,1.1875,1.0,1.0,1.0,1,2,1.5,1.5,1.25,1.75,"Hypergraph(num_v=19, num_e=4)",False,-0.47949790954589844
3177,STATS,117-114-augF2-augA1,rewr,0.6043026447296143,0.1602900028228759,1,4,12,9,3,1491858.35,23589,102532,53528.25,33641.25,43996.0,63883.0,21639.0,577480541.0,192729113.0,353399.0,685159.0,289082850.0,1,1,4,1.1875,1.0,1.0,1.0,3,3,3.0,3.0,3.0,3.0,"Hypergraph(num_v=19, num_e=4)",False,-0.4440126419067384
3178,STATS,117-114-augF2-augA2,rewr,0.6226966381072998,0.1597700119018554,1,4,12,9,3,1491858.35,23589,102532,53528.25,33641.25,43996.0,63883.0,21639.0,577480541.0,192729113.0,353399.0,685159.0,289082850.0,2,1,4,1.1875,1.0,1.0,1.0,1,2,1.5,1.5,1.25,1.75,"Hypergraph(num_v=19, num_e=4)",False,-0.4629266262054444
3179,STATS,117-114-augF2-augA3,rewr,0.6115884780883789,0.1345703601837158,1,4,12,9,3,1491858.35,23589,102532,53528.25,33641.25,43996.0,63883.0,21639.0,577480541.0,192729113.0,353399.0,685159.0,289082850.0,1,1,4,1.1875,1.0,1.0,1.0,3,3,3.0,3.0,3.0,3.0,"Hypergraph(num_v=19, num_e=4)",False,-0.4770181179046631
3180,STATS,118-074,rewr,2.41749906539917,0.3360543251037597,1,6,11,6,5,34744.06,8713,192979,100457.5,50206.5,91191.5,159391.75,9713.0,3975743.0,842830.8,34645.0,79851.0,114202.0,2,1,4,1.1666666666666667,1.0,1.0,1.0,1,4,2.5,2.5,1.75,3.25,"Hypergraph(num_v=35, num_e=6)",True,-2.08144474029541
3181,STATS,118-074-augA1,rewr,2.431425094604492,0.3505892753601074,1,6,11,6,5,34744.06,8713,192979,100457.5,50206.5,91191.5,159391.75,9713.0,3975743.0,842830.8,34645.0,79851.0,114202.0,1,1,4,1.1666666666666667,1.0,1.0,1.0,5,5,5.0,5.0,5.0,5.0,"Hypergraph(num_v=35, num_e=6)",False,-2.0808358192443848
3182,STATS,118-074-augA2,rewr,2.425093173980713,0.2837660312652588,1,6,11,6,5,34744.06,8713,192979,100457.5,50206.5,91191.5,159391.75,9713.0,3975743.0,842830.8,34645.0,79851.0,114202.0,2,1,4,1.1666666666666667,1.0,1.0,1.0,1,4,2.5,2.5,1.75,3.25,"Hypergraph(num_v=35, num_e=6)",False,-2.141327142715454
3183,STATS,118-074-augA3,rewr,2.4235596656799316,0.2913045883178711,1,6,11,6,5,34744.06,8713,192979,100457.5,50206.5,91191.5,159391.75,9713.0,3975743.0,842830.8,34645.0,79851.0,114202.0,2,1,4,1.1666666666666667,1.0,1.0,1.0,1,4,2.5,2.5,1.75,3.25,"Hypergraph(num_v=35, num_e=6)",False,-2.1322550773620605
3184,STATS,118-074-augA4,rewr,2.4688737392425537,0.3133869171142578,1,6,11,6,5,34744.06,8713,192979,100457.5,50206.5,91191.5,159391.75,9713.0,3975743.0,842830.8,34645.0,79851.0,114202.0,2,1,4,1.1666666666666667,1.0,1.0,1.0,1,4,2.5,2.5,1.75,3.25,"Hypergraph(num_v=35, num_e=6)",False,-2.155486822128296
3185,STATS,118-074-augA5,rewr,2.4341912269592285,0.3336513042449951,1,6,11,6,5,34744.06,8713,192979,100457.5,50206.5,91191.5,159391.75,9713.0,3975743.0,842830.8,34645.0,79851.0,114202.0,1,1,4,1.1666666666666667,1.0,1.0,1.0,5,5,5.0,5.0,5.0,5.0,"Hypergraph(num_v=35, num_e=6)",False,-2.1005399227142334
3186,STATS,118-074-augF1,orig,0.02330756187438965,0.2021431922912597,1,6,11,6,5,18359.41,1,192979,92286.0,19968.75,91191.5,159391.75,9.0,6093.0,1248.6,9.0,31.0,101.0,2,1,4,1.1666666666666667,1.0,1.0,1.0,1,4,2.5,2.5,1.75,3.25,"Hypergraph(num_v=35, num_e=6)",False,0.17883563041687006
3187,STATS,118-074-augF1-augA1,orig,0.021483421325683594,0.149592638015747,1,6,11,6,5,18359.41,1,192979,92286.0,19968.75,91191.5,159391.75,9.0,6093.0,1248.6,9.0,31.0,101.0,1,1,4,1.1666666666666667,1.0,1.0,1.0,5,5,5.0,5.0,5.0,5.0,"Hypergraph(num_v=35, num_e=6)",False,0.1281092166900634
3188,STATS,118-074-augF1-augA2,orig,0.02175283432006836,0.1256389617919922,1,6,11,6,5,18359.41,1,192979,92286.0,19968.75,91191.5,159391.75,9.0,6093.0,1248.6,9.0,31.0,101.0,2,1,4,1.1666666666666667,1.0,1.0,1.0,1,4,2.5,2.5,1.75,3.25,"Hypergraph(num_v=35, num_e=6)",False,0.10388612747192383
3189,STATS,118-074-augF1-augA3,orig,0.021506786346435547,0.1724779605865478,1,6,11,6,5,18359.41,1,192979,92286.0,19968.75,91191.5,159391.75,9.0,6093.0,1248.6,9.0,31.0,101.0,2,1,4,1.1666666666666667,1.0,1.0,1.0,1,4,2.5,2.5,1.75,3.25,"Hypergraph(num_v=35, num_e=6)",False,0.15097117424011225
3190,STATS,118-074-augF1-augA4,orig,0.021991252899169922,0.0622808933258056,1,6,11,6,5,18359.41,1,192979,92286.0,19968.75,91191.5,159391.75,9.0,6093.0,1248.6,9.0,31.0,101.0,2,1,4,1.1666666666666667,1.0,1.0,1.0,1,4,2.5,2.5,1.75,3.25,"Hypergraph(num_v=35, num_e=6)",False,0.04028964042663568
3191,STATS,118-074-augF1-augA5,orig,0.021494626998901367,0.139178991317749,1,6,11,6,5,18359.41,1,192979,92286.0,19968.75,91191.5,159391.75,9.0,6093.0,1248.6,9.0,31.0,101.0,1,1,4,1.1666666666666667,1.0,1.0,1.0,5,5,5.0,5.0,5.0,5.0,"Hypergraph(num_v=35, num_e=6)",False,0.11768436431884763
3192,STATS,118-074-augF2,rewr,2.6859395503997803,0.3292236328125,1,6,11,6,5,34890.17,8802,192979,100472.33333333331,50206.5,91191.5,159391.75,9812.0,4016434.0,851293.4,34999.0,79851.0,115371.0,2,1,4,1.1666666666666667,1.0,1.0,1.0,1,4,2.5,2.5,1.75,3.25,"Hypergraph(num_v=35, num_e=6)",False,-2.3567159175872803
3193,STATS,118-074-augF2-augA1,rewr,2.7014553546905518,0.3419992923736572,1,6,11,6,5,34890.17,8802,192979,100472.33333333331,50206.5,91191.5,159391.75,9812.0,4016434.0,851293.4,34999.0,79851.0,115371.0,1,1,4,1.1666666666666667,1.0,1.0,1.0,5,5,5.0,5.0,5.0,5.0,"Hypergraph(num_v=35, num_e=6)",False,-2.3594560623168945
3194,STATS,118-074-augF2-augA2,rewr,2.700578212738037,0.2819833755493164,1,6,11,6,5,34890.17,8802,192979,100472.33333333331,50206.5,91191.5,159391.75,9812.0,4016434.0,851293.4,34999.0,79851.0,115371.0,2,1,4,1.1666666666666667,1.0,1.0,1.0,1,4,2.5,2.5,1.75,3.25,"Hypergraph(num_v=35, num_e=6)",False,-2.4185948371887207
3195,STATS,118-074-augF2-augA3,rewr,2.6985421180725098,0.3069329261779785,1,6,11,6,5,34890.17,8802,192979,100472.33333333331,50206.5,91191.5,159391.75,9812.0,4016434.0,851293.4,34999.0,79851.0,115371.0,2,1,4,1.1666666666666667,1.0,1.0,1.0,1,4,2.5,2.5,1.75,3.25,"Hypergraph(num_v=35, num_e=6)",False,-2.3916091918945312
3196,STATS,118-074-augF2-augA4,rewr,2.75374698638916,0.3397204875946045,1,6,11,6,5,34890.17,8802,192979,100472.33333333331,50206.5,91191.5,159391.75,9812.0,4016434.0,851293.4,34999.0,79851.0,115371.0,2,1,4,1.1666666666666667,1.0,1.0,1.0,1,4,2.5,2.5,1.75,3.25,"Hypergraph(num_v=35, num_e=6)",False,-2.4140264987945557
3197,STATS,118-074-augF2-augA5,rewr,2.6902213096618652,0.3529160022735595,1,6,11,6,5,34890.17,8802,192979,100472.33333333331,50206.5,91191.5,159391.75,9812.0,4016434.0,851293.4,34999.0,79851.0,115371.0,1,1,4,1.1666666666666667,1.0,1.0,1.0,5,5,5.0,5.0,5.0,5.0,"Hypergraph(num_v=35, num_e=6)",False,-2.3373053073883057
3198,STATS,119-098,rewr,1.9358711242675781,0.1231164932250976,1,4,9,6,3,1010881.3,38984,191485,93890.25,41666.0,72546.0,124770.25,40551.0,385441508.0,128711414.33333331,346367.5,652184.0,193046846.0,2,1,4,1.125,1.0,1.0,1.0,1,2,1.5,1.5,1.25,1.75,"Hypergraph(num_v=27, num_e=4)",True,-1.8127546310424805
3199,STATS,119-098-augA1,rewr,2.002286672592163,0.1408767700195312,1,4,9,6,3,1010881.3,38984,191485,93890.25,41666.0,72546.0,124770.25,40551.0,385441508.0,128711414.33333331,346367.5,652184.0,193046846.0,2,1,4,1.125,1.0,1.0,1.0,1,2,1.5,1.5,1.25,1.75,"Hypergraph(num_v=27, num_e=4)",False,-1.8614099025726318
3200,STATS,119-098-augA2,rewr,2.0001320838928223,0.1234481334686279,1,4,9,6,3,1010881.3,38984,191485,93890.25,41666.0,72546.0,124770.25,40551.0,385441508.0,128711414.33333331,346367.5,652184.0,193046846.0,2,1,4,1.125,1.0,1.0,1.0,1,2,1.5,1.5,1.25,1.75,"Hypergraph(num_v=27, num_e=4)",False,-1.8766839504241943
3201,STATS,119-098-augA3,rewr,1.9704935550689697,0.1453864574432373,1,4,9,6,3,1010881.3,38984,191485,93890.25,41666.0,72546.0,124770.25,40551.0,385441508.0,128711414.33333331,346367.5,652184.0,193046846.0,1,1,4,1.125,1.0,1.0,1.0,3,3,3.0,3.0,3.0,3.0,"Hypergraph(num_v=27, num_e=4)",False,-1.8251070976257324
3202,STATS,119-098-augF1,rewr,1.9208693504333496,0.2549760341644287,1,4,9,6,3,1011956.15,38984,191485,93901.75,41700.5,72569.0,124770.25,40595.0,385858104.0,128850529.33333331,346742.0,652889.0,193255496.5,1,1,4,1.125,1.0,1.0,1.0,3,3,3.0,3.0,3.0,3.0,"Hypergraph(num_v=27, num_e=4)",False,-1.665893316268921
3203,STATS,119-098-augF1-augA1,rewr,2.0322506427764893,0.2221894264221191,1,4,9,6,3,1011956.15,38984,191485,93901.75,41700.5,72569.0,124770.25,40595.0,385858104.0,128850529.33333331,346742.0,652889.0,193255496.5,2,1,4,1.125,1.0,1.0,1.0,1,2,1.5,1.5,1.25,1.75,"Hypergraph(num_v=27, num_e=4)",False,-1.8100612163543701
3204,STATS,119-098-augF1-augA2,rewr,1.9918265342712402,0.1446990966796875,1,4,9,6,3,1011956.15,38984,191485,93901.75,41700.5,72569.0,124770.25,40595.0,385858104.0,128850529.33333331,346742.0,652889.0,193255496.5,2,1,4,1.125,1.0,1.0,1.0,1,2,1.5,1.5,1.25,1.75,"Hypergraph(num_v=27, num_e=4)",False,-1.8471274375915527
3205,STATS,119-098-augF1-augA3,rewr,2.019329786300659,0.1582262516021728,1,4,9,6,3,1011956.15,38984,191485,93901.75,41700.5,72569.0,124770.25,40595.0,385858104.0,128850529.33333331,346742.0,652889.0,193255496.5,1,1,4,1.125,1.0,1.0,1.0,3,3,3.0,3.0,3.0,3.0,"Hypergraph(num_v=27, num_e=4)",False,-1.8611035346984863
3206,STATS,119-098-augF2,orig,0.014832258224487305,0.0901081562042236,1,4,9,6,3,11292.59,1,191485,73504.75,1.0,51266.5,124770.25,15.0,9056.0,3029.0,15.5,16.0,4536.0,1,1,4,1.125,1.0,1.0,1.0,3,3,3.0,3.0,3.0,3.0,"Hypergraph(num_v=27, num_e=4)",False,0.0752758979797363
3207,STATS,119-098-augF2-augA1,orig,0.013843059539794922,0.0166301727294921,1,4,9,6,3,11292.59,1,191485,73504.75,1.0,51266.5,124770.25,15.0,9056.0,3029.0,15.5,16.0,4536.0,1,1,4,1.125,1.0,1.0,1.0,3,3,3.0,3.0,3.0,3.0,"Hypergraph(num_v=27, num_e=4)",False,0.002787113189697179
3208,STATS,119-098-augF2-augA2,orig,0.017893314361572266,0.0683856010437011,1,4,9,6,3,11292.59,1,191485,73504.75,1.0,51266.5,124770.25,15.0,9056.0,3029.0,15.5,16.0,4536.0,2,1,4,1.125,1.0,1.0,1.0,1,2,1.5,1.5,1.25,1.75,"Hypergraph(num_v=27, num_e=4)",False,0.05049228668212884
3209,STATS,119-098-augF2-augA3,orig,0.01502084732055664,0.1471149921417236,1,4,9,6,3,11292.59,1,191485,73504.75,1.0,51266.5,124770.25,15.0,9056.0,3029.0,15.5,16.0,4536.0,1,1,4,1.125,1.0,1.0,1.0,3,3,3.0,3.0,3.0,3.0,"Hypergraph(num_v=27, num_e=4)",False,0.13209414482116696
3210,STATS,120-115,rewr,2.913822889328003,0.1885221004486084,1,4,9,6,3,18067707.56,39863,178345,99196.75,68486.0,89289.5,120000.25,97832.0,7059194559.0,2355977270.6666665,4368626.5,8639421.0,3533916990.0,2,1,4,1.1875,1.0,1.0,1.0,1,2,1.5,1.5,1.25,1.75,"Hypergraph(num_v=19, num_e=4)",True,-2.7253007888793945
3211,STATS,120-115-augA1,rewr,2.822204828262329,0.1310122013092041,1,4,9,6,3,18067707.56,39863,178345,99196.75,68486.0,89289.5,120000.25,97832.0,7059194559.0,2355977270.6666665,4368626.5,8639421.0,3533916990.0,2,1,4,1.1875,1.0,1.0,1.0,1,2,1.5,1.5,1.25,1.75,"Hypergraph(num_v=19, num_e=4)",False,-2.691192626953125
3212,STATS,120-115-augA2,rewr,3.2693772315979004,0.1893506050109863,1,4,9,6,3,18067707.56,39863,178345,99196.75,68486.0,89289.5,120000.25,97832.0,7059194559.0,2355977270.6666665,4368626.5,8639421.0,3533916990.0,1,1,4,1.1875,1.0,1.0,1.0,3,3,3.0,3.0,3.0,3.0,"Hypergraph(num_v=19, num_e=4)",False,-3.080026626586914
3213,STATS,120-115-augA3,rewr,2.9263381958007812,0.1916682720184326,1,4,9,6,3,18067707.56,39863,178345,99196.75,68486.0,89289.5,120000.25,97832.0,7059194559.0,2355977270.6666665,4368626.5,8639421.0,3533916990.0,1,1,4,1.1875,1.0,1.0,1.0,3,3,3.0,3.0,3.0,3.0,"Hypergraph(num_v=19, num_e=4)",False,-2.7346699237823486
3214,STATS,120-115-augF1,rewr,3.988598346710205,0.1576244831085205,1,4,9,6,3,18160449.23,40070,178345,99248.5,68537.75,89289.5,120000.25,98341.0,7095851441.0,2368196401.0,4368881.0,8639421.0,3552245431.0,2,1,4,1.1875,1.0,1.0,1.0,1,2,1.5,1.5,1.25,1.75,"Hypergraph(num_v=19, num_e=4)",False,-3.8309738636016846
3215,STATS,120-115-augF1-augA1,rewr,3.7245211601257324,0.1312341690063476,1,4,9,6,3,18160449.23,40070,178345,99248.5,68537.75,89289.5,120000.25,98341.0,7095851441.0,2368196401.0,4368881.0,8639421.0,3552245431.0,2,1,4,1.1875,1.0,1.0,1.0,1,2,1.5,1.5,1.25,1.75,"Hypergraph(num_v=19, num_e=4)",False,-3.5932869911193848
3216,STATS,120-115-augF1-augA2,rewr,4.313201665878296,0.2696843147277832,1,4,9,6,3,18160449.23,40070,178345,99248.5,68537.75,89289.5,120000.25,98341.0,7095851441.0,2368196401.0,4368881.0,8639421.0,3552245431.0,2,1,4,1.1875,1.0,1.0,1.0,1,2,1.5,1.5,1.25,1.75,"Hypergraph(num_v=19, num_e=4)",False,-4.043517351150513
3217,STATS,120-115-augF1-augA3,rewr,3.99643874168396,0.1668417453765869,1,4,9,6,3,18160449.23,40070,178345,99248.5,68537.75,89289.5,120000.25,98341.0,7095851441.0,2368196401.0,4368881.0,8639421.0,3552245431.0,1,1,4,1.1875,1.0,1.0,1.0,3,3,3.0,3.0,3.0,3.0,"Hypergraph(num_v=19, num_e=4)",False,-3.829596996307373
3218,STATS,120-115-augF2,rewr,2.0220258235931396,0.1353077888488769,1,4,9,6,3,5810923.44,12745,178345,92417.25,61706.5,89289.5,120000.25,24661.0,2256965975.0,753240395.0,1377605.0,2730549.0,1129848262.0,2,1,4,1.1875,1.0,1.0,1.0,1,2,1.5,1.5,1.25,1.75,"Hypergraph(num_v=19, num_e=4)",False,-1.8867180347442627
3219,STATS,120-115-augF2-augA1,rewr,2.1031858921051025,0.1184058189392089,1,4,9,6,3,5810923.44,12745,178345,92417.25,61706.5,89289.5,120000.25,24661.0,2256965975.0,753240395.0,1377605.0,2730549.0,1129848262.0,2,1,4,1.1875,1.0,1.0,1.0,1,2,1.5,1.5,1.25,1.75,"Hypergraph(num_v=19, num_e=4)",False,-1.9847800731658936
3220,STATS,120-115-augF2-augA2,rewr,2.1349520683288574,0.2182066440582275,1,4,9,6,3,5810923.44,12745,178345,92417.25,61706.5,89289.5,120000.25,24661.0,2256965975.0,753240395.0,1377605.0,2730549.0,1129848262.0,2,1,4,1.1875,1.0,1.0,1.0,1,2,1.5,1.5,1.25,1.75,"Hypergraph(num_v=19, num_e=4)",False,-1.9167454242706299
3221,STATS,120-115-augF2-augA3,rewr,2.083275556564331,0.1690871715545654,1,4,9,6,3,5810923.44,12745,178345,92417.25,61706.5,89289.5,120000.25,24661.0,2256965975.0,753240395.0,1377605.0,2730549.0,1129848262.0,1,1,4,1.1875,1.0,1.0,1.0,3,3,3.0,3.0,3.0,3.0,"Hypergraph(num_v=19, num_e=4)",False,-1.9141883850097656
3222,STATS,121-097,rewr,3.3917057514190674,0.1182546615600586,1,4,16,13,3,75499.33,2576,192979,84261.75,30602.0,70746.0,124405.75,2515.0,23859152.0,7967476.333333333,21638.5,40762.0,11949957.0,2,1,4,1.125,1.0,1.0,1.0,1,2,1.5,1.5,1.25,1.75,"Hypergraph(num_v=27, num_e=4)",True,-3.273451089859009
3223,STATS,121-097-augA1,rewr,3.4457874298095703,0.2580282688140869,1,4,16,13,3,75499.33,2576,192979,84261.75,30602.0,70746.0,124405.75,2515.0,23859152.0,7967476.333333333,21638.5,40762.0,11949957.0,2,1,4,1.125,1.0,1.0,1.0,1,2,1.5,1.5,1.25,1.75,"Hypergraph(num_v=27, num_e=4)",False,-3.1877591609954834
3224,STATS,121-097-augA2,rewr,3.440889358520508,0.1151180267333984,1,4,16,13,3,75499.33,2576,192979,84261.75,30602.0,70746.0,124405.75,2515.0,23859152.0,7967476.333333333,21638.5,40762.0,11949957.0,2,1,4,1.125,1.0,1.0,1.0,1,2,1.5,1.5,1.25,1.75,"Hypergraph(num_v=27, num_e=4)",False,-3.3257713317871094
3225,STATS,121-097-augA3,rewr,3.3983001708984375,0.1300525665283203,1,4,16,13,3,75499.33,2576,192979,84261.75,30602.0,70746.0,124405.75,2515.0,23859152.0,7967476.333333333,21638.5,40762.0,11949957.0,1,1,4,1.125,1.0,1.0,1.0,3,3,3.0,3.0,3.0,3.0,"Hypergraph(num_v=27, num_e=4)",False,-3.268247604370117
3226,STATS,121-097-augF1,orig,0.054746150970458984,0.189380407333374,1,4,16,13,3,13669.07,1,192979,73638.25,19.0,50786.5,124405.75,24.0,231549.0,77323.0,210.0,396.0,115972.5,1,1,4,1.125,1.0,1.0,1.0,3,3,3.0,3.0,3.0,3.0,"Hypergraph(num_v=27, num_e=4)",False,0.134634256362915
3227,STATS,121-097-augF1-augA1,orig,0.05480623245239258,0.1396832466125488,1,4,16,13,3,13669.07,1,192979,73638.25,19.0,50786.5,124405.75,24.0,231549.0,77323.0,210.0,396.0,115972.5,2,1,4,1.125,1.0,1.0,1.0,1,2,1.5,1.5,1.25,1.75,"Hypergraph(num_v=27, num_e=4)",False,0.08487701416015622
3228,STATS,121-097-augF1-augA2,orig,0.053655147552490234,0.078233003616333,1,4,16,13,3,13669.07,1,192979,73638.25,19.0,50786.5,124405.75,24.0,231549.0,77323.0,210.0,396.0,115972.5,2,1,4,1.125,1.0,1.0,1.0,1,2,1.5,1.5,1.25,1.75,"Hypergraph(num_v=27, num_e=4)",False,0.02457785606384276
3229,STATS,121-097-augF1-augA3,orig,0.05473017692565918,0.1340095996856689,1,4,16,13,3,13669.07,1,192979,73638.25,19.0,50786.5,124405.75,24.0,231549.0,77323.0,210.0,396.0,115972.5,1,1,4,1.125,1.0,1.0,1.0,3,3,3.0,3.0,3.0,3.0,"Hypergraph(num_v=27, num_e=4)",False,0.07927942276000971
3230,STATS,121-097-augF2,rewr,3.388627290725708,0.1172373294830322,1,4,16,13,3,75760.72,2587,192979,84264.5,30604.75,70746.0,124405.75,2526.0,23961025.0,8001495.666666667,21731.0,40936.0,12000980.5,2,1,4,1.125,1.0,1.0,1.0,1,2,1.5,1.5,1.25,1.75,"Hypergraph(num_v=27, num_e=4)",False,-3.271389961242676
3231,STATS,121-097-augF2-augA1,rewr,3.4352331161499023,0.1287891864776611,1,4,16,13,3,75760.72,2587,192979,84264.5,30604.75,70746.0,124405.75,2526.0,23961025.0,8001495.666666667,21731.0,40936.0,12000980.5,2,1,4,1.125,1.0,1.0,1.0,1,2,1.5,1.5,1.25,1.75,"Hypergraph(num_v=27, num_e=4)",False,-3.306443929672241
3232,STATS,121-097-augF2-augA2,rewr,3.4470179080963135,0.2259166240692138,1,4,16,13,3,75760.72,2587,192979,84264.5,30604.75,70746.0,124405.75,2526.0,23961025.0,8001495.666666667,21731.0,40936.0,12000980.5,2,1,4,1.125,1.0,1.0,1.0,1,2,1.5,1.5,1.25,1.75,"Hypergraph(num_v=27, num_e=4)",False,-3.2211012840270996
3233,STATS,121-097-augF2-augA3,rewr,3.402095079421997,0.257235050201416,1,4,16,13,3,75760.72,2587,192979,84264.5,30604.75,70746.0,124405.75,2526.0,23961025.0,8001495.666666667,21731.0,40936.0,12000980.5,1,1,4,1.125,1.0,1.0,1.0,3,3,3.0,3.0,3.0,3.0,"Hypergraph(num_v=27, num_e=4)",False,-3.144860029220581
3234,STATS,122-071,rewr,3.2063252925872803,0.1864287853240966,1,6,8,3,5,26205.93,11102,102532,59895.16666666666,28615.5,66742.5,88944.75,2426.0,389066.0,81928.0,2448.0,4598.0,11102.0,1,1,5,1.1724137931034482,1.0,1.0,1.0,5,5,5.0,5.0,5.0,5.0,"Hypergraph(num_v=34, num_e=6)",True,-3.0198965072631836
3235,STATS,122-071-augA1,rewr,3.2128610610961914,0.271242618560791,1,6,8,3,5,26205.93,11102,102532,59895.16666666666,28615.5,66742.5,88944.75,2426.0,389066.0,81928.0,2448.0,4598.0,11102.0,1,1,5,1.1724137931034482,1.0,1.0,1.0,5,5,5.0,5.0,5.0,5.0,"Hypergraph(num_v=34, num_e=6)",False,-2.9416184425354004
3236,STATS,122-071-augA2,rewr,3.207451820373535,0.4346494674682617,1,6,8,3,5,26205.93,11102,102532,59895.16666666666,28615.5,66742.5,88944.75,2426.0,389066.0,81928.0,2448.0,4598.0,11102.0,2,1,5,1.1724137931034482,1.0,1.0,1.0,1,4,2.5,2.5,1.75,3.25,"Hypergraph(num_v=34, num_e=6)",False,-2.7728023529052734
3237,STATS,122-071-augA3,rewr,3.2110469341278076,0.1621401309967041,1,6,8,3,5,26205.93,11102,102532,59895.16666666666,28615.5,66742.5,88944.75,2426.0,389066.0,81928.0,2448.0,4598.0,11102.0,2,1,5,1.1724137931034482,1.0,1.0,1.0,1,4,2.5,2.5,1.75,3.25,"Hypergraph(num_v=34, num_e=6)",False,-3.0489068031311035
3238,STATS,122-071-augA4,rewr,3.208512306213379,0.4099776744842529,1,6,8,3,5,26205.93,11102,102532,59895.16666666666,28615.5,66742.5,88944.75,2426.0,389066.0,81928.0,2448.0,4598.0,11102.0,2,1,5,1.1724137931034482,1.0,1.0,1.0,1,4,2.5,2.5,1.75,3.25,"Hypergraph(num_v=34, num_e=6)",False,-2.798534631729126
3239,STATS,122-071-augA5,rewr,3.254925012588501,0.1805272102355957,1,6,8,3,5,26205.93,11102,102532,59895.16666666666,28615.5,66742.5,88944.75,2426.0,389066.0,81928.0,2448.0,4598.0,11102.0,2,1,5,1.1724137931034482,1.0,1.0,1.0,1,4,2.5,2.5,1.75,3.25,"Hypergraph(num_v=34, num_e=6)",False,-3.0743978023529053
3240,STATS,122-071-augF1,orig,0.015519142150878906,0.2733323574066162,1,6,8,3,5,16809.88,1,102532,44566.0,13395.5,36955.0,73296.75,1.0,85.0,17.8,1.0,1.0,1.0,1,1,5,1.1724137931034482,1.0,1.0,1.0,5,5,5.0,5.0,5.0,5.0,"Hypergraph(num_v=34, num_e=6)",False,0.2578132152557373
3241,STATS,122-071-augF1-augA1,orig,0.014673233032226562,0.2250740528106689,1,6,8,3,5,16809.88,1,102532,44566.0,13395.5,36955.0,73296.75,1.0,85.0,17.8,1.0,1.0,1.0,1,1,5,1.1724137931034482,1.0,1.0,1.0,5,5,5.0,5.0,5.0,5.0,"Hypergraph(num_v=34, num_e=6)",False,0.21040081977844233
3242,STATS,122-071-augF1-augA2,orig,0.015114307403564453,0.2724294662475586,1,6,8,3,5,16809.88,1,102532,44566.0,13395.5,36955.0,73296.75,1.0,85.0,17.8,1.0,1.0,1.0,2,1,5,1.1724137931034482,1.0,1.0,1.0,1,4,2.5,2.5,1.75,3.25,"Hypergraph(num_v=34, num_e=6)",False,0.25731515884399414
3243,STATS,122-071-augF1-augA3,orig,0.013480186462402344,0.1215887069702148,1,6,8,3,5,16809.88,1,102532,44566.0,13395.5,36955.0,73296.75,1.0,85.0,17.8,1.0,1.0,1.0,2,1,5,1.1724137931034482,1.0,1.0,1.0,1,4,2.5,2.5,1.75,3.25,"Hypergraph(num_v=34, num_e=6)",False,0.10810852050781246
3244,STATS,122-071-augF1-augA4,orig,0.014170408248901367,0.0763957500457763,1,6,8,3,5,16809.88,1,102532,44566.0,13395.5,36955.0,73296.75,1.0,85.0,17.8,1.0,1.0,1.0,2,1,5,1.1724137931034482,1.0,1.0,1.0,1,4,2.5,2.5,1.75,3.25,"Hypergraph(num_v=34, num_e=6)",False,0.06222534179687493
3245,STATS,122-071-augF1-augA5,orig,0.013701200485229492,0.1486790180206298,1,6,8,3,5,16809.88,1,102532,44566.0,13395.5,36955.0,73296.75,1.0,85.0,17.8,1.0,1.0,1.0,2,1,5,1.1724137931034482,1.0,1.0,1.0,1,4,2.5,2.5,1.75,3.25,"Hypergraph(num_v=34, num_e=6)",False,0.1349778175354003
3246,STATS,122-071-augF2,rewr,3.764162302017212,0.2281033992767334,1,6,8,3,5,24412.79,11102,102532,57772.0,25430.75,60373.0,88944.75,1850.0,296678.0,63116.8,2448.0,3506.0,11102.0,1,1,5,1.1724137931034482,1.0,1.0,1.0,5,5,5.0,5.0,5.0,5.0,"Hypergraph(num_v=34, num_e=6)",False,-3.5360589027404785
3247,STATS,122-071-augF2-augA1,rewr,3.747948169708252,0.2200808525085449,1,6,8,3,5,24412.79,11102,102532,57772.0,25430.75,60373.0,88944.75,1850.0,296678.0,63116.8,2448.0,3506.0,11102.0,1,1,5,1.1724137931034482,1.0,1.0,1.0,5,5,5.0,5.0,5.0,5.0,"Hypergraph(num_v=34, num_e=6)",False,-3.527867317199707
3248,STATS,122-071-augF2-augA2,rewr,3.758735418319702,0.2995803356170654,1,6,8,3,5,24412.79,11102,102532,57772.0,25430.75,60373.0,88944.75,1850.0,296678.0,63116.8,2448.0,3506.0,11102.0,2,1,5,1.1724137931034482,1.0,1.0,1.0,1,4,2.5,2.5,1.75,3.25,"Hypergraph(num_v=34, num_e=6)",False,-3.4591550827026367
3249,STATS,122-071-augF2-augA3,rewr,3.747256278991699,0.3031306266784668,1,6,8,3,5,24412.79,11102,102532,57772.0,25430.75,60373.0,88944.75,1850.0,296678.0,63116.8,2448.0,3506.0,11102.0,2,1,5,1.1724137931034482,1.0,1.0,1.0,1,4,2.5,2.5,1.75,3.25,"Hypergraph(num_v=34, num_e=6)",False,-3.4441256523132324
3250,STATS,122-071-augF2-augA4,rewr,3.749488353729248,0.3177587985992431,1,6,8,3,5,24412.79,11102,102532,57772.0,25430.75,60373.0,88944.75,1850.0,296678.0,63116.8,2448.0,3506.0,11102.0,2,1,5,1.1724137931034482,1.0,1.0,1.0,1,4,2.5,2.5,1.75,3.25,"Hypergraph(num_v=34, num_e=6)",False,-3.431729555130005
3251,STATS,122-071-augF2-augA5,rewr,3.8179829120635986,0.2092504501342773,1,6,8,3,5,24412.79,11102,102532,57772.0,25430.75,60373.0,88944.75,1850.0,296678.0,63116.8,2448.0,3506.0,11102.0,2,1,5,1.1724137931034482,1.0,1.0,1.0,1,4,2.5,2.5,1.75,3.25,"Hypergraph(num_v=34, num_e=6)",False,-3.6087324619293213
3252,STATS,123-047,rewr,3.2766215801239014,0.1108944416046142,1,5,12,8,4,251457.36,1,102532,26644.2,798.0,4541.0,25349.0,300.0,93685901.0,23427572.75,303.0,12045.0,23439314.75,2,1,5,1.1428571428571428,1.0,1.0,1.0,1,3,2.0,2.0,1.5,2.5,"Hypergraph(num_v=32, num_e=5)",True,-3.165727138519287
3253,STATS,123-047-augA1,rewr,3.3939151763916016,0.1386749744415283,1,5,12,8,4,251457.36,1,102532,26644.2,798.0,4541.0,25349.0,300.0,93685901.0,23427572.75,303.0,12045.0,23439314.75,2,1,5,1.1428571428571428,1.0,1.0,1.0,1,3,2.0,2.0,1.5,2.5,"Hypergraph(num_v=32, num_e=5)",False,-3.2552402019500732
3254,STATS,123-047-augA2,rewr,3.381009340286255,0.1184887886047363,1,5,12,8,4,251457.36,1,102532,26644.2,798.0,4541.0,25349.0,300.0,93685901.0,23427572.75,303.0,12045.0,23439314.75,2,1,5,1.1428571428571428,1.0,1.0,1.0,1,3,2.0,2.0,1.5,2.5,"Hypergraph(num_v=32, num_e=5)",False,-3.2625205516815186
3255,STATS,123-047-augA3,rewr,3.428549289703369,0.1440620422363281,1,5,12,8,4,251457.36,1,102532,26644.2,798.0,4541.0,25349.0,300.0,93685901.0,23427572.75,303.0,12045.0,23439314.75,2,1,5,1.1428571428571428,1.0,1.0,1.0,1,3,2.0,2.0,1.5,2.5,"Hypergraph(num_v=32, num_e=5)",False,-3.284487247467041
3256,STATS,123-047-augA4,rewr,3.2380118370056152,0.1414666175842285,1,5,12,8,4,251457.36,1,102532,26644.2,798.0,4541.0,25349.0,300.0,93685901.0,23427572.75,303.0,12045.0,23439314.75,1,1,5,1.1428571428571428,1.0,1.0,1.0,4,4,4.0,4.0,4.0,4.0,"Hypergraph(num_v=32, num_e=5)",False,-3.0965452194213867
3257,STATS,123-047-augF1,orig,0.028641700744628906,0.0455198287963867,1,5,12,8,4,16030.87,1,102532,26484.8,1.0,4541.0,25349.0,1.0,69090.0,17277.5,1.0,9.5,17286.0,2,1,5,1.1428571428571428,1.0,1.0,1.0,1,3,2.0,2.0,1.5,2.5,"Hypergraph(num_v=32, num_e=5)",False,0.01687812805175779
3258,STATS,123-047-augF1-augA1,orig,0.028527021408081055,0.1128468513488769,1,5,12,8,4,16030.87,1,102532,26484.8,1.0,4541.0,25349.0,1.0,69090.0,17277.5,1.0,9.5,17286.0,2,1,5,1.1428571428571428,1.0,1.0,1.0,1,3,2.0,2.0,1.5,2.5,"Hypergraph(num_v=32, num_e=5)",False,0.08431982994079584
3259,STATS,123-047-augF1-augA2,orig,0.029532670974731445,0.0970180034637451,1,5,12,8,4,16030.87,1,102532,26484.8,1.0,4541.0,25349.0,1.0,69090.0,17277.5,1.0,9.5,17286.0,2,1,5,1.1428571428571428,1.0,1.0,1.0,1,3,2.0,2.0,1.5,2.5,"Hypergraph(num_v=32, num_e=5)",False,0.06748533248901366
3260,STATS,123-047-augF1-augA3,orig,0.02895379066467285,0.0399680137634277,1,5,12,8,4,16030.87,1,102532,26484.8,1.0,4541.0,25349.0,1.0,69090.0,17277.5,1.0,9.5,17286.0,1,1,5,1.1428571428571428,1.0,1.0,1.0,4,4,4.0,4.0,4.0,4.0,"Hypergraph(num_v=32, num_e=5)",False,0.011014223098754848
3261,STATS,123-047-augF1-augA4,rewr,0.02975916862487793,0.0249717235565185,1,5,12,8,4,16030.87,1,102532,26484.8,1.0,4541.0,25349.0,1.0,69090.0,17277.5,1.0,9.5,17286.0,1,1,5,1.1428571428571428,1.0,1.0,1.0,4,4,4.0,4.0,4.0,4.0,"Hypergraph(num_v=32, num_e=5)",False,-0.0047874450683594305
3262,STATS,123-047-augF2,rewr,3.290942430496216,0.1398909091949463,1,5,12,8,4,255451.32,1,102532,26659.6,798.0,4618.0,25349.0,305.0,95274529.0,23824833.0,308.0,12249.0,23836774.0,2,1,5,1.1428571428571428,1.0,1.0,1.0,1,3,2.0,2.0,1.5,2.5,"Hypergraph(num_v=32, num_e=5)",False,-3.1510515213012695
3263,STATS,123-047-augF2-augA1,rewr,3.435486078262329,0.1203916072845459,1,5,12,8,4,255451.32,1,102532,26659.6,798.0,4618.0,25349.0,305.0,95274529.0,23824833.0,308.0,12249.0,23836774.0,2,1,5,1.1428571428571428,1.0,1.0,1.0,1,3,2.0,2.0,1.5,2.5,"Hypergraph(num_v=32, num_e=5)",False,-3.315094470977783
3264,STATS,123-047-augF2-augA2,rewr,3.4280741214752197,0.2143969535827636,1,5,12,8,4,255451.32,1,102532,26659.6,798.0,4618.0,25349.0,305.0,95274529.0,23824833.0,308.0,12249.0,23836774.0,2,1,5,1.1428571428571428,1.0,1.0,1.0,1,3,2.0,2.0,1.5,2.5,"Hypergraph(num_v=32, num_e=5)",False,-3.213677167892456
3265,STATS,123-047-augF2-augA3,rewr,3.4613683223724365,0.1463582515716552,1,5,12,8,4,255451.32,1,102532,26659.6,798.0,4618.0,25349.0,305.0,95274529.0,23824833.0,308.0,12249.0,23836774.0,2,1,5,1.1428571428571428,1.0,1.0,1.0,1,3,2.0,2.0,1.5,2.5,"Hypergraph(num_v=32, num_e=5)",False,-3.3150100708007812
3266,STATS,123-047-augF2-augA4,rewr,3.269955635070801,0.1279058456420898,1,5,12,8,4,255451.32,1,102532,26659.6,798.0,4618.0,25349.0,305.0,95274529.0,23824833.0,308.0,12249.0,23836774.0,1,1,5,1.1428571428571428,1.0,1.0,1.0,4,4,4.0,4.0,4.0,4.0,"Hypergraph(num_v=32, num_e=5)",False,-3.142049789428711
3267,STATS,124-070,rewr,4.314202308654785,0.3773391246795654,1,6,16,11,5,25588.76,2638,178345,87596.66666666667,28062.75,90229.5,140155.5,318.0,273971.0,55781.8,351.0,994.0,3275.0,1,1,5,1.1724137931034482,1.0,1.0,1.0,5,5,5.0,5.0,5.0,5.0,"Hypergraph(num_v=34, num_e=6)",True,-3.9368631839752197
3268,STATS,124-070-augA1,rewr,4.326463222503662,0.2668514251708984,1,6,16,11,5,25588.76,2638,178345,87596.66666666667,28062.75,90229.5,140155.5,318.0,273971.0,55781.8,351.0,994.0,3275.0,1,1,5,1.1724137931034482,1.0,1.0,1.0,5,5,5.0,5.0,5.0,5.0,"Hypergraph(num_v=34, num_e=6)",False,-4.059611797332764
3269,STATS,124-070-augA2,rewr,4.337184190750122,0.4027209281921386,1,6,16,11,5,25588.76,2638,178345,87596.66666666667,28062.75,90229.5,140155.5,318.0,273971.0,55781.8,351.0,994.0,3275.0,2,1,5,1.1724137931034482,1.0,1.0,1.0,1,4,2.5,2.5,1.75,3.25,"Hypergraph(num_v=34, num_e=6)",False,-3.9344632625579834
3270,STATS,124-070-augA3,rewr,4.321044445037842,0.1910295486450195,1,6,16,11,5,25588.76,2638,178345,87596.66666666667,28062.75,90229.5,140155.5,318.0,273971.0,55781.8,351.0,994.0,3275.0,2,1,5,1.1724137931034482,1.0,1.0,1.0,1,4,2.5,2.5,1.75,3.25,"Hypergraph(num_v=34, num_e=6)",False,-4.130014896392822
3271,STATS,124-070-augA4,rewr,4.329310655593872,0.3214418888092041,1,6,16,11,5,25588.76,2638,178345,87596.66666666667,28062.75,90229.5,140155.5,318.0,273971.0,55781.8,351.0,994.0,3275.0,2,1,5,1.1724137931034482,1.0,1.0,1.0,1,4,2.5,2.5,1.75,3.25,"Hypergraph(num_v=34, num_e=6)",False,-4.007868766784668
3272,STATS,124-070-augA5,rewr,4.392807245254517,0.3195521831512451,1,6,16,11,5,25588.76,2638,178345,87596.66666666667,28062.75,90229.5,140155.5,318.0,273971.0,55781.8,351.0,994.0,3275.0,2,1,5,1.1724137931034482,1.0,1.0,1.0,1,4,2.5,2.5,1.75,3.25,"Hypergraph(num_v=34, num_e=6)",False,-4.0732550621032715
3273,STATS,124-070-augF1,rewr,4.3762712478637695,0.3888416290283203,1,6,16,11,5,25595.29,2640,178345,87597.0,28062.75,90229.5,140155.5,319.0,274365.0,55862.0,352.0,995.0,3279.0,1,1,5,1.1724137931034482,1.0,1.0,1.0,5,5,5.0,5.0,5.0,5.0,"Hypergraph(num_v=34, num_e=6)",False,-3.987429618835449
3274,STATS,124-070-augF1-augA1,rewr,4.386492729187012,0.247197151184082,1,6,16,11,5,25595.29,2640,178345,87597.0,28062.75,90229.5,140155.5,319.0,274365.0,55862.0,352.0,995.0,3279.0,1,1,5,1.1724137931034482,1.0,1.0,1.0,5,5,5.0,5.0,5.0,5.0,"Hypergraph(num_v=34, num_e=6)",False,-4.13929557800293
3275,STATS,124-070-augF1-augA2,rewr,4.414119720458984,0.3030948638916015,1,6,16,11,5,25595.29,2640,178345,87597.0,28062.75,90229.5,140155.5,319.0,274365.0,55862.0,352.0,995.0,3279.0,2,1,5,1.1724137931034482,1.0,1.0,1.0,1,4,2.5,2.5,1.75,3.25,"Hypergraph(num_v=34, num_e=6)",False,-4.111024856567383
3276,STATS,124-070-augF1-augA3,rewr,4.444578647613525,0.2785563468933105,1,6,16,11,5,25595.29,2640,178345,87597.0,28062.75,90229.5,140155.5,319.0,274365.0,55862.0,352.0,995.0,3279.0,2,1,5,1.1724137931034482,1.0,1.0,1.0,1,4,2.5,2.5,1.75,3.25,"Hypergraph(num_v=34, num_e=6)",False,-4.166022300720215
3277,STATS,124-070-augF1-augA4,rewr,4.395516872406006,0.2605876922607422,1,6,16,11,5,25595.29,2640,178345,87597.0,28062.75,90229.5,140155.5,319.0,274365.0,55862.0,352.0,995.0,3279.0,2,1,5,1.1724137931034482,1.0,1.0,1.0,1,4,2.5,2.5,1.75,3.25,"Hypergraph(num_v=34, num_e=6)",False,-4.134929180145264
3278,STATS,124-070-augF1-augA5,rewr,4.458810091018677,0.2769320011138916,1,6,16,11,5,25595.29,2640,178345,87597.0,28062.75,90229.5,140155.5,319.0,274365.0,55862.0,352.0,995.0,3279.0,2,1,5,1.1724137931034482,1.0,1.0,1.0,1,4,2.5,2.5,1.75,3.25,"Hypergraph(num_v=34, num_e=6)",False,-4.181878089904785
3279,STATS,124-070-augF2,orig,0.07937049865722656,0.3804070949554443,1,6,16,11,5,21140.81,391,178345,87222.16666666667,28062.75,90229.5,140155.5,47.0,40798.0,8306.6,52.0,148.0,488.0,1,1,5,1.1724137931034482,1.0,1.0,1.0,5,5,5.0,5.0,5.0,5.0,"Hypergraph(num_v=34, num_e=6)",False,0.3010365962982177
3280,STATS,124-070-augF2-augA1,orig,0.07793998718261719,0.3500406742095947,1,6,16,11,5,21140.81,391,178345,87222.16666666667,28062.75,90229.5,140155.5,47.0,40798.0,8306.6,52.0,148.0,488.0,1,1,5,1.1724137931034482,1.0,1.0,1.0,5,5,5.0,5.0,5.0,5.0,"Hypergraph(num_v=34, num_e=6)",False,0.27210068702697754
3281,STATS,124-070-augF2-augA2,orig,0.0776224136352539,0.3882248401641845,1,6,16,11,5,21140.81,391,178345,87222.16666666667,28062.75,90229.5,140155.5,47.0,40798.0,8306.6,52.0,148.0,488.0,2,1,5,1.1724137931034482,1.0,1.0,1.0,1,4,2.5,2.5,1.75,3.25,"Hypergraph(num_v=34, num_e=6)",False,0.3106024265289306
3282,STATS,124-070-augF2-augA3,orig,0.07703614234924316,0.2347064018249511,1,6,16,11,5,21140.81,391,178345,87222.16666666667,28062.75,90229.5,140155.5,47.0,40798.0,8306.6,52.0,148.0,488.0,2,1,5,1.1724137931034482,1.0,1.0,1.0,1,4,2.5,2.5,1.75,3.25,"Hypergraph(num_v=34, num_e=6)",False,0.15767025947570792
3283,STATS,124-070-augF2-augA4,orig,0.07696843147277832,0.2867302894592285,1,6,16,11,5,21140.81,391,178345,87222.16666666667,28062.75,90229.5,140155.5,47.0,40798.0,8306.6,52.0,148.0,488.0,2,1,5,1.1724137931034482,1.0,1.0,1.0,1,4,2.5,2.5,1.75,3.25,"Hypergraph(num_v=34, num_e=6)",False,0.2097618579864502
3284,STATS,124-070-augF2-augA5,orig,0.08103203773498535,0.2250952720642089,1,6,16,11,5,21140.81,391,178345,87222.16666666667,28062.75,90229.5,140155.5,47.0,40798.0,8306.6,52.0,148.0,488.0,2,1,5,1.1724137931034482,1.0,1.0,1.0,1,4,2.5,2.5,1.75,3.25,"Hypergraph(num_v=34, num_e=6)",False,0.14406323432922355
3285,STATS,125-051,rewr,6.872100353240967,0.2040321826934814,1,5,13,9,4,1285870620.36,39823,101342,62923.0,42324.0,53634.0,77492.0,98502.0,511802345019.0,127986786019.5,1112763.75,72350278.5,128058023534.25,2,1,5,1.16,1.0,1.0,1.0,1,3,2.0,2.0,1.5,2.5,"Hypergraph(num_v=29, num_e=5)",True,-6.668068170547485
3286,STATS,125-051-augA1,rewr,7.089872121810913,0.1633329391479492,1,5,13,9,4,1285870620.36,39823,101342,62923.0,42324.0,53634.0,77492.0,98502.0,511802345019.0,127986786019.5,1112763.75,72350278.5,128058023534.25,2,1,5,1.16,1.0,1.0,1.0,1,3,2.0,2.0,1.5,2.5,"Hypergraph(num_v=29, num_e=5)",False,-6.926539182662964
3287,STATS,125-051-augA2,rewr,6.632007360458374,0.195275068283081,1,5,13,9,4,1285870620.36,39823,101342,62923.0,42324.0,53634.0,77492.0,98502.0,511802345019.0,127986786019.5,1112763.75,72350278.5,128058023534.25,2,1,5,1.16,1.0,1.0,1.0,1,3,2.0,2.0,1.5,2.5,"Hypergraph(num_v=29, num_e=5)",False,-6.436732292175293
3288,STATS,125-051-augA3,rewr,7.0050742626190186,0.1979892253875732,1,5,13,9,4,1285870620.36,39823,101342,62923.0,42324.0,53634.0,77492.0,98502.0,511802345019.0,127986786019.5,1112763.75,72350278.5,128058023534.25,2,1,5,1.16,1.0,1.0,1.0,1,3,2.0,2.0,1.5,2.5,"Hypergraph(num_v=29, num_e=5)",False,-6.807085037231445
3289,STATS,125-051-augA4,rewr,6.905868053436279,0.2137556076049804,1,5,13,9,4,1285870620.36,39823,101342,62923.0,42324.0,53634.0,77492.0,98502.0,511802345019.0,127986786019.5,1112763.75,72350278.5,128058023534.25,1,1,5,1.16,1.0,1.0,1.0,4,4,4.0,4.0,4.0,4.0,"Hypergraph(num_v=29, num_e=5)",False,-6.692112445831299
3290,STATS,125-051-augF1,rewr,0.5821738243103027,0.1154060363769531,1,5,13,9,4,51308682.11,1688,101342,54795.8,39823.0,53634.0,77492.0,57864.0,20412110214.0,5104494945.5,88342.5,2905852.0,5107312455.0,2,1,5,1.16,1.0,1.0,1.0,1,3,2.0,2.0,1.5,2.5,"Hypergraph(num_v=29, num_e=5)",False,-0.4667677879333496
3291,STATS,125-051-augF1-augA1,rewr,0.5816237926483154,0.2276690006256103,1,5,13,9,4,51308682.11,1688,101342,54795.8,39823.0,53634.0,77492.0,57864.0,20412110214.0,5104494945.5,88342.5,2905852.0,5107312455.0,2,1,5,1.16,1.0,1.0,1.0,1,3,2.0,2.0,1.5,2.5,"Hypergraph(num_v=29, num_e=5)",False,-0.35395479202270513
3292,STATS,125-051-augF1-augA2,rewr,0.5854592323303223,0.1173532009124755,1,5,13,9,4,51308682.11,1688,101342,54795.8,39823.0,53634.0,77492.0,57864.0,20412110214.0,5104494945.5,88342.5,2905852.0,5107312455.0,2,1,5,1.16,1.0,1.0,1.0,1,3,2.0,2.0,1.5,2.5,"Hypergraph(num_v=29, num_e=5)",False,-0.4681060314178468
3293,STATS,125-051-augF1-augA3,rewr,0.5893898010253906,0.1566925048828125,1,5,13,9,4,51308682.11,1688,101342,54795.8,39823.0,53634.0,77492.0,57864.0,20412110214.0,5104494945.5,88342.5,2905852.0,5107312455.0,1,1,5,1.16,1.0,1.0,1.0,4,4,4.0,4.0,4.0,4.0,"Hypergraph(num_v=29, num_e=5)",False,-0.4326972961425781
3294,STATS,125-051-augF1-augA4,rewr,0.579787015914917,0.1365094184875488,1,5,13,9,4,51308682.11,1688,101342,54795.8,39823.0,53634.0,77492.0,57864.0,20412110214.0,5104494945.5,88342.5,2905852.0,5107312455.0,1,1,5,1.16,1.0,1.0,1.0,4,4,4.0,4.0,4.0,4.0,"Hypergraph(num_v=29, num_e=5)",False,-0.44327759742736816
3295,STATS,125-051-augF2,rewr,0.6340076923370361,0.1617674827575683,1,5,13,9,4,60463443.47,4746,77492,43603.8,39823.0,42324.0,53634.0,76527.0,23970910732.0,5993509813.75,529986.0,1525998.0,5994505825.75,2,1,5,1.16,1.0,1.0,1.0,1,3,2.0,2.0,1.5,2.5,"Hypergraph(num_v=29, num_e=5)",False,-0.47224020957946783
3296,STATS,125-051-augF2-augA1,rewr,0.632965087890625,0.1341819763183593,1,5,13,9,4,60463443.47,4746,77492,43603.8,39823.0,42324.0,53634.0,76527.0,23970910732.0,5993509813.75,529986.0,1525998.0,5994505825.75,2,1,5,1.16,1.0,1.0,1.0,1,3,2.0,2.0,1.5,2.5,"Hypergraph(num_v=29, num_e=5)",False,-0.49878311157226574
3297,STATS,125-051-augF2-augA2,rewr,0.6413352489471436,0.1059601306915283,1,5,13,9,4,60462113.47,4746,77492,43603.8,39823.0,42324.0,53634.0,76527.0,23970910732.0,5993509813.75,529986.0,1525998.0,5994505825.75,2,1,5,1.16,1.0,1.0,1.0,1,3,2.0,2.0,1.5,2.5,"Hypergraph(num_v=29, num_e=5)",False,-0.5353751182556152
3298,STATS,125-051-augF2-augA3,rewr,0.6518845558166504,0.1599707603454589,1,5,13,9,4,60462113.47,4746,77492,43603.8,39823.0,42324.0,53634.0,76527.0,23970910732.0,5993509813.75,529986.0,1525998.0,5994505825.75,2,1,5,1.16,1.0,1.0,1.0,1,3,2.0,2.0,1.5,2.5,"Hypergraph(num_v=29, num_e=5)",False,-0.4919137954711915
3299,STATS,125-051-augF2-augA4,rewr,0.6389453411102295,0.1513364315032959,1,5,13,9,4,60462113.47,4746,77492,43603.8,39823.0,42324.0,53634.0,76527.0,23970910732.0,5993509813.75,529986.0,1525998.0,5994505825.75,1,1,5,1.16,1.0,1.0,1.0,4,4,4.0,4.0,4.0,4.0,"Hypergraph(num_v=29, num_e=5)",False,-0.4876089096069336
3300,STATS,126-059,rewr,6.034170866012573,0.181903600692749,1,6,15,10,5,177024.28,1,191485,56875.0,7116.25,31910.0,73296.75,618.0,58951398.0,11865147.4,675.0,21837.0,351209.0,1,1,5,1.1666666666666667,1.0,1.0,1.0,5,5,5.0,5.0,5.0,5.0,"Hypergraph(num_v=35, num_e=6)",True,-5.852267265319824
3301,STATS,126-059-augA1,rewr,6.151654243469238,0.1785423755645752,1,6,15,10,5,177024.28,1,191485,56875.0,7116.25,31910.0,73296.75,618.0,58951398.0,11865147.4,675.0,21837.0,351209.0,2,1,5,1.1666666666666667,1.0,1.0,1.0,1,4,2.5,2.5,1.75,3.25,"Hypergraph(num_v=35, num_e=6)",False,-5.973111867904663
3302,STATS,126-059-augA2,rewr,5.784602165222168,0.1590025424957275,1,6,15,10,5,176338.28,1,191485,56875.0,7116.25,31910.0,73296.75,618.0,58951398.0,11865147.4,675.0,21837.0,351209.0,2,1,5,1.1666666666666667,1.0,1.0,1.0,1,4,2.5,2.5,1.75,3.25,"Hypergraph(num_v=35, num_e=6)",False,-5.62559962272644
3303,STATS,126-059-augA3,rewr,6.407528400421143,0.1460938453674316,1,6,15,10,5,177024.28,1,191485,56875.0,7116.25,31910.0,73296.75,618.0,58951398.0,11865147.4,675.0,21837.0,351209.0,2,1,5,1.1666666666666667,1.0,1.0,1.0,1,4,2.5,2.5,1.75,3.25,"Hypergraph(num_v=35, num_e=6)",False,-6.261434555053711
3304,STATS,126-059-augA4,rewr,6.405182600021362,0.1670925617218017,1,6,15,10,5,177024.28,1,191485,56875.0,7116.25,31910.0,73296.75,618.0,58951398.0,11865147.4,675.0,21837.0,351209.0,2,1,5,1.1666666666666667,1.0,1.0,1.0,1,4,2.5,2.5,1.75,3.25,"Hypergraph(num_v=35, num_e=6)",False,-6.2380900382995605
3305,STATS,126-059-augA5,rewr,5.73270320892334,0.1800131797790527,1,6,15,10,5,176338.28,1,191485,56875.0,7116.25,31910.0,73296.75,618.0,58951398.0,11865147.4,675.0,21837.0,351209.0,1,1,5,1.1666666666666667,1.0,1.0,1.0,5,5,5.0,5.0,5.0,5.0,"Hypergraph(num_v=35, num_e=6)",False,-5.552690029144287
3306,STATS,126-059-augF1,rewr,5.9758899211883545,0.1664669513702392,1,6,15,10,5,70997.05,1,191485,56875.0,7116.25,31910.0,73296.75,217.0,20725961.0,4171601.6,675.0,7678.0,123477.0,1,1,5,1.1666666666666667,1.0,1.0,1.0,5,5,5.0,5.0,5.0,5.0,"Hypergraph(num_v=35, num_e=6)",False,-5.809422969818115
3307,STATS,126-059-augF1-augA1,rewr,6.170579195022583,0.1735739707946777,1,6,15,10,5,70997.05,1,191485,56875.0,7116.25,31910.0,73296.75,217.0,20725961.0,4171601.6,675.0,7678.0,123477.0,2,1,5,1.1666666666666667,1.0,1.0,1.0,1,4,2.5,2.5,1.75,3.25,"Hypergraph(num_v=35, num_e=6)",False,-5.997005224227905
3308,STATS,126-059-augF1-augA2,rewr,6.472066879272461,0.1465997695922851,1,6,15,10,5,70997.05,1,191485,56875.0,7116.25,31910.0,73296.75,217.0,20725961.0,4171601.6,675.0,7678.0,123477.0,2,1,5,1.1666666666666667,1.0,1.0,1.0,1,4,2.5,2.5,1.75,3.25,"Hypergraph(num_v=35, num_e=6)",False,-6.325467109680176
3309,STATS,126-059-augF1-augA3,rewr,6.0547144412994385,0.1229481697082519,1,6,15,10,5,70997.05,1,191485,56875.0,7116.25,31910.0,73296.75,217.0,20725961.0,4171601.6,675.0,7678.0,123477.0,2,1,5,1.1666666666666667,1.0,1.0,1.0,1,4,2.5,2.5,1.75,3.25,"Hypergraph(num_v=35, num_e=6)",False,-5.9317662715911865
3310,STATS,126-059-augF1-augA4,rewr,6.252869129180908,0.1571965217590332,1,6,15,10,5,70997.05,1,191485,56875.0,7116.25,31910.0,73296.75,217.0,20725961.0,4171601.6,675.0,7678.0,123477.0,2,1,5,1.1666666666666667,1.0,1.0,1.0,1,4,2.5,2.5,1.75,3.25,"Hypergraph(num_v=35, num_e=6)",False,-6.095672607421875
3311,STATS,126-059-augF1-augA5,rewr,6.2074878215789795,0.1845531463623047,1,6,15,10,5,70997.05,1,191485,56875.0,7116.25,31910.0,73296.75,217.0,20725961.0,4171601.6,675.0,7678.0,123477.0,1,1,5,1.1666666666666667,1.0,1.0,1.0,5,5,5.0,5.0,5.0,5.0,"Hypergraph(num_v=35, num_e=6)",False,-6.022934675216675
3312,STATS,126-059-augF2,rewr,6.3461620807647705,0.1842312812805175,1,6,15,10,5,178267.71,1,192962,57121.16666666666,7116.25,31910.0,73296.75,618.0,59406324.0,11956677.0,675.0,21837.0,353931.0,1,1,5,1.1666666666666667,1.0,1.0,1.0,5,5,5.0,5.0,5.0,5.0,"Hypergraph(num_v=35, num_e=6)",False,-6.161930799484253
3313,STATS,126-059-augF2-augA1,rewr,6.266826152801514,0.1827340126037597,1,6,15,10,5,178267.71,1,192962,57121.16666666666,7116.25,31910.0,73296.75,618.0,59406324.0,11956677.0,675.0,21837.0,353931.0,2,1,5,1.1666666666666667,1.0,1.0,1.0,1,4,2.5,2.5,1.75,3.25,"Hypergraph(num_v=35, num_e=6)",False,-6.084092140197754
3314,STATS,126-059-augF2-augA2,rewr,5.117218017578125,0.169379711151123,1,6,15,10,5,177577.71,1,192962,57121.16666666666,7116.25,31910.0,73296.75,618.0,59406324.0,11956677.0,675.0,21837.0,353931.0,2,1,5,1.1666666666666667,1.0,1.0,1.0,1,4,2.5,2.5,1.75,3.25,"Hypergraph(num_v=35, num_e=6)",False,-4.947838306427002
3315,STATS,126-059-augF2-augA3,rewr,6.095227241516113,0.1357781887054443,1,6,15,10,5,178267.71,1,192962,57121.16666666666,7116.25,31910.0,73296.75,618.0,59406324.0,11956677.0,675.0,21837.0,353931.0,2,1,5,1.1666666666666667,1.0,1.0,1.0,1,4,2.5,2.5,1.75,3.25,"Hypergraph(num_v=35, num_e=6)",False,-5.959449052810669
3316,STATS,126-059-augF2-augA4,rewr,6.074186086654663,0.160696268081665,1,6,15,10,5,178267.71,1,192962,57121.16666666666,7116.25,31910.0,73296.75,618.0,59406324.0,11956677.0,675.0,21837.0,353931.0,2,1,5,1.1666666666666667,1.0,1.0,1.0,1,4,2.5,2.5,1.75,3.25,"Hypergraph(num_v=35, num_e=6)",False,-5.913489818572998
3317,STATS,126-059-augF2-augA5,rewr,5.715787172317505,0.171342134475708,1,6,15,10,5,177577.71,1,192962,57121.16666666666,7116.25,31910.0,73296.75,618.0,59406324.0,11956677.0,675.0,21837.0,353931.0,1,1,5,1.1666666666666667,1.0,1.0,1.0,5,5,5.0,5.0,5.0,5.0,"Hypergraph(num_v=35, num_e=6)",False,-5.544445037841797
3318,STATS,127-038,rewr,4.6567771434783936,0.1254878044128418,1,4,10,7,3,3404157.83,25245,79004,55668.75,36555.0,59213.0,78326.75,79004.0,1335596011.0,445609027.0,615535.0,1152066.0,668374038.5,2,1,4,1.1875,1.0,1.0,1.0,1,2,1.5,1.5,1.25,1.75,"Hypergraph(num_v=19, num_e=4)",True,-4.531289339065552
3319,STATS,127-038-augA1,rewr,4.464404821395874,0.1568295955657959,1,4,10,7,3,3404157.83,25245,79004,55668.75,36555.0,59213.0,78326.75,79004.0,1335596011.0,445609027.0,615535.0,1152066.0,668374038.5,1,1,4,1.1875,1.0,1.0,1.0,3,3,3.0,3.0,3.0,3.0,"Hypergraph(num_v=19, num_e=4)",False,-4.307575225830078
3320,STATS,127-038-augA2,rewr,4.76920223236084,0.1149468421936035,1,4,10,7,3,3404157.83,25245,79004,55668.75,36555.0,59213.0,78326.75,79004.0,1335596011.0,445609027.0,615535.0,1152066.0,668374038.5,2,1,4,1.1875,1.0,1.0,1.0,1,2,1.5,1.5,1.25,1.75,"Hypergraph(num_v=19, num_e=4)",False,-4.654255390167236
3321,STATS,127-038-augA3,rewr,4.536764144897461,0.1216073036193847,1,4,10,7,3,3404157.83,25245,79004,55668.75,36555.0,59213.0,78326.75,79004.0,1335596011.0,445609027.0,615535.0,1152066.0,668374038.5,1,1,4,1.1875,1.0,1.0,1.0,3,3,3.0,3.0,3.0,3.0,"Hypergraph(num_v=19, num_e=4)",False,-4.415156841278076
3322,STATS,127-038-augF1,rewr,1.6279809474945068,0.1194136142730712,1,4,10,7,3,1324752.18,25245,79004,43601.5,28685.25,35078.5,49994.75,79004.0,510162242.0,170464437.33333334,615535.0,1152066.0,255657154.0,2,1,4,1.1875,1.0,1.0,1.0,1,2,1.5,1.5,1.25,1.75,"Hypergraph(num_v=19, num_e=4)",False,-1.5085673332214355
3323,STATS,127-038-augF1-augA1,rewr,1.6923952102661133,0.1360554695129394,1,4,10,7,3,1324752.18,25245,79004,43601.5,28685.25,35078.5,49994.75,79004.0,510162242.0,170464437.33333334,615535.0,1152066.0,255657154.0,2,1,4,1.1875,1.0,1.0,1.0,1,2,1.5,1.5,1.25,1.75,"Hypergraph(num_v=19, num_e=4)",False,-1.5563397407531738
3324,STATS,127-038-augF1-augA2,rewr,1.7145097255706787,0.0932586193084716,1,4,10,7,3,1324752.18,25245,79004,43601.5,28685.25,35078.5,49994.75,79004.0,510162242.0,170464437.33333334,615535.0,1152066.0,255657154.0,2,1,4,1.1875,1.0,1.0,1.0,1,2,1.5,1.5,1.25,1.75,"Hypergraph(num_v=19, num_e=4)",False,-1.621251106262207
3325,STATS,127-038-augF1-augA3,rewr,1.720665693283081,0.1553959846496582,1,4,10,7,3,1324752.18,25245,79004,43601.5,28685.25,35078.5,49994.75,79004.0,510162242.0,170464437.33333334,615535.0,1152066.0,255657154.0,1,1,4,1.1875,1.0,1.0,1.0,3,3,3.0,3.0,3.0,3.0,"Hypergraph(num_v=19, num_e=4)",False,-1.5652697086334229
3326,STATS,127-038-augF2,rewr,4.22459077835083,0.1228320598602294,1,4,10,7,3,3405263.12,25254,79004,55671.0,36557.25,59213.0,78326.75,79004.0,1336031692.0,445754379.3333333,615723.0,1152442.0,668592067.0,2,1,4,1.1875,1.0,1.0,1.0,1,2,1.5,1.5,1.25,1.75,"Hypergraph(num_v=19, num_e=4)",False,-4.101758718490601
3327,STATS,127-038-augF2-augA1,rewr,4.470012187957764,0.1534829139709472,1,4,10,7,3,3405263.12,25254,79004,55671.0,36557.25,59213.0,78326.75,79004.0,1336031692.0,445754379.3333333,615723.0,1152442.0,668592067.0,1,1,4,1.1875,1.0,1.0,1.0,3,3,3.0,3.0,3.0,3.0,"Hypergraph(num_v=19, num_e=4)",False,-4.316529273986816
3328,STATS,127-038-augF2-augA2,rewr,4.50158166885376,0.1172473430633544,1,4,10,7,3,3405263.12,25254,79004,55671.0,36557.25,59213.0,78326.75,79004.0,1336031692.0,445754379.3333333,615723.0,1152442.0,668592067.0,2,1,4,1.1875,1.0,1.0,1.0,1,2,1.5,1.5,1.25,1.75,"Hypergraph(num_v=19, num_e=4)",False,-4.384334325790405
3329,STATS,127-038-augF2-augA3,rewr,4.514174938201904,0.1597769260406494,1,4,10,7,3,3405263.12,25254,79004,55671.0,36557.25,59213.0,78326.75,79004.0,1336031692.0,445754379.3333333,615723.0,1152442.0,668592067.0,1,1,4,1.1875,1.0,1.0,1.0,3,3,3.0,3.0,3.0,3.0,"Hypergraph(num_v=19, num_e=4)",False,-4.354398012161255
3330,STATS,128-069,rewr,4.64927339553833,0.3782446384429931,1,6,10,5,5,93544.66,10186,192372,96965.33333333331,51026.5,79677.5,153721.5,3976.0,3943431.0,802342.6,4600.0,13106.0,46600.0,1,1,5,1.1724137931034482,1.0,1.0,1.0,5,5,5.0,5.0,5.0,5.0,"Hypergraph(num_v=34, num_e=6)",True,-4.271028757095337
3331,STATS,128-069-augA1,rewr,4.6228697299957275,0.3196067810058594,1,6,10,5,5,93544.66,10186,192372,96965.33333333331,51026.5,79677.5,153721.5,3976.0,3943431.0,802342.6,4600.0,13106.0,46600.0,1,1,5,1.1724137931034482,1.0,1.0,1.0,5,5,5.0,5.0,5.0,5.0,"Hypergraph(num_v=34, num_e=6)",False,-4.303262948989868
3332,STATS,128-069-augA2,rewr,4.689122676849365,0.3560004234313965,1,6,10,5,5,93544.66,10186,192372,96965.33333333331,51026.5,79677.5,153721.5,3976.0,3943431.0,802342.6,4600.0,13106.0,46600.0,2,1,5,1.1724137931034482,1.0,1.0,1.0,1,4,2.5,2.5,1.75,3.25,"Hypergraph(num_v=34, num_e=6)",False,-4.333122253417969
3333,STATS,128-069-augA3,rewr,4.637543201446533,0.3399116992950439,1,6,10,5,5,93544.66,10186,192372,96965.33333333331,51026.5,79677.5,153721.5,3976.0,3943431.0,802342.6,4600.0,13106.0,46600.0,2,1,5,1.1724137931034482,1.0,1.0,1.0,1,4,2.5,2.5,1.75,3.25,"Hypergraph(num_v=34, num_e=6)",False,-4.297631502151489
3334,STATS,128-069-augA4,rewr,4.647615671157837,0.2605042457580566,1,6,10,5,5,93544.66,10186,192372,96965.33333333331,51026.5,79677.5,153721.5,3976.0,3943431.0,802342.6,4600.0,13106.0,46600.0,2,1,5,1.1724137931034482,1.0,1.0,1.0,1,4,2.5,2.5,1.75,3.25,"Hypergraph(num_v=34, num_e=6)",False,-4.38711142539978
3335,STATS,128-069-augA5,rewr,4.811270236968994,0.2517175674438476,1,6,10,5,5,93544.66,10186,192372,96965.33333333331,51026.5,79677.5,153721.5,3976.0,3943431.0,802342.6,4600.0,13106.0,46600.0,2,1,5,1.1724137931034482,1.0,1.0,1.0,1,4,2.5,2.5,1.75,3.25,"Hypergraph(num_v=34, num_e=6)",False,-4.5595526695251465
3336,STATS,128-069-augF1,orig,0.04726076126098633,0.3697304725646972,1,6,10,5,5,18678.14,94,192372,90058.66666666667,27515.5,79677.5,153721.5,21.0,8661.0,1802.2,31.0,102.0,196.0,1,1,5,1.1724137931034482,1.0,1.0,1.0,5,5,5.0,5.0,5.0,5.0,"Hypergraph(num_v=34, num_e=6)",False,0.3224697113037109
3337,STATS,128-069-augF1-augA1,orig,0.047386884689331055,0.1962451934814453,1,6,10,5,5,18678.14,94,192372,90058.66666666667,27515.5,79677.5,153721.5,21.0,8661.0,1802.2,31.0,102.0,196.0,1,1,5,1.1724137931034482,1.0,1.0,1.0,5,5,5.0,5.0,5.0,5.0,"Hypergraph(num_v=34, num_e=6)",False,0.14885830879211426
3338,STATS,128-069-augF1-augA2,orig,0.04648733139038086,0.2352445125579834,1,6,10,5,5,18678.14,94,192372,90058.66666666667,27515.5,79677.5,153721.5,21.0,8661.0,1802.2,31.0,102.0,196.0,2,1,5,1.1724137931034482,1.0,1.0,1.0,1,4,2.5,2.5,1.75,3.25,"Hypergraph(num_v=34, num_e=6)",False,0.18875718116760254
3339,STATS,128-069-augF1-augA3,orig,0.04690957069396973,0.1502077579498291,1,6,10,5,5,18678.14,94,192372,90058.66666666667,27515.5,79677.5,153721.5,21.0,8661.0,1802.2,31.0,102.0,196.0,2,1,5,1.1724137931034482,1.0,1.0,1.0,1,4,2.5,2.5,1.75,3.25,"Hypergraph(num_v=34, num_e=6)",False,0.10329818725585938
3340,STATS,128-069-augF1-augA4,orig,0.04706716537475586,0.1956734657287597,1,6,10,5,5,18678.14,94,192372,90058.66666666667,27515.5,79677.5,153721.5,21.0,8661.0,1802.2,31.0,102.0,196.0,2,1,5,1.1724137931034482,1.0,1.0,1.0,1,4,2.5,2.5,1.75,3.25,"Hypergraph(num_v=34, num_e=6)",False,0.14860630035400385
3341,STATS,128-069-augF1-augA5,orig,0.05033421516418457,0.230410099029541,1,6,10,5,5,18678.14,94,192372,90058.66666666667,27515.5,79677.5,153721.5,21.0,8661.0,1802.2,31.0,102.0,196.0,2,1,5,1.1724137931034482,1.0,1.0,1.0,1,4,2.5,2.5,1.75,3.25,"Hypergraph(num_v=34, num_e=6)",False,0.18007588386535642
3342,STATS,128-069-augF2,rewr,5.026203155517578,0.3145761489868164,1,6,10,5,5,93772.55,10186,192962,97063.66666666669,51026.5,79677.5,153721.5,3976.0,3955478.0,804780.4,4600.0,13106.0,46742.0,1,1,5,1.1724137931034482,1.0,1.0,1.0,5,5,5.0,5.0,5.0,5.0,"Hypergraph(num_v=34, num_e=6)",False,-4.711627006530762
3343,STATS,128-069-augF2-augA1,rewr,4.6559906005859375,0.2597293853759765,1,6,10,5,5,93772.55,10186,192962,97063.66666666669,51026.5,79677.5,153721.5,3976.0,3955478.0,804780.4,4600.0,13106.0,46742.0,1,1,5,1.1724137931034482,1.0,1.0,1.0,5,5,5.0,5.0,5.0,5.0,"Hypergraph(num_v=34, num_e=6)",False,-4.396261215209961
3344,STATS,128-069-augF2-augA2,rewr,4.699529409408569,0.4081137180328369,1,6,10,5,5,93772.55,10186,192962,97063.66666666669,51026.5,79677.5,153721.5,3976.0,3955478.0,804780.4,4600.0,13106.0,46742.0,2,1,5,1.1724137931034482,1.0,1.0,1.0,1,4,2.5,2.5,1.75,3.25,"Hypergraph(num_v=34, num_e=6)",False,-4.291415691375732
3345,STATS,128-069-augF2-augA3,rewr,4.61902379989624,0.3101749420166015,1,6,10,5,5,93772.55,10186,192962,97063.66666666669,51026.5,79677.5,153721.5,3976.0,3955478.0,804780.4,4600.0,13106.0,46742.0,2,1,5,1.1724137931034482,1.0,1.0,1.0,1,4,2.5,2.5,1.75,3.25,"Hypergraph(num_v=34, num_e=6)",False,-4.308848857879639
3346,STATS,128-069-augF2-augA4,rewr,4.633171319961548,0.2576906681060791,1,6,10,5,5,93772.55,10186,192962,97063.66666666669,51026.5,79677.5,153721.5,3976.0,3955478.0,804780.4,4600.0,13106.0,46742.0,2,1,5,1.1724137931034482,1.0,1.0,1.0,1,4,2.5,2.5,1.75,3.25,"Hypergraph(num_v=34, num_e=6)",False,-4.375480651855469
3347,STATS,128-069-augF2-augA5,rewr,4.824812173843384,0.365135908126831,1,6,10,5,5,93772.55,10186,192962,97063.66666666669,51026.5,79677.5,153721.5,3976.0,3955478.0,804780.4,4600.0,13106.0,46742.0,2,1,5,1.1724137931034482,1.0,1.0,1.0,1,4,2.5,2.5,1.75,3.25,"Hypergraph(num_v=34, num_e=6)",False,-4.459676265716553
3348,STATS,129-140,rewr,13.047102689743042,0.3435816764831543,1,7,18,12,6,21125.28,1,189135,76879.57142857143,6261.0,78650.0,128924.5,250.0,414917.0,69903.66666666667,264.0,559.5,2367.75,1,1,5,1.1764705882352942,1.0,1.0,1.0,6,6,6.0,6.0,6.0,6.0,"Hypergraph(num_v=40, num_e=7)",True,-12.703521013259888
3349,STATS,129-140-augA1,rewr,13.072577714920044,0.3386313915252685,1,7,18,12,6,21125.28,1,189135,76879.57142857143,6261.0,78650.0,128924.5,250.0,414917.0,69903.66666666667,264.0,559.5,2367.75,1,1,5,1.1764705882352942,1.0,1.0,1.0,6,6,6.0,6.0,6.0,6.0,"Hypergraph(num_v=40, num_e=7)",False,-12.733946323394775
3350,STATS,129-140-augA2,rewr,12.995620489120483,0.3011000156402588,1,7,18,12,6,21125.28,1,189135,76879.57142857143,6261.0,78650.0,128924.5,250.0,414917.0,69903.66666666667,264.0,559.5,2367.75,2,1,5,1.1764705882352942,1.0,1.0,1.0,1,5,3.0,3.0,2.0,4.0,"Hypergraph(num_v=40, num_e=7)",False,-12.694520473480225
3351,STATS,129-140-augA3,rewr,13.04165530204773,0.2116014957427978,1,7,18,12,6,21125.28,1,189135,76879.57142857143,6261.0,78650.0,128924.5,250.0,414917.0,69903.66666666667,264.0,559.5,2367.75,2,1,5,1.1764705882352942,1.0,1.0,1.0,1,5,3.0,3.0,2.0,4.0,"Hypergraph(num_v=40, num_e=7)",False,-12.830053806304932
3352,STATS,129-140-augA4,rewr,13.033438205718994,0.3283519744873047,1,7,18,12,6,21125.28,1,189135,76879.57142857143,6261.0,78650.0,128924.5,250.0,414917.0,69903.66666666667,264.0,559.5,2367.75,2,1,5,1.1764705882352942,1.0,1.0,1.0,1,5,3.0,3.0,2.0,4.0,"Hypergraph(num_v=40, num_e=7)",False,-12.70508623123169
3353,STATS,129-140-augA5,rewr,12.817123413085938,0.318880558013916,1,7,18,12,6,21125.28,1,189135,76879.57142857143,6261.0,78650.0,128924.5,250.0,414917.0,69903.66666666667,264.0,559.5,2367.75,2,1,5,1.1764705882352942,1.0,1.0,1.0,1,5,3.0,3.0,2.0,4.0,"Hypergraph(num_v=40, num_e=7)",False,-12.498242855072021
3354,STATS,129-140-augA6,rewr,12.917075395584106,0.3334629535675049,1,7,18,12,6,21125.28,1,189135,76879.57142857143,6261.0,78650.0,128924.5,250.0,414917.0,69903.66666666667,264.0,559.5,2367.75,1,1,5,1.1764705882352942,1.0,1.0,1.0,6,6,6.0,6.0,6.0,6.0,"Hypergraph(num_v=40, num_e=7)",False,-12.583612442016602
3355,STATS,129-140-augF1,rewr,28.352509260177612,0.2640025615692138,1,7,18,12,6,21141.81,1,189135,76883.57142857143,6275.0,78650.0,128924.5,252.0,418668.0,70535.5,266.25,564.5,2389.0,1,1,5,1.1764705882352942,1.0,1.0,1.0,6,6,6.0,6.0,6.0,6.0,"Hypergraph(num_v=40, num_e=7)",False,-28.0885066986084
3356,STATS,129-140-augF1-augA1,rewr,28.18831181526184,0.3685848712921142,1,7,18,12,6,21141.81,1,189135,76883.57142857143,6275.0,78650.0,128924.5,252.0,418668.0,70535.5,266.25,564.5,2389.0,1,1,5,1.1764705882352942,1.0,1.0,1.0,6,6,6.0,6.0,6.0,6.0,"Hypergraph(num_v=40, num_e=7)",False,-27.819726943969727
3357,STATS,129-140-augF1-augA2,rewr,28.247174739837646,0.3495705127716064,1,7,18,12,6,21141.81,1,189135,76883.57142857143,6275.0,78650.0,128924.5,252.0,418668.0,70535.5,266.25,564.5,2389.0,2,1,5,1.1764705882352942,1.0,1.0,1.0,1,5,3.0,3.0,2.0,4.0,"Hypergraph(num_v=40, num_e=7)",False,-27.89760422706604
3358,STATS,129-140-augF1-augA3,rewr,28.35064387321472,0.2168993949890136,1,7,18,12,6,21141.81,1,189135,76883.57142857143,6275.0,78650.0,128924.5,252.0,418668.0,70535.5,266.25,564.5,2389.0,2,1,5,1.1764705882352942,1.0,1.0,1.0,1,5,3.0,3.0,2.0,4.0,"Hypergraph(num_v=40, num_e=7)",False,-28.133744478225708
3359,STATS,129-140-augF1-augA4,rewr,28.188683032989502,0.2244277000427246,1,7,18,12,6,21141.81,1,189135,76883.57142857143,6275.0,78650.0,128924.5,252.0,418668.0,70535.5,266.25,564.5,2389.0,2,1,5,1.1764705882352942,1.0,1.0,1.0,1,5,3.0,3.0,2.0,4.0,"Hypergraph(num_v=40, num_e=7)",False,-27.964255332946777
3360,STATS,129-140-augF1-augA5,rewr,27.821105480194092,0.3785388469696045,1,7,18,12,6,21141.81,1,189135,76883.57142857143,6275.0,78650.0,128924.5,252.0,418668.0,70535.5,266.25,564.5,2389.0,2,1,5,1.1764705882352942,1.0,1.0,1.0,1,5,3.0,3.0,2.0,4.0,"Hypergraph(num_v=40, num_e=7)",False,-27.442566633224487
3361,STATS,129-140-augF1-augA6,rewr,27.87250804901123,0.3948729038238525,1,7,18,12,6,21141.81,1,189135,76883.57142857143,6275.0,78650.0,128924.5,252.0,418668.0,70535.5,266.25,564.5,2389.0,1,1,5,1.1764705882352942,1.0,1.0,1.0,6,6,6.0,6.0,6.0,6.0,"Hypergraph(num_v=40, num_e=7)",False,-27.477635145187378
3362,STATS,129-140-augF2,rewr,2.6202542781829834,0.3160545825958252,1,7,18,12,6,20622.92,1,189135,76771.71428571429,5883.5,78650.0,128924.5,182.0,301561.0,50806.0,192.25,406.5,1721.0,1,1,5,1.1764705882352942,1.0,1.0,1.0,6,6,6.0,6.0,6.0,6.0,"Hypergraph(num_v=40, num_e=7)",False,-2.304199695587158
3363,STATS,129-140-augF2-augA1,rewr,2.629824161529541,0.3608448505401611,1,7,18,12,6,20622.92,1,189135,76771.71428571429,5883.5,78650.0,128924.5,182.0,301561.0,50806.0,192.25,406.5,1721.0,1,1,5,1.1764705882352942,1.0,1.0,1.0,6,6,6.0,6.0,6.0,6.0,"Hypergraph(num_v=40, num_e=7)",False,-2.26897931098938
3364,STATS,129-140-augF2-augA2,rewr,2.6080780029296875,0.4424054622650146,1,7,18,12,6,20622.92,1,189135,76771.71428571429,5883.5,78650.0,128924.5,182.0,301561.0,50806.0,192.25,406.5,1721.0,2,1,5,1.1764705882352942,1.0,1.0,1.0,1,5,3.0,3.0,2.0,4.0,"Hypergraph(num_v=40, num_e=7)",False,-2.165672540664673
3365,STATS,129-140-augF2-augA3,rewr,2.6134324073791504,0.1940441131591797,1,7,18,12,6,20622.92,1,189135,76771.71428571429,5883.5,78650.0,128924.5,182.0,301561.0,50806.0,192.25,406.5,1721.0,2,1,5,1.1764705882352942,1.0,1.0,1.0,1,5,3.0,3.0,2.0,4.0,"Hypergraph(num_v=40, num_e=7)",False,-2.4193882942199707
3366,STATS,129-140-augF2-augA4,rewr,2.614896297454834,0.2621967792510986,1,7,18,12,6,20622.92,1,189135,76771.71428571429,5883.5,78650.0,128924.5,182.0,301561.0,50806.0,192.25,406.5,1721.0,2,1,5,1.1764705882352942,1.0,1.0,1.0,1,5,3.0,3.0,2.0,4.0,"Hypergraph(num_v=40, num_e=7)",False,-2.3526995182037354
3367,STATS,129-140-augF2-augA5,rewr,2.589792013168335,0.2509889602661133,1,7,18,12,6,20622.92,1,189135,76771.71428571429,5883.5,78650.0,128924.5,182.0,301561.0,50806.0,192.25,406.5,1721.0,2,1,5,1.1764705882352942,1.0,1.0,1.0,1,5,3.0,3.0,2.0,4.0,"Hypergraph(num_v=40, num_e=7)",False,-2.3388030529022217
3368,STATS,129-140-augF2-augA6,rewr,2.5745441913604736,0.5120999813079834,1,7,18,12,6,20622.92,1,189135,76771.71428571429,5883.5,78650.0,128924.5,182.0,301561.0,50806.0,192.25,406.5,1721.0,1,1,5,1.1764705882352942,1.0,1.0,1.0,6,6,6.0,6.0,6.0,6.0,"Hypergraph(num_v=40, num_e=7)",False,-2.0624442100524902
3369,STATS,130-123,rewr,8.712876319885254,0.2631964683532715,1,4,7,4,3,47330.63,6021,178345,76121.25,31706.25,60059.5,104474.5,5926.0,3852458.0,1290039.6666666667,8830.5,11735.0,1932096.5,1,1,4,1.1428571428571428,1.0,1.0,1.0,3,3,3.0,3.0,3.0,3.0,"Hypergraph(num_v=24, num_e=4)",True,-8.449679851531982
3370,STATS,130-123-augA1,rewr,8.913182020187378,0.173830509185791,1,4,7,4,3,47330.63,6021,178345,76121.25,31706.25,60059.5,104474.5,5926.0,3852458.0,1290039.6666666667,8830.5,11735.0,1932096.5,2,1,4,1.1428571428571428,1.0,1.0,1.0,1,2,1.5,1.5,1.25,1.75,"Hypergraph(num_v=24, num_e=4)",False,-8.739351511001587
3371,STATS,130-123-augA2,rewr,8.713764667510986,0.2624039649963379,1,4,7,4,3,47330.63,6021,178345,76121.25,31706.25,60059.5,104474.5,5926.0,3852458.0,1290039.6666666667,8830.5,11735.0,1932096.5,1,1,4,1.1428571428571428,1.0,1.0,1.0,3,3,3.0,3.0,3.0,3.0,"Hypergraph(num_v=24, num_e=4)",False,-8.451360702514648
3372,STATS,130-123-augA3,rewr,8.867043733596802,0.1181051731109619,1,4,7,4,3,47330.63,6021,178345,76121.25,31706.25,60059.5,104474.5,5926.0,3852458.0,1290039.6666666667,8830.5,11735.0,1932096.5,2,1,4,1.1428571428571428,1.0,1.0,1.0,1,2,1.5,1.5,1.25,1.75,"Hypergraph(num_v=24, num_e=4)",False,-8.74893856048584
3373,STATS,130-123-augF1,rewr,8.70735239982605,0.0942986011505127,1,4,7,4,3,47824.1,6092,178345,76139.0,31724.0,60059.5,104474.5,5996.0,3897885.0,1305251.3333333333,8934.5,11873.0,1954879.0,2,1,4,1.1428571428571428,1.0,1.0,1.0,1,2,1.5,1.5,1.25,1.75,"Hypergraph(num_v=24, num_e=4)",False,-8.613053798675537
3374,STATS,130-123-augF1-augA1,rewr,8.885000944137573,0.1343839168548584,1,4,7,4,3,47824.1,6092,178345,76139.0,31724.0,60059.5,104474.5,5996.0,3897885.0,1305251.3333333333,8934.5,11873.0,1954879.0,2,1,4,1.1428571428571428,1.0,1.0,1.0,1,2,1.5,1.5,1.25,1.75,"Hypergraph(num_v=24, num_e=4)",False,-8.750617027282715
3375,STATS,130-123-augF1-augA2,rewr,8.857880592346191,0.1410934925079345,1,4,7,4,3,47824.1,6092,178345,76139.0,31724.0,60059.5,104474.5,5996.0,3897885.0,1305251.3333333333,8934.5,11873.0,1954879.0,1,1,4,1.1428571428571428,1.0,1.0,1.0,3,3,3.0,3.0,3.0,3.0,"Hypergraph(num_v=24, num_e=4)",False,-8.716787099838257
3376,STATS,130-123-augF1-augA3,rewr,8.962233304977417,0.3149065971374511,1,4,7,4,3,47824.1,6092,178345,76139.0,31724.0,60059.5,104474.5,5996.0,3897885.0,1305251.3333333333,8934.5,11873.0,1954879.0,2,1,4,1.1428571428571428,1.0,1.0,1.0,1,2,1.5,1.5,1.25,1.75,"Hypergraph(num_v=24, num_e=4)",False,-8.647326707839966
3377,STATS,130-123-augF2,orig,0.05139040946960449,0.0725924968719482,1,4,7,4,3,9781.54,1,178345,64551.5,7.0,39930.0,104474.5,9.0,5759.0,1928.6666666666667,13.5,18.0,2888.5,2,1,4,1.1428571428571428,1.0,1.0,1.0,1,2,1.5,1.5,1.25,1.75,"Hypergraph(num_v=24, num_e=4)",False,0.02120208740234371
3378,STATS,130-123-augF2-augA1,orig,0.052320003509521484,0.1728792190551757,1,4,7,4,3,9781.54,1,178345,64551.5,7.0,39930.0,104474.5,9.0,5759.0,1928.6666666666667,13.5,18.0,2888.5,2,1,4,1.1428571428571428,1.0,1.0,1.0,1,2,1.5,1.5,1.25,1.75,"Hypergraph(num_v=24, num_e=4)",False,0.12055921554565421
3379,STATS,130-123-augF2-augA2,orig,0.050950050354003906,0.0985419750213623,1,4,7,4,3,9781.54,1,178345,64551.5,7.0,39930.0,104474.5,9.0,5759.0,1928.6666666666667,13.5,18.0,2888.5,1,1,4,1.1428571428571428,1.0,1.0,1.0,3,3,3.0,3.0,3.0,3.0,"Hypergraph(num_v=24, num_e=4)",False,0.0475919246673584
3380,STATS,130-123-augF2-augA3,orig,0.051812171936035156,0.1251101493835449,1,4,7,4,3,9781.54,1,178345,64551.5,7.0,39930.0,104474.5,9.0,5759.0,1928.6666666666667,13.5,18.0,2888.5,1,1,4,1.1428571428571428,1.0,1.0,1.0,3,3,3.0,3.0,3.0,3.0,"Hypergraph(num_v=24, num_e=4)",False,0.07329797744750974
3381,STATS,131-143,rewr,17.890278816223145,0.3011493682861328,1,7,14,8,6,23023.5,1,178345,75104.57142857143,8088.5,75990.0,127609.5,663.0,938270.0,158195.66666666666,722.0,1388.5,5570.25,1,1,5,1.1764705882352942,1.0,1.0,1.0,6,6,6.0,6.0,6.0,6.0,"Hypergraph(num_v=40, num_e=7)",True,-17.58912944793701
3382,STATS,131-143-augA1,rewr,17.86434578895569,0.3906044960021972,1,7,14,8,6,23023.5,1,178345,75104.57142857143,8088.5,75990.0,127609.5,663.0,938270.0,158195.66666666666,722.0,1388.5,5570.25,1,1,5,1.1764705882352942,1.0,1.0,1.0,6,6,6.0,6.0,6.0,6.0,"Hypergraph(num_v=40, num_e=7)",False,-17.47374129295349
3383,STATS,131-143-augA2,rewr,17.85831570625305,0.4066519737243652,1,7,14,8,6,23023.5,1,178345,75104.57142857143,8088.5,75990.0,127609.5,663.0,938270.0,158195.66666666666,722.0,1388.5,5570.25,2,1,5,1.1764705882352942,1.0,1.0,1.0,1,5,3.0,3.0,2.0,4.0,"Hypergraph(num_v=40, num_e=7)",False,-17.451663732528687
3384,STATS,131-143-augA3,rewr,17.950177907943726,0.3368575572967529,1,7,14,8,6,23023.5,1,178345,75104.57142857143,8088.5,75990.0,127609.5,663.0,938270.0,158195.66666666666,722.0,1388.5,5570.25,2,1,5,1.1764705882352942,1.0,1.0,1.0,1,5,3.0,3.0,2.0,4.0,"Hypergraph(num_v=40, num_e=7)",False,-17.613320350646973
3385,STATS,131-143-augA4,rewr,17.847268104553223,0.2139182090759277,1,7,14,8,6,23023.5,1,178345,75104.57142857143,8088.5,75990.0,127609.5,663.0,938270.0,158195.66666666666,722.0,1388.5,5570.25,2,1,5,1.1764705882352942,1.0,1.0,1.0,1,5,3.0,3.0,2.0,4.0,"Hypergraph(num_v=40, num_e=7)",False,-17.633349895477295
3386,STATS,131-143-augA5,rewr,17.412739038467407,0.4038779735565185,1,7,14,8,6,23023.5,1,178345,75104.57142857143,8088.5,75990.0,127609.5,663.0,938270.0,158195.66666666666,722.0,1388.5,5570.25,2,1,5,1.1764705882352942,1.0,1.0,1.0,1,5,3.0,3.0,2.0,4.0,"Hypergraph(num_v=40, num_e=7)",False,-17.00886106491089
3387,STATS,131-143-augA6,rewr,17.495129108428955,0.5453145503997803,1,7,14,8,6,23023.5,1,178345,75104.57142857143,8088.5,75990.0,127609.5,663.0,938270.0,158195.66666666666,722.0,1388.5,5570.25,1,1,5,1.1764705882352942,1.0,1.0,1.0,6,6,6.0,6.0,6.0,6.0,"Hypergraph(num_v=40, num_e=7)",False,-16.949814558029175
3388,STATS,131-143-augF1,rewr,0.36357665061950684,0.1854195594787597,1,7,14,8,6,16505.79,1,178345,59875.142857142855,318.0,10186.0,114979.0,5.0,5959.0,1033.0,7.25,28.5,139.75,1,1,5,1.1764705882352942,1.0,1.0,1.0,6,6,6.0,6.0,6.0,6.0,"Hypergraph(num_v=40, num_e=7)",False,-0.17815709114074713
3389,STATS,131-143-augF1-augA1,rewr,0.36017489433288574,0.2305905818939209,1,7,14,8,6,16505.79,1,178345,59875.142857142855,318.0,10186.0,114979.0,5.0,5959.0,1033.0,7.25,28.5,139.75,1,1,5,1.1764705882352942,1.0,1.0,1.0,6,6,6.0,6.0,6.0,6.0,"Hypergraph(num_v=40, num_e=7)",False,-0.12958431243896484
3390,STATS,131-143-augF1-augA2,rewr,0.35666346549987793,0.2313718795776367,1,7,14,8,6,16505.79,1,178345,59875.142857142855,318.0,10186.0,114979.0,5.0,5959.0,1033.0,7.25,28.5,139.75,2,1,5,1.1764705882352942,1.0,1.0,1.0,1,5,3.0,3.0,2.0,4.0,"Hypergraph(num_v=40, num_e=7)",False,-0.12529158592224124
3391,STATS,131-143-augF1-augA3,rewr,0.3633720874786377,0.1642844676971435,1,7,14,8,6,16505.79,1,178345,59875.142857142855,318.0,10186.0,114979.0,5.0,5959.0,1033.0,7.25,28.5,139.75,2,1,5,1.1764705882352942,1.0,1.0,1.0,1,5,3.0,3.0,2.0,4.0,"Hypergraph(num_v=40, num_e=7)",False,-0.1990876197814942
3392,STATS,131-143-augF1-augA4,rewr,0.36249446868896484,0.1725237369537353,1,7,14,8,6,16505.79,1,178345,59875.142857142855,318.0,10186.0,114979.0,5.0,5959.0,1033.0,7.25,28.5,139.75,2,1,5,1.1764705882352942,1.0,1.0,1.0,1,5,3.0,3.0,2.0,4.0,"Hypergraph(num_v=40, num_e=7)",False,-0.18997073173522955
3393,STATS,131-143-augF1-augA5,rewr,0.3562781810760498,0.1852891445159912,1,7,14,8,6,16505.79,1,178345,59875.142857142855,318.0,10186.0,114979.0,5.0,5959.0,1033.0,7.25,28.5,139.75,2,1,5,1.1764705882352942,1.0,1.0,1.0,1,5,3.0,3.0,2.0,4.0,"Hypergraph(num_v=40, num_e=7)",False,-0.1709890365600586
3394,STATS,131-143-augF1-augA6,rewr,0.35456228256225586,0.2405598163604736,1,7,14,8,6,16505.79,1,178345,59875.142857142855,318.0,10186.0,114979.0,5.0,5959.0,1033.0,7.25,28.5,139.75,1,1,5,1.1764705882352942,1.0,1.0,1.0,6,6,6.0,6.0,6.0,6.0,"Hypergraph(num_v=40, num_e=7)",False,-0.11400246620178225
3395,STATS,131-143-augF2,rewr,58.66247582435608,0.4377431869506836,1,7,14,8,6,23095.06,1,178345,75119.14285714286,8139.5,75990.0,127609.5,675.0,954054.0,160857.16666666666,734.0,1412.0,5664.5,1,1,5,1.1764705882352942,1.0,1.0,1.0,6,6,6.0,6.0,6.0,6.0,"Hypergraph(num_v=40, num_e=7)",False,-58.224732637405396
3396,STATS,131-143-augF2-augA1,rewr,58.52942633628845,0.3237812519073486,1,7,14,8,6,23095.06,1,178345,75119.14285714286,8139.5,75990.0,127609.5,675.0,954054.0,160857.16666666666,734.0,1412.0,5664.5,1,1,5,1.1764705882352942,1.0,1.0,1.0,6,6,6.0,6.0,6.0,6.0,"Hypergraph(num_v=40, num_e=7)",False,-58.2056450843811
3397,STATS,131-143-augF2-augA2,rewr,58.6612491607666,0.5114367008209229,1,7,14,8,6,23095.06,1,178345,75119.14285714286,8139.5,75990.0,127609.5,675.0,954054.0,160857.16666666666,734.0,1412.0,5664.5,2,1,5,1.1764705882352942,1.0,1.0,1.0,1,5,3.0,3.0,2.0,4.0,"Hypergraph(num_v=40, num_e=7)",False,-58.14981245994568
3398,STATS,131-143-augF2-augA3,rewr,58.68264865875244,0.2079181671142578,1,7,14,8,6,23095.06,1,178345,75119.14285714286,8139.5,75990.0,127609.5,675.0,954054.0,160857.16666666666,734.0,1412.0,5664.5,2,1,5,1.1764705882352942,1.0,1.0,1.0,1,5,3.0,3.0,2.0,4.0,"Hypergraph(num_v=40, num_e=7)",False,-58.474730491638184
3399,STATS,131-143-augF2-augA4,rewr,58.92624235153198,0.3251452445983886,1,7,14,8,6,23095.06,1,178345,75119.14285714286,8139.5,75990.0,127609.5,675.0,954054.0,160857.16666666666,734.0,1412.0,5664.5,2,1,5,1.1764705882352942,1.0,1.0,1.0,1,5,3.0,3.0,2.0,4.0,"Hypergraph(num_v=40, num_e=7)",False,-58.601097106933594
3400,STATS,131-143-augF2-augA5,rewr,57.35772657394409,0.3925249576568603,1,7,14,8,6,23095.06,1,178345,75119.14285714286,8139.5,75990.0,127609.5,675.0,954054.0,160857.16666666666,734.0,1412.0,5664.5,2,1,5,1.1764705882352942,1.0,1.0,1.0,1,5,3.0,3.0,2.0,4.0,"Hypergraph(num_v=40, num_e=7)",False,-56.96520161628723
3401,STATS,131-143-augF2-augA6,rewr,57.49476146697998,0.4252378940582275,1,7,14,8,6,23095.06,1,178345,75119.14285714286,8139.5,75990.0,127609.5,675.0,954054.0,160857.16666666666,734.0,1412.0,5664.5,1,1,5,1.1764705882352942,1.0,1.0,1.0,6,6,6.0,6.0,6.0,6.0,"Hypergraph(num_v=40, num_e=7)",False,-57.06952357292175
3402,STATS,132-105,rewr,16.92353320121765,0.2808527946472168,1,4,9,6,3,2318899.73,40173,328064,170020.0,110166.75,155921.5,215774.75,130898.0,870904320.0,293072038.0,4155897.0,8180896.0,439542608.0,2,1,4,1.1578947368421053,1.0,1.0,1.0,1,2,1.5,1.5,1.25,1.75,"Hypergraph(num_v=22, num_e=4)",True,-16.642680406570435
3403,STATS,132-105-augA1,rewr,21.774701356887817,0.3084323406219482,1,4,9,6,3,2316331.7,40173,328064,170020.0,110166.75,155921.5,215774.75,130898.0,870904320.0,293072038.0,4155897.0,8180896.0,439542608.0,1,1,4,1.1578947368421053,1.0,1.0,1.0,3,3,3.0,3.0,3.0,3.0,"Hypergraph(num_v=22, num_e=4)",False,-21.46626901626587
3404,STATS,132-105-augA2,rewr,24.337114334106445,0.171534776687622,1,4,9,6,3,2316331.7,40173,328064,170020.0,110166.75,155921.5,215774.75,130898.0,870904320.0,293072038.0,4155897.0,8180896.0,439542608.0,1,1,4,1.1578947368421053,1.0,1.0,1.0,3,3,3.0,3.0,3.0,3.0,"Hypergraph(num_v=22, num_e=4)",False,-24.165579557418823
3405,STATS,132-105-augA3,rewr,24.659626960754395,0.3442301750183105,1,4,9,6,3,2316331.7,40173,328064,170020.0,110166.75,155921.5,215774.75,130898.0,870904320.0,293072038.0,4155897.0,8180896.0,439542608.0,1,1,4,1.1578947368421053,1.0,1.0,1.0,3,3,3.0,3.0,3.0,3.0,"Hypergraph(num_v=22, num_e=4)",False,-24.315396785736084
3406,STATS,132-105-augF1,rewr,1.578382968902588,0.134711742401123,1,4,9,6,3,1951682.84,33574,328064,168370.25,108517.0,155921.5,215774.75,109396.0,727845608.0,245378633.3333333,4145146.0,8180896.0,368013252.0,2,1,4,1.1578947368421053,1.0,1.0,1.0,1,2,1.5,1.5,1.25,1.75,"Hypergraph(num_v=22, num_e=4)",False,-1.4436712265014648
3407,STATS,132-105-augF1-augA1,rewr,1.5376219749450684,0.1105711460113525,1,4,9,6,3,1949536.17,33574,328064,168370.25,108517.0,155921.5,215774.75,109396.0,727845608.0,245378633.3333333,4145146.0,8180896.0,368013252.0,2,1,4,1.1578947368421053,1.0,1.0,1.0,1,2,1.5,1.5,1.25,1.75,"Hypergraph(num_v=22, num_e=4)",False,-1.4270508289337158
3408,STATS,132-105-augF1-augA2,rewr,1.647052526473999,0.2513599395751953,1,4,9,6,3,1949536.17,33574,328064,168370.25,108517.0,155921.5,215774.75,109396.0,727845608.0,245378633.3333333,4145146.0,8180896.0,368013252.0,2,1,4,1.1578947368421053,1.0,1.0,1.0,1,2,1.5,1.5,1.25,1.75,"Hypergraph(num_v=22, num_e=4)",False,-1.3956925868988037
3409,STATS,132-105-augF1-augA3,rewr,1.5814781188964844,0.1680331230163574,1,4,9,6,3,1949536.17,33574,328064,168370.25,108517.0,155921.5,215774.75,109396.0,727845608.0,245378633.3333333,4145146.0,8180896.0,368013252.0,1,1,4,1.1578947368421053,1.0,1.0,1.0,3,3,3.0,3.0,3.0,3.0,"Hypergraph(num_v=22, num_e=4)",False,-1.413444995880127
3410,STATS,132-105-augF2,rewr,17.037048816680908,0.2802116870880127,1,4,9,6,3,2340082.11,40173,328064,170336.25,111115.5,156554.0,215774.75,132138.0,879156832.0,295823288.6666667,4156517.0,8180896.0,443668864.0,2,1,4,1.1578947368421053,1.0,1.0,1.0,1,2,1.5,1.5,1.25,1.75,"Hypergraph(num_v=22, num_e=4)",False,-16.756837129592896
3411,STATS,132-105-augF2-augA1,rewr,15.67379093170166,0.1412611007690429,1,4,9,6,3,2339630.61,40173,328064,170336.25,111115.5,156554.0,215774.75,132138.0,879156832.0,295823288.6666667,4156517.0,8180896.0,443668864.0,2,1,4,1.1578947368421053,1.0,1.0,1.0,1,2,1.5,1.5,1.25,1.75,"Hypergraph(num_v=22, num_e=4)",False,-15.532529830932617
3412,STATS,132-105-augF2-augA2,rewr,17.113155603408813,0.1713218688964843,1,4,9,6,3,2339630.61,40173,328064,170336.25,111115.5,156554.0,215774.75,132138.0,879156832.0,295823288.6666667,4156517.0,8180896.0,443668864.0,1,1,4,1.1578947368421053,1.0,1.0,1.0,3,3,3.0,3.0,3.0,3.0,"Hypergraph(num_v=22, num_e=4)",False,-16.94183373451233
3413,STATS,132-105-augF2-augA3,rewr,17.39070773124695,0.2285592555999755,1,4,9,6,3,2339630.61,40173,328064,170336.25,111115.5,156554.0,215774.75,132138.0,879156832.0,295823288.6666667,4156517.0,8180896.0,443668864.0,1,1,4,1.1578947368421053,1.0,1.0,1.0,3,3,3.0,3.0,3.0,3.0,"Hypergraph(num_v=22, num_e=4)",False,-17.162148475646973
3414,STATS,133-052,rewr,11.9332754611969,0.2856495380401611,1,5,15,11,4,113862096.56,1158,178345,79658.8,37832.0,78427.0,102532.0,40175.0,45295100468.0,11327106329.5,81051.5,6642337.5,11333667615.5,1,1,5,1.16,1.0,1.0,1.0,4,4,4.0,4.0,4.0,4.0,"Hypergraph(num_v=29, num_e=5)",True,-11.647625923156738
3415,STATS,133-052-augA1,rewr,12.431963205337524,0.4263925552368164,1,5,15,11,4,113862096.56,1158,178345,79658.8,37832.0,78427.0,102532.0,40175.0,45295100468.0,11327106329.5,81051.5,6642337.5,11333667615.5,2,1,5,1.16,1.0,1.0,1.0,1,3,2.0,2.0,1.5,2.5,"Hypergraph(num_v=29, num_e=5)",False,-12.005570650100708
3416,STATS,133-052-augA2,rewr,11.005123615264893,0.1384861469268798,1,5,15,11,4,113862096.56,1158,178345,79658.8,37832.0,78427.0,102532.0,40175.0,45295100468.0,11327106329.5,81051.5,6642337.5,11333667615.5,2,1,5,1.16,1.0,1.0,1.0,1,3,2.0,2.0,1.5,2.5,"Hypergraph(num_v=29, num_e=5)",False,-10.866637468338013
3417,STATS,133-052-augA3,rewr,12.157834529876709,0.2017076015472412,1,5,15,11,4,113862096.56,1158,178345,79658.8,37832.0,78427.0,102532.0,40175.0,45295100468.0,11327106329.5,81051.5,6642337.5,11333667615.5,1,1,5,1.16,1.0,1.0,1.0,4,4,4.0,4.0,4.0,4.0,"Hypergraph(num_v=29, num_e=5)",False,-11.956126928329468
3418,STATS,133-052-augA4,rewr,11.358311176300049,0.1907904148101806,1,5,15,11,4,113862096.56,1158,178345,79658.8,37832.0,78427.0,102532.0,40175.0,45295100468.0,11327106329.5,81051.5,6642337.5,11333667615.5,1,1,5,1.16,1.0,1.0,1.0,4,4,4.0,4.0,4.0,4.0,"Hypergraph(num_v=29, num_e=5)",False,-11.167520761489868
3419,STATS,133-052-augF1,rewr,14.982064485549927,0.2494604587554931,1,5,15,11,4,114741472.29,1158,178345,79717.4,38125.0,78427.0,102532.0,40175.0,45645900438.0,11414806505.25,81601.25,6642704.0,11421367608.0,2,1,5,1.16,1.0,1.0,1.0,1,3,2.0,2.0,1.5,2.5,"Hypergraph(num_v=29, num_e=5)",False,-14.732604026794434
3420,STATS,133-052-augF1-augA1,rewr,14.31025767326355,0.1751101016998291,1,5,15,11,4,114741472.29,1158,178345,79717.4,38125.0,78427.0,102532.0,40175.0,45645900438.0,11414806505.25,81601.25,6642704.0,11421367608.0,2,1,5,1.16,1.0,1.0,1.0,1,3,2.0,2.0,1.5,2.5,"Hypergraph(num_v=29, num_e=5)",False,-14.13514757156372
3421,STATS,133-052-augF1-augA2,rewr,12.967512130737305,0.1744434833526611,1,5,15,11,4,114741472.29,1158,178345,79717.4,38125.0,78427.0,102532.0,40175.0,45645900438.0,11414806505.25,81601.25,6642704.0,11421367608.0,2,1,5,1.16,1.0,1.0,1.0,1,3,2.0,2.0,1.5,2.5,"Hypergraph(num_v=29, num_e=5)",False,-12.793068647384644
3422,STATS,133-052-augF1-augA3,rewr,13.934179544448853,0.2822072505950928,1,5,15,11,4,114741472.29,1158,178345,79717.4,38125.0,78427.0,102532.0,40175.0,45645900438.0,11414806505.25,81601.25,6642704.0,11421367608.0,2,1,5,1.16,1.0,1.0,1.0,1,3,2.0,2.0,1.5,2.5,"Hypergraph(num_v=29, num_e=5)",False,-13.65197229385376
3423,STATS,133-052-augF1-augA4,rewr,13.417263746261597,0.2828109264373779,1,5,15,11,4,114741472.29,1158,178345,79717.4,38125.0,78427.0,102532.0,40175.0,45645900438.0,11414806505.25,81601.25,6642704.0,11421367608.0,1,1,5,1.16,1.0,1.0,1.0,4,4,4.0,4.0,4.0,4.0,"Hypergraph(num_v=29, num_e=5)",False,-13.134452819824219
3424,STATS,133-052-augF2,rewr,2.7686760425567627,0.1632146835327148,1,5,15,11,4,110050465.28,1158,178345,79404.8,36562.0,78427.0,102532.0,40175.0,43774568178.0,10946972462.5,78668.0,6640748.5,10953534543.0,2,1,5,1.16,1.0,1.0,1.0,1,3,2.0,2.0,1.5,2.5,"Hypergraph(num_v=29, num_e=5)",False,-2.605461359024048
3425,STATS,133-052-augF2-augA1,rewr,3.642042875289917,0.1615240573883056,1,5,15,11,4,110050465.28,1158,178345,79404.8,36562.0,78427.0,102532.0,40175.0,43774568178.0,10946972462.5,78668.0,6640748.5,10953534543.0,1,1,5,1.16,1.0,1.0,1.0,4,4,4.0,4.0,4.0,4.0,"Hypergraph(num_v=29, num_e=5)",False,-3.4805188179016113
3426,STATS,133-052-augF2-augA2,rewr,2.7332565784454346,0.1322379112243652,1,5,15,11,4,110050465.28,1158,178345,79404.8,36562.0,78427.0,102532.0,40175.0,43774568178.0,10946972462.5,78668.0,6640748.5,10953534543.0,2,1,5,1.16,1.0,1.0,1.0,1,3,2.0,2.0,1.5,2.5,"Hypergraph(num_v=29, num_e=5)",False,-2.6010186672210693
3427,STATS,133-052-augF2-augA3,rewr,3.6245083808898926,0.256932258605957,1,5,15,11,4,110050465.28,1158,178345,79404.8,36562.0,78427.0,102532.0,40175.0,43774568178.0,10946972462.5,78668.0,6640748.5,10953534543.0,2,1,5,1.16,1.0,1.0,1.0,1,3,2.0,2.0,1.5,2.5,"Hypergraph(num_v=29, num_e=5)",False,-3.3675761222839355
3428,STATS,133-052-augF2-augA4,rewr,2.8068201541900635,0.1646485328674316,1,5,15,11,4,110050465.28,1158,178345,79404.8,36562.0,78427.0,102532.0,40175.0,43774568178.0,10946972462.5,78668.0,6640748.5,10953534543.0,1,1,5,1.16,1.0,1.0,1.0,4,4,4.0,4.0,4.0,4.0,"Hypergraph(num_v=29, num_e=5)",False,-2.642171621322632
3429,STATS,134-030,rewr,26.616426944732666,0.1327297687530517,1,4,8,5,3,16027.31,37159,328064,121349.75,39533.5,60088.0,141904.25,35584.0,291721.0,140258.0,64526.5,93469.0,192595.0,2,1,4,1.1363636363636365,1.0,1.0,1.0,1,2,1.5,1.5,1.25,1.75,"Hypergraph(num_v=25, num_e=4)",True,-26.483697175979614
3430,STATS,134-030-augA1,rewr,26.22292995452881,0.1530723571777343,1,4,8,5,3,16027.31,37159,328064,121349.75,39533.5,60088.0,141904.25,35584.0,291721.0,140258.0,64526.5,93469.0,192595.0,2,1,4,1.1363636363636365,1.0,1.0,1.0,1,2,1.5,1.5,1.25,1.75,"Hypergraph(num_v=25, num_e=4)",False,-26.069857597351074
3431,STATS,134-030-augA2,rewr,26.605149745941162,0.1113359928131103,1,4,8,5,3,16027.31,37159,328064,121349.75,39533.5,60088.0,141904.25,35584.0,291721.0,140258.0,64526.5,93469.0,192595.0,2,1,4,1.1363636363636365,1.0,1.0,1.0,1,2,1.5,1.5,1.25,1.75,"Hypergraph(num_v=25, num_e=4)",False,-26.49381375312805
3432,STATS,134-030-augA3,rewr,26.115723848342896,0.1651837825775146,1,4,8,5,3,16027.31,37159,328064,121349.75,39533.5,60088.0,141904.25,35584.0,291721.0,140258.0,64526.5,93469.0,192595.0,1,1,4,1.1363636363636365,1.0,1.0,1.0,3,3,3.0,3.0,3.0,3.0,"Hypergraph(num_v=25, num_e=4)",False,-25.95054006576538
3433,STATS,134-030-augF1,rewr,26.779840230941772,0.1178784370422363,1,4,8,5,3,16034.21,37304,328064,121386.0,39569.75,60088.0,141904.25,35584.0,292860.0,140637.66666666666,64526.5,93469.0,193164.5,1,1,4,1.1363636363636365,1.0,1.0,1.0,3,3,3.0,3.0,3.0,3.0,"Hypergraph(num_v=25, num_e=4)",False,-26.661961793899536
3434,STATS,134-030-augF1-augA1,rewr,26.26986026763916,0.1310997009277343,1,4,8,5,3,16034.21,37304,328064,121386.0,39569.75,60088.0,141904.25,35584.0,292860.0,140637.66666666666,64526.5,93469.0,193164.5,2,1,4,1.1363636363636365,1.0,1.0,1.0,1,2,1.5,1.5,1.25,1.75,"Hypergraph(num_v=25, num_e=4)",False,-26.138760566711426
3435,STATS,134-030-augF1-augA2,rewr,26.746612071990967,0.1644840240478515,1,4,8,5,3,16034.21,37304,328064,121386.0,39569.75,60088.0,141904.25,35584.0,292860.0,140637.66666666666,64526.5,93469.0,193164.5,1,1,4,1.1363636363636365,1.0,1.0,1.0,3,3,3.0,3.0,3.0,3.0,"Hypergraph(num_v=25, num_e=4)",False,-26.582128047943115
3436,STATS,134-030-augF1-augA3,rewr,26.27372121810913,0.1334435939788818,1,4,8,5,3,16034.21,37304,328064,121386.0,39569.75,60088.0,141904.25,35584.0,292860.0,140637.66666666666,64526.5,93469.0,193164.5,1,1,4,1.1363636363636365,1.0,1.0,1.0,3,3,3.0,3.0,3.0,3.0,"Hypergraph(num_v=25, num_e=4)",False,-26.14027762413025
3437,STATS,134-030-augF2,rewr,11.456120014190674,0.1133716106414794,1,4,8,5,3,14482.38,15505,328064,115936.25,34120.0,60088.0,141904.25,15281.0,121724.0,61115.333333333336,30811.0,46341.0,84032.5,2,1,4,1.1363636363636365,1.0,1.0,1.0,1,2,1.5,1.5,1.25,1.75,"Hypergraph(num_v=25, num_e=4)",False,-11.342748403549194
3438,STATS,134-030-augF2-augA1,rewr,11.437419176101685,0.1096222400665283,1,4,8,5,3,14482.38,15505,328064,115936.25,34120.0,60088.0,141904.25,15281.0,121724.0,61115.333333333336,30811.0,46341.0,84032.5,2,1,4,1.1363636363636365,1.0,1.0,1.0,1,2,1.5,1.5,1.25,1.75,"Hypergraph(num_v=25, num_e=4)",False,-11.327796936035156
3439,STATS,134-030-augF2-augA2,rewr,11.188990116119385,0.1480929851531982,1,4,8,5,3,14482.38,15505,328064,115936.25,34120.0,60088.0,141904.25,15281.0,121724.0,61115.333333333336,30811.0,46341.0,84032.5,1,1,4,1.1363636363636365,1.0,1.0,1.0,3,3,3.0,3.0,3.0,3.0,"Hypergraph(num_v=25, num_e=4)",False,-11.040897130966187
3440,STATS,134-030-augF2-augA3,rewr,11.194368600845337,0.1367177963256836,1,4,8,5,3,14482.38,15505,328064,115936.25,34120.0,60088.0,141904.25,15281.0,121724.0,61115.333333333336,30811.0,46341.0,84032.5,1,1,4,1.1363636363636365,1.0,1.0,1.0,3,3,3.0,3.0,3.0,3.0,"Hypergraph(num_v=25, num_e=4)",False,-11.057650804519653
3441,STATS,135-136,rewr,22.217974424362183,0.1627259254455566,1,5,15,11,4,60323117.0,2779,178345,79972.0,39339.0,79851.0,99546.0,95581.0,23556326372.0,5900437836.0,97517.5,22664695.5,5923005014.0,2,1,5,1.16,1.0,1.0,1.0,1,3,2.0,2.0,1.5,2.5,"Hypergraph(num_v=29, num_e=5)",True,-22.055248498916626
3442,STATS,135-136-augA1,rewr,21.98907709121704,0.1759915351867675,1,5,15,11,4,60323117.0,2779,178345,79972.0,39339.0,79851.0,99546.0,95581.0,23556326372.0,5900437836.0,97517.5,22664695.5,5923005014.0,1,1,5,1.16,1.0,1.0,1.0,4,4,4.0,4.0,4.0,4.0,"Hypergraph(num_v=29, num_e=5)",False,-21.813085556030273
3443,STATS,135-136-augA2,rewr,21.315882444381714,0.176668643951416,1,5,15,11,4,60323117.0,2779,178345,79972.0,39339.0,79851.0,99546.0,95581.0,23556326372.0,5900437836.0,97517.5,22664695.5,5923005014.0,2,1,5,1.16,1.0,1.0,1.0,1,3,2.0,2.0,1.5,2.5,"Hypergraph(num_v=29, num_e=5)",False,-21.139213800430298
3444,STATS,135-136-augA3,rewr,21.740315914154053,0.1705808639526367,1,5,15,11,4,60323117.0,2779,178345,79972.0,39339.0,79851.0,99546.0,95581.0,23556326372.0,5900437836.0,97517.5,22664695.5,5923005014.0,2,1,5,1.16,1.0,1.0,1.0,1,3,2.0,2.0,1.5,2.5,"Hypergraph(num_v=29, num_e=5)",False,-21.569735050201416
3445,STATS,135-136-augA4,rewr,22.095675706863403,0.1788227558135986,1,5,15,11,4,60323117.0,2779,178345,79972.0,39339.0,79851.0,99546.0,95581.0,23556326372.0,5900437836.0,97517.5,22664695.5,5923005014.0,1,1,5,1.16,1.0,1.0,1.0,4,4,4.0,4.0,4.0,4.0,"Hypergraph(num_v=29, num_e=5)",False,-21.916852951049805
3446,STATS,135-136-augF1,orig,0.014026165008544922,0.0222156047821044,1,5,15,11,4,57122.85,1,178345,71549.0,2.0,79851.0,99546.0,2.0,16959406.0,4247254.0,52.25,14804.0,4262005.75,1,1,5,1.16,1.0,1.0,1.0,4,4,4.0,4.0,4.0,4.0,"Hypergraph(num_v=29, num_e=5)",False,0.008189439773559477
3447,STATS,135-136-augF1-augA1,orig,0.014942407608032227,0.4059627056121826,1,5,15,11,4,57122.85,1,178345,71549.0,2.0,79851.0,99546.0,2.0,16959406.0,4247254.0,52.25,14804.0,4262005.75,2,1,5,1.16,1.0,1.0,1.0,1,3,2.0,2.0,1.5,2.5,"Hypergraph(num_v=29, num_e=5)",False,0.3910202980041504
3448,STATS,135-136-augF1-augA2,orig,0.014679670333862305,0.0216295719146728,1,5,15,11,4,57122.85,1,178345,71549.0,2.0,79851.0,99546.0,2.0,16959406.0,4247254.0,52.25,14804.0,4262005.75,2,1,5,1.16,1.0,1.0,1.0,1,3,2.0,2.0,1.5,2.5,"Hypergraph(num_v=29, num_e=5)",False,0.006949901580810495
3449,STATS,135-136-augF1-augA3,orig,0.01430058479309082,0.1652998924255371,1,5,15,11,4,57122.85,1,178345,71549.0,2.0,79851.0,99546.0,2.0,16959406.0,4247254.0,52.25,14804.0,4262005.75,2,1,5,1.16,1.0,1.0,1.0,1,3,2.0,2.0,1.5,2.5,"Hypergraph(num_v=29, num_e=5)",False,0.1509993076324463
3450,STATS,135-136-augF1-augA4,orig,0.01500558853149414,0.0170655250549316,1,5,15,11,4,57122.85,1,178345,71549.0,2.0,79851.0,99546.0,2.0,16959406.0,4247254.0,52.25,14804.0,4262005.75,1,1,5,1.16,1.0,1.0,1.0,4,4,4.0,4.0,4.0,4.0,"Hypergraph(num_v=29, num_e=5)",False,0.0020599365234374584
3451,STATS,135-136-augF2,rewr,22.531876802444458,0.1567728519439697,1,5,15,11,4,60952261.34,2808,178345,79977.8,39339.0,79851.0,99546.0,95581.0,23802149031.0,5962011758.5,98285.5,22901211.0,5984814684.0,2,1,5,1.16,1.0,1.0,1.0,1,3,2.0,2.0,1.5,2.5,"Hypergraph(num_v=29, num_e=5)",False,-22.37510395050049
3452,STATS,135-136-augF2-augA1,rewr,22.401102304458618,0.1843171119689941,1,5,15,11,4,60952261.34,2808,178345,79977.8,39339.0,79851.0,99546.0,95581.0,23802149031.0,5962011758.5,98285.5,22901211.0,5984814684.0,1,1,5,1.16,1.0,1.0,1.0,4,4,4.0,4.0,4.0,4.0,"Hypergraph(num_v=29, num_e=5)",False,-22.216785192489624
3453,STATS,135-136-augF2-augA2,rewr,21.693122625350952,0.1390078067779541,1,5,15,11,4,60952261.34,2808,178345,79977.8,39339.0,79851.0,99546.0,95581.0,23802149031.0,5962011758.5,98285.5,22901211.0,5984814684.0,2,1,5,1.16,1.0,1.0,1.0,1,3,2.0,2.0,1.5,2.5,"Hypergraph(num_v=29, num_e=5)",False,-21.554114818572998
3454,STATS,135-136-augF2-augA3,rewr,22.324347257614136,0.2204275131225586,1,5,15,11,4,60952261.34,2808,178345,79977.8,39339.0,79851.0,99546.0,95581.0,23802149031.0,5962011758.5,98285.5,22901211.0,5984814684.0,2,1,5,1.16,1.0,1.0,1.0,1,3,2.0,2.0,1.5,2.5,"Hypergraph(num_v=29, num_e=5)",False,-22.103919744491577
3455,STATS,135-136-augF2-augA4,rewr,22.26225996017456,0.3647406101226806,1,5,15,11,4,60952261.34,2808,178345,79977.8,39339.0,79851.0,99546.0,95581.0,23802149031.0,5962011758.5,98285.5,22901211.0,5984814684.0,1,1,5,1.16,1.0,1.0,1.0,4,4,4.0,4.0,4.0,4.0,"Hypergraph(num_v=29, num_e=5)",False,-21.89751935005188
3456,STATS,136-142,rewr,35.388559341430664,0.3976418972015381,1,7,17,11,6,33813.68,1,302458,97536.28571428572,15247.0,78742.0,135529.5,1952.0,3315190.0,561149.5,2066.25,4607.0,30643.0,1,1,5,1.1764705882352942,1.0,1.0,1.0,6,6,6.0,6.0,6.0,6.0,"Hypergraph(num_v=40, num_e=7)",True,-34.990917444229126
3457,STATS,136-142-augA1,rewr,34.90821123123169,0.3943264484405517,1,7,17,11,6,33813.68,1,302458,97536.28571428572,15247.0,78742.0,135529.5,1952.0,3315190.0,561149.5,2066.25,4607.0,30643.0,1,1,5,1.1764705882352942,1.0,1.0,1.0,6,6,6.0,6.0,6.0,6.0,"Hypergraph(num_v=40, num_e=7)",False,-34.51388478279114
3458,STATS,136-142-augA2,rewr,35.21561026573181,0.5338971614837646,1,7,17,11,6,33813.68,1,302458,97536.28571428572,15247.0,78742.0,135529.5,1952.0,3315190.0,561149.5,2066.25,4607.0,30643.0,2,1,5,1.1764705882352942,1.0,1.0,1.0,1,5,3.0,3.0,2.0,4.0,"Hypergraph(num_v=40, num_e=7)",False,-34.68171310424805
3459,STATS,136-142-augA3,rewr,34.81970167160034,0.351452112197876,1,7,17,11,6,33813.68,1,302458,97536.28571428572,15247.0,78742.0,135529.5,1952.0,3315190.0,561149.5,2066.25,4607.0,30643.0,2,1,5,1.1764705882352942,1.0,1.0,1.0,1,5,3.0,3.0,2.0,4.0,"Hypergraph(num_v=40, num_e=7)",False,-34.468249559402466
3460,STATS,136-142-augA4,rewr,35.244102478027344,0.220461368560791,1,7,17,11,6,33813.68,1,302458,97536.28571428572,15247.0,78742.0,135529.5,1952.0,3315190.0,561149.5,2066.25,4607.0,30643.0,2,1,5,1.1764705882352942,1.0,1.0,1.0,1,5,3.0,3.0,2.0,4.0,"Hypergraph(num_v=40, num_e=7)",False,-35.02364110946655
3461,STATS,136-142-augA5,rewr,34.26052904129028,0.3790748119354248,1,7,17,11,6,33813.68,1,302458,97536.28571428572,15247.0,78742.0,135529.5,1952.0,3315190.0,561149.5,2066.25,4607.0,30643.0,2,1,5,1.1764705882352942,1.0,1.0,1.0,1,5,3.0,3.0,2.0,4.0,"Hypergraph(num_v=40, num_e=7)",False,-33.88145422935486
3462,STATS,136-142-augA6,rewr,34.225796699523926,0.4295392036437988,1,7,17,11,6,33813.68,1,302458,97536.28571428572,15247.0,78742.0,135529.5,1952.0,3315190.0,561149.5,2066.25,4607.0,30643.0,1,1,5,1.1764705882352942,1.0,1.0,1.0,6,6,6.0,6.0,6.0,6.0,"Hypergraph(num_v=40, num_e=7)",False,-33.79625749588013
3463,STATS,136-142-augF1,rewr,37.91022801399231,0.4500107765197754,1,7,17,11,6,33864.04,1,302458,97547.71428571428,15287.0,78742.0,135529.5,1960.0,3328899.0,563469.8333333334,2074.5,4625.5,30770.0,1,1,5,1.1764705882352942,1.0,1.0,1.0,6,6,6.0,6.0,6.0,6.0,"Hypergraph(num_v=40, num_e=7)",False,-37.460217237472534
3464,STATS,136-142-augF1-augA1,rewr,37.439353466033936,0.3359181880950928,1,7,17,11,6,33864.04,1,302458,97547.71428571428,15287.0,78742.0,135529.5,1960.0,3328899.0,563469.8333333334,2074.5,4625.5,30770.0,1,1,5,1.1764705882352942,1.0,1.0,1.0,6,6,6.0,6.0,6.0,6.0,"Hypergraph(num_v=40, num_e=7)",False,-37.10343527793884
3465,STATS,136-142-augF1-augA2,rewr,37.755291223526,0.5352497100830078,1,7,17,11,6,33864.04,1,302458,97547.71428571428,15287.0,78742.0,135529.5,1960.0,3328899.0,563469.8333333334,2074.5,4625.5,30770.0,2,1,5,1.1764705882352942,1.0,1.0,1.0,1,5,3.0,3.0,2.0,4.0,"Hypergraph(num_v=40, num_e=7)",False,-37.22004151344299
3466,STATS,136-142-augF1-augA3,rewr,37.29251980781555,0.3474924564361572,1,7,17,11,6,33864.04,1,302458,97547.71428571428,15287.0,78742.0,135529.5,1960.0,3328899.0,563469.8333333334,2074.5,4625.5,30770.0,2,1,5,1.1764705882352942,1.0,1.0,1.0,1,5,3.0,3.0,2.0,4.0,"Hypergraph(num_v=40, num_e=7)",False,-36.945027351379395
3467,STATS,136-142-augF1-augA4,rewr,37.885905027389526,0.289438247680664,1,7,17,11,6,33864.04,1,302458,97547.71428571428,15287.0,78742.0,135529.5,1960.0,3328899.0,563469.8333333334,2074.5,4625.5,30770.0,2,1,5,1.1764705882352942,1.0,1.0,1.0,1,5,3.0,3.0,2.0,4.0,"Hypergraph(num_v=40, num_e=7)",False,-37.59646677970886
3468,STATS,136-142-augF1-augA5,rewr,36.89876461029053,0.3660523891448974,1,7,17,11,6,33864.04,1,302458,97547.71428571428,15287.0,78742.0,135529.5,1960.0,3328899.0,563469.8333333334,2074.5,4625.5,30770.0,2,1,5,1.1764705882352942,1.0,1.0,1.0,1,5,3.0,3.0,2.0,4.0,"Hypergraph(num_v=40, num_e=7)",False,-36.53271222114563
3469,STATS,136-142-augF1-augA6,rewr,36.72928738594055,0.4327051639556885,1,7,17,11,6,33864.04,1,302458,97547.71428571428,15287.0,78742.0,135529.5,1960.0,3328899.0,563469.8333333334,2074.5,4625.5,30770.0,1,1,5,1.1764705882352942,1.0,1.0,1.0,6,6,6.0,6.0,6.0,6.0,"Hypergraph(num_v=40, num_e=7)",False,-36.29658222198486
3470,STATS,136-142-augF2,rewr,2.2073609828948975,0.2809910774230957,1,7,17,11,6,20747.56,1,191208,78299.85714285714,10190.5,78742.0,128883.5,130.0,221289.0,37274.66666666666,137.75,291.5,1242.5,1,1,5,1.1764705882352942,1.0,1.0,1.0,6,6,6.0,6.0,6.0,6.0,"Hypergraph(num_v=40, num_e=7)",False,-1.9263699054718018
3471,STATS,136-142-augF2-augA1,rewr,2.2145986557006836,0.5021951198577881,1,7,17,11,6,20747.56,1,191208,78299.85714285714,10190.5,78742.0,128883.5,130.0,221289.0,37274.66666666666,137.75,291.5,1242.5,1,1,5,1.1764705882352942,1.0,1.0,1.0,6,6,6.0,6.0,6.0,6.0,"Hypergraph(num_v=40, num_e=7)",False,-1.7124035358428955
3472,STATS,136-142-augF2-augA2,rewr,2.2192935943603516,0.4601857662200928,1,7,17,11,6,20747.56,1,191208,78299.85714285714,10190.5,78742.0,128883.5,130.0,221289.0,37274.66666666666,137.75,291.5,1242.5,2,1,5,1.1764705882352942,1.0,1.0,1.0,1,5,3.0,3.0,2.0,4.0,"Hypergraph(num_v=40, num_e=7)",False,-1.7591078281402588
3473,STATS,136-142-augF2-augA3,rewr,2.2109389305114746,0.1779365539550781,1,7,17,11,6,20747.56,1,191208,78299.85714285714,10190.5,78742.0,128883.5,130.0,221289.0,37274.66666666666,137.75,291.5,1242.5,2,1,5,1.1764705882352942,1.0,1.0,1.0,1,5,3.0,3.0,2.0,4.0,"Hypergraph(num_v=40, num_e=7)",False,-2.0330023765563965
3474,STATS,136-142-augF2-augA4,rewr,2.2172915935516357,0.2657194137573242,1,7,17,11,6,20747.56,1,191208,78299.85714285714,10190.5,78742.0,128883.5,130.0,221289.0,37274.66666666666,137.75,291.5,1242.5,2,1,5,1.1764705882352942,1.0,1.0,1.0,1,5,3.0,3.0,2.0,4.0,"Hypergraph(num_v=40, num_e=7)",False,-1.9515721797943115
3475,STATS,136-142-augF2-augA5,rewr,2.179875373840332,0.272080659866333,1,7,17,11,6,20747.56,1,191208,78299.85714285714,10190.5,78742.0,128883.5,130.0,221289.0,37274.66666666666,137.75,291.5,1242.5,2,1,5,1.1764705882352942,1.0,1.0,1.0,1,5,3.0,3.0,2.0,4.0,"Hypergraph(num_v=40, num_e=7)",False,-1.907794713973999
3476,STATS,136-142-augF2-augA6,rewr,2.1727144718170166,0.2399396896362304,1,7,17,11,6,20747.56,1,191208,78299.85714285714,10190.5,78742.0,128883.5,130.0,221289.0,37274.66666666666,137.75,291.5,1242.5,1,1,5,1.1764705882352942,1.0,1.0,1.0,6,6,6.0,6.0,6.0,6.0,"Hypergraph(num_v=40, num_e=7)",False,-1.9327747821807861
3477,STATS,137-141,rewr,15.387409210205078,0.355893611907959,1,7,11,5,6,73578.49,10186,192979,96885.42857142857,51786.0,90584.0,140438.5,10032.0,11126579.0,1887415.5,11050.25,23732.5,106128.75,1,1,5,1.1764705882352942,1.0,1.0,1.0,6,6,6.0,6.0,6.0,6.0,"Hypergraph(num_v=40, num_e=7)",True,-15.03151559829712
3478,STATS,137-141-augA1,rewr,15.415684461593628,0.6124835014343262,1,7,11,5,6,73578.49,10186,192979,96885.42857142857,51786.0,90584.0,140438.5,10032.0,11126579.0,1887415.5,11050.25,23732.5,106128.75,1,1,5,1.1764705882352942,1.0,1.0,1.0,6,6,6.0,6.0,6.0,6.0,"Hypergraph(num_v=40, num_e=7)",False,-14.803200960159302
3479,STATS,137-141-augA2,rewr,15.128987550735474,0.6541402339935303,1,7,11,5,6,73578.49,10186,192979,96885.42857142857,51786.0,90584.0,140438.5,10032.0,11126579.0,1887415.5,11050.25,23732.5,106128.75,2,1,5,1.1764705882352942,1.0,1.0,1.0,1,5,3.0,3.0,2.0,4.0,"Hypergraph(num_v=40, num_e=7)",False,-14.474847316741943
3480,STATS,137-141-augA3,rewr,15.175233125686646,0.5055921077728271,1,7,11,5,6,73578.49,10186,192979,96885.42857142857,51786.0,90584.0,140438.5,10032.0,11126579.0,1887415.5,11050.25,23732.5,106128.75,2,1,5,1.1764705882352942,1.0,1.0,1.0,1,5,3.0,3.0,2.0,4.0,"Hypergraph(num_v=40, num_e=7)",False,-14.669641017913818
3481,STATS,137-141-augA4,rewr,15.267088651657104,0.445500373840332,1,7,11,5,6,73578.49,10186,192979,96885.42857142857,51786.0,90584.0,140438.5,10032.0,11126579.0,1887415.5,11050.25,23732.5,106128.75,2,1,5,1.1764705882352942,1.0,1.0,1.0,1,5,3.0,3.0,2.0,4.0,"Hypergraph(num_v=40, num_e=7)",False,-14.821588277816772
3482,STATS,137-141-augA5,rewr,22.686137199401855,0.5674624443054199,1,7,11,5,6,71366.49,10186,192979,96885.42857142857,51786.0,90584.0,140438.5,10032.0,11126579.0,1887415.5,11050.25,23732.5,106128.75,2,1,5,1.1764705882352942,1.0,1.0,1.0,1,5,3.0,3.0,2.0,4.0,"Hypergraph(num_v=40, num_e=7)",False,-22.118674755096436
3483,STATS,137-141-augA6,rewr,15.157068729400635,0.2738401889801025,1,7,11,5,6,71366.49,10186,192979,96885.42857142857,51786.0,90584.0,140438.5,10032.0,11126579.0,1887415.5,11050.25,23732.5,106128.75,1,1,5,1.1764705882352942,1.0,1.0,1.0,6,6,6.0,6.0,6.0,6.0,"Hypergraph(num_v=40, num_e=7)",False,-14.883228540420532
3484,STATS,137-141-augF1,orig,0.01650857925415039,0.1937727928161621,1,7,11,5,6,17928.9,1,192979,80556.42857142857,5093.5,79851.0,140438.5,1.0,931.0,157.0,1.0,1.5,5.0,1,1,5,1.1764705882352942,1.0,1.0,1.0,6,6,6.0,6.0,6.0,6.0,"Hypergraph(num_v=40, num_e=7)",False,0.17726421356201172
3485,STATS,137-141-augF1-augA1,orig,0.017278432846069336,0.5161335468292236,1,7,11,5,6,17928.9,1,192979,80556.42857142857,5093.5,79851.0,140438.5,1.0,931.0,157.0,1.0,1.5,5.0,1,1,5,1.1764705882352942,1.0,1.0,1.0,6,6,6.0,6.0,6.0,6.0,"Hypergraph(num_v=40, num_e=7)",False,0.4988551139831543
3486,STATS,137-141-augF1-augA2,orig,0.01669931411743164,0.1935658454895019,1,7,11,5,6,17928.9,1,192979,80556.42857142857,5093.5,79851.0,140438.5,1.0,931.0,157.0,1.0,1.5,5.0,2,1,5,1.1764705882352942,1.0,1.0,1.0,1,5,3.0,3.0,2.0,4.0,"Hypergraph(num_v=40, num_e=7)",False,0.17686653137207026
3487,STATS,137-141-augF1-augA3,orig,0.016425132751464844,0.2383511066436767,1,7,11,5,6,17928.9,1,192979,80556.42857142857,5093.5,79851.0,140438.5,1.0,931.0,157.0,1.0,1.5,5.0,2,1,5,1.1764705882352942,1.0,1.0,1.0,1,5,3.0,3.0,2.0,4.0,"Hypergraph(num_v=40, num_e=7)",False,0.22192597389221186
3488,STATS,137-141-augF1-augA4,orig,0.016849756240844727,0.0281882286071777,1,7,11,5,6,17928.9,1,192979,80556.42857142857,5093.5,79851.0,140438.5,1.0,931.0,157.0,1.0,1.5,5.0,2,1,5,1.1764705882352942,1.0,1.0,1.0,1,5,3.0,3.0,2.0,4.0,"Hypergraph(num_v=40, num_e=7)",False,0.011338472366332973
3489,STATS,137-141-augF1-augA5,orig,0.017579078674316406,0.4423451423645019,1,7,11,5,6,17928.9,1,192979,80556.42857142857,5093.5,79851.0,140438.5,1.0,931.0,157.0,1.0,1.5,5.0,2,1,5,1.1764705882352942,1.0,1.0,1.0,1,5,3.0,3.0,2.0,4.0,"Hypergraph(num_v=40, num_e=7)",False,0.4247660636901855
3490,STATS,137-141-augF1-augA6,orig,0.017578840255737305,0.4167048931121826,1,7,11,5,6,17928.9,1,192979,80556.42857142857,5093.5,79851.0,140438.5,1.0,931.0,157.0,1.0,1.5,5.0,1,1,5,1.1764705882352942,1.0,1.0,1.0,6,6,6.0,6.0,6.0,6.0,"Hypergraph(num_v=40, num_e=7)",False,0.3991260528564453
3491,STATS,137-141-augF2,orig,0.00777125358581543,0.380540132522583,1,7,11,5,6,15020.45,1,192979,79101.42857142857,1.0,79851.0,140438.5,1.0,2116.0,356.6666666666667,1.5,3.5,12.25,1,1,5,1.1764705882352942,1.0,1.0,1.0,6,6,6.0,6.0,6.0,6.0,"Hypergraph(num_v=40, num_e=7)",False,0.3727688789367676
3492,STATS,137-141-augF2-augA1,orig,0.006501913070678711,0.1054439544677734,1,7,11,5,6,15020.45,1,192979,79101.42857142857,1.0,79851.0,140438.5,1.0,2116.0,356.6666666666667,1.5,3.5,12.25,1,1,5,1.1764705882352942,1.0,1.0,1.0,6,6,6.0,6.0,6.0,6.0,"Hypergraph(num_v=40, num_e=7)",False,0.09894204139709468
3493,STATS,137-141-augF2-augA2,orig,0.007794618606567383,0.6367278099060059,1,7,11,5,6,15020.45,1,192979,79101.42857142857,1.0,79851.0,140438.5,1.0,2116.0,356.6666666666667,1.5,3.5,12.25,2,1,5,1.1764705882352942,1.0,1.0,1.0,1,5,3.0,3.0,2.0,4.0,"Hypergraph(num_v=40, num_e=7)",False,0.6289331912994385
3494,STATS,137-141-augF2-augA3,orig,0.007066965103149414,0.0185225009918212,1,7,11,5,6,15020.45,1,192979,79101.42857142857,1.0,79851.0,140438.5,1.0,2116.0,356.6666666666667,1.5,3.5,12.25,2,1,5,1.1764705882352942,1.0,1.0,1.0,1,5,3.0,3.0,2.0,4.0,"Hypergraph(num_v=40, num_e=7)",False,0.011455535888671785
3495,STATS,137-141-augF2-augA4,orig,0.007201671600341797,0.3228633403778076,1,7,11,5,6,15020.45,1,192979,79101.42857142857,1.0,79851.0,140438.5,1.0,2116.0,356.6666666666667,1.5,3.5,12.25,2,1,5,1.1764705882352942,1.0,1.0,1.0,1,5,3.0,3.0,2.0,4.0,"Hypergraph(num_v=40, num_e=7)",False,0.3156616687774658
3496,STATS,137-141-augF2-augA5,orig,0.0076487064361572266,0.252162218093872,1,7,11,5,6,15020.45,1,192979,79101.42857142857,1.0,79851.0,140438.5,1.0,2116.0,356.6666666666667,1.5,3.5,12.25,2,1,5,1.1764705882352942,1.0,1.0,1.0,1,5,3.0,3.0,2.0,4.0,"Hypergraph(num_v=40, num_e=7)",False,0.2445135116577148
3497,STATS,137-141-augF2-augA6,orig,0.0071430206298828125,0.0150966644287109,1,7,11,5,6,15020.45,1,192979,79101.42857142857,1.0,79851.0,140438.5,1.0,2116.0,356.6666666666667,1.5,3.5,12.25,1,1,5,1.1764705882352942,1.0,1.0,1.0,6,6,6.0,6.0,6.0,6.0,"Hypergraph(num_v=40, num_e=7)",False,0.007953643798828087
3498,STATS,138-107,rewr,31.752223014831543,0.0870370864868164,1,4,10,7,3,36136.18,14531,77601,38140.0,18710.0,30214.0,49644.0,51316.0,8715010.0,2947975.6666666665,64458.5,77601.0,4396305.5,1,1,4,1.1764705882352942,1.0,1.0,1.0,3,3,3.0,3.0,3.0,3.0,"Hypergraph(num_v=20, num_e=4)",True,-31.665185928344727
3499,STATS,138-107-augA1,rewr,32.33915615081787,0.1347062587738037,1,4,10,7,3,36136.18,14531,77601,38140.0,18710.0,30214.0,49644.0,51316.0,8715010.0,2947975.6666666665,64458.5,77601.0,4396305.5,2,1,4,1.1764705882352942,1.0,1.0,1.0,1,2,1.5,1.5,1.25,1.75,"Hypergraph(num_v=20, num_e=4)",False,-32.20444989204407
3500,STATS,138-107-augA2,rewr,32.51864719390869,0.0715136528015136,1,4,10,7,3,36136.18,14531,77601,38140.0,18710.0,30214.0,49644.0,51316.0,8715010.0,2947975.6666666665,64458.5,77601.0,4396305.5,2,1,4,1.1764705882352942,1.0,1.0,1.0,1,2,1.5,1.5,1.25,1.75,"Hypergraph(num_v=20, num_e=4)",False,-32.44713354110718
3501,STATS,138-107-augA3,rewr,31.763092517852783,0.1009638309478759,1,4,10,7,3,36136.18,14531,77601,38140.0,18710.0,30214.0,49644.0,51316.0,8715010.0,2947975.6666666665,64458.5,77601.0,4396305.5,1,1,4,1.1764705882352942,1.0,1.0,1.0,3,3,3.0,3.0,3.0,3.0,"Hypergraph(num_v=20, num_e=4)",False,-31.662128686904907
3502,STATS,138-107-augF1,rewr,1.2643697261810303,0.0804154872894287,1,4,10,7,3,14438.24,1,77601,23301.0,803.5,7801.0,30298.5,116.0,464115.0,155654.66666666666,1424.5,2733.0,233424.0,2,1,4,1.1764705882352942,1.0,1.0,1.0,1,2,1.5,1.5,1.25,1.75,"Hypergraph(num_v=20, num_e=4)",False,-1.1839542388916016
3503,STATS,138-107-augF1-augA1,rewr,1.2854735851287842,0.0994665622711181,1,4,10,7,3,14438.24,1,77601,23301.0,803.5,7801.0,30298.5,116.0,464115.0,155654.66666666666,1424.5,2733.0,233424.0,2,1,4,1.1764705882352942,1.0,1.0,1.0,1,2,1.5,1.5,1.25,1.75,"Hypergraph(num_v=20, num_e=4)",False,-1.186007022857666
3504,STATS,138-107-augF1-augA2,rewr,1.2840850353240967,0.059248924255371,1,4,10,7,3,14438.24,1,77601,23301.0,803.5,7801.0,30298.5,116.0,464115.0,155654.66666666666,1424.5,2733.0,233424.0,2,1,4,1.1764705882352942,1.0,1.0,1.0,1,2,1.5,1.5,1.25,1.75,"Hypergraph(num_v=20, num_e=4)",False,-1.2248361110687256
3505,STATS,138-107-augF1-augA3,rewr,1.2645487785339355,0.0774908065795898,1,4,10,7,3,14438.24,1,77601,23301.0,803.5,7801.0,30298.5,116.0,464115.0,155654.66666666666,1424.5,2733.0,233424.0,1,1,4,1.1764705882352942,1.0,1.0,1.0,3,3,3.0,3.0,3.0,3.0,"Hypergraph(num_v=20, num_e=4)",False,-1.1870579719543457
3506,STATS,138-107-augF2,rewr,3.120171546936035,0.0602505207061767,1,4,10,7,3,15094.41,9152,40325,21027.75,13186.25,17317.0,25158.5,6052.0,1027819.0,347674.3333333333,7602.0,9152.0,518485.5,2,1,4,1.1764705882352942,1.0,1.0,1.0,1,2,1.5,1.5,1.25,1.75,"Hypergraph(num_v=20, num_e=4)",False,-3.0599210262298584
3507,STATS,138-107-augF2-augA1,rewr,3.1827902793884277,0.0695667266845703,1,4,10,7,3,15094.41,9152,40325,21027.75,13186.25,17317.0,25158.5,6052.0,1027819.0,347674.3333333333,7602.0,9152.0,518485.5,2,1,4,1.1764705882352942,1.0,1.0,1.0,1,2,1.5,1.5,1.25,1.75,"Hypergraph(num_v=20, num_e=4)",False,-3.1132235527038574
3508,STATS,138-107-augF2-augA2,rewr,3.17470383644104,0.0645956993103027,1,4,10,7,3,15094.41,9152,40325,21027.75,13186.25,17317.0,25158.5,6052.0,1027819.0,347674.3333333333,7602.0,9152.0,518485.5,2,1,4,1.1764705882352942,1.0,1.0,1.0,1,2,1.5,1.5,1.25,1.75,"Hypergraph(num_v=20, num_e=4)",False,-3.1101081371307373
3509,STATS,138-107-augF2-augA3,rewr,3.127464771270752,0.0643098354339599,1,4,10,7,3,15094.41,9152,40325,21027.75,13186.25,17317.0,25158.5,6052.0,1027819.0,347674.3333333333,7602.0,9152.0,518485.5,1,1,4,1.1764705882352942,1.0,1.0,1.0,3,3,3.0,3.0,3.0,3.0,"Hypergraph(num_v=20, num_e=4)",False,-3.063154935836792
3510,STATS,139-034,rewr,29.464060306549072,0.1311745643615722,1,4,6,3,3,226235.32,14571,192979,81922.5,33859.5,60070.0,108133.0,54933.0,84882271.0,28338994.666666668,67356.5,79780.0,42481025.5,2,1,4,1.1764705882352942,1.0,1.0,1.0,1,2,1.5,1.5,1.25,1.75,"Hypergraph(num_v=20, num_e=4)",True,-29.3328857421875
3511,STATS,139-034-augA1,rewr,31.06929850578308,0.1054198741912841,1,4,6,3,3,226235.32,14571,192979,81922.5,33859.5,60070.0,108133.0,54933.0,84882271.0,28338994.666666668,67356.5,79780.0,42481025.5,2,1,4,1.1764705882352942,1.0,1.0,1.0,1,2,1.5,1.5,1.25,1.75,"Hypergraph(num_v=20, num_e=4)",False,-30.963878631591797
3512,STATS,139-034-augA2,rewr,31.83940291404724,0.0947353839874267,1,4,6,3,3,226235.32,14571,192979,81922.5,33859.5,60070.0,108133.0,54933.0,84882271.0,28338994.666666668,67356.5,79780.0,42481025.5,2,1,4,1.1764705882352942,1.0,1.0,1.0,1,2,1.5,1.5,1.25,1.75,"Hypergraph(num_v=20, num_e=4)",False,-31.744667530059814
3513,STATS,139-034-augA3,rewr,30.052991151809692,0.1162559986114502,1,4,6,3,3,226235.32,14571,192979,81922.5,33859.5,60070.0,108133.0,54933.0,84882271.0,28338994.666666668,67356.5,79780.0,42481025.5,1,1,4,1.1764705882352942,1.0,1.0,1.0,3,3,3.0,3.0,3.0,3.0,"Hypergraph(num_v=20, num_e=4)",False,-29.936735153198242
3514,STATS,139-034-augF1,orig,0.10500383377075195,0.1102244853973388,1,4,6,3,3,118101.6,14571,192979,76856.75,18662.25,49938.5,108133.0,27305.0,42191475.0,14086145.0,33480.0,39655.0,21115565.0,2,1,4,1.1764705882352942,1.0,1.0,1.0,1,2,1.5,1.5,1.25,1.75,"Hypergraph(num_v=20, num_e=4)",False,0.005220651626586845
3515,STATS,139-034-augF1-augA1,rewr,0.10477542877197266,0.0769684314727783,1,4,6,3,3,118101.6,14571,192979,76856.75,18662.25,49938.5,108133.0,27305.0,42191475.0,14086145.0,33480.0,39655.0,21115565.0,2,1,4,1.1764705882352942,1.0,1.0,1.0,1,2,1.5,1.5,1.25,1.75,"Hypergraph(num_v=20, num_e=4)",False,-0.02780699729919435
3516,STATS,139-034-augF1-augA2,rewr,0.10610461235046387,0.0747992992401123,1,4,6,3,3,118101.6,14571,192979,76856.75,18662.25,49938.5,108133.0,27305.0,42191475.0,14086145.0,33480.0,39655.0,21115565.0,2,1,4,1.1764705882352942,1.0,1.0,1.0,1,2,1.5,1.5,1.25,1.75,"Hypergraph(num_v=20, num_e=4)",False,-0.03130531311035156
3517,STATS,139-034-augF1-augA3,orig,0.10316157341003418,0.11391282081604,1,4,6,3,3,118101.6,14571,192979,76856.75,18662.25,49938.5,108133.0,27305.0,42191475.0,14086145.0,33480.0,39655.0,21115565.0,1,1,4,1.1764705882352942,1.0,1.0,1.0,3,3,3.0,3.0,3.0,3.0,"Hypergraph(num_v=20, num_e=4)",False,0.010751247406005818
3518,STATS,139-034-augF2,rewr,2.1693849563598633,0.1461243629455566,1,4,6,3,3,24365.35,728,192979,78461.75,30398.75,60070.0,108133.0,60551.0,4238991.0,1459774.0,70165.5,79780.0,2159385.5,2,1,4,1.1764705882352942,1.0,1.0,1.0,1,2,1.5,1.5,1.25,1.75,"Hypergraph(num_v=20, num_e=4)",False,-2.0232605934143066
3519,STATS,139-034-augF2-augA1,rewr,2.127204179763794,0.1100549697875976,1,4,6,3,3,24365.35,728,192979,78461.75,30398.75,60070.0,108133.0,60551.0,4238991.0,1459774.0,70165.5,79780.0,2159385.5,1,1,4,1.1764705882352942,1.0,1.0,1.0,3,3,3.0,3.0,3.0,3.0,"Hypergraph(num_v=20, num_e=4)",False,-2.0171492099761963
3520,STATS,139-034-augF2-augA2,rewr,2.161163568496704,0.0708100795745849,1,4,6,3,3,24365.35,728,192979,78461.75,30398.75,60070.0,108133.0,60551.0,4238991.0,1459774.0,70165.5,79780.0,2159385.5,2,1,4,1.1764705882352942,1.0,1.0,1.0,1,2,1.5,1.5,1.25,1.75,"Hypergraph(num_v=20, num_e=4)",False,-2.090353488922119
3521,STATS,139-034-augF2-augA3,rewr,2.12518572807312,0.0841176509857177,1,4,6,3,3,24365.35,728,192979,78461.75,30398.75,60070.0,108133.0,60551.0,4238991.0,1459774.0,70165.5,79780.0,2159385.5,1,1,4,1.1764705882352942,1.0,1.0,1.0,3,3,3.0,3.0,3.0,3.0,"Hypergraph(num_v=20, num_e=4)",False,-2.0410680770874023
3522,STATS,140-108,rewr,29.267351627349854,0.1578357219696045,1,4,6,3,3,242162.97,14571,192979,81922.5,33859.5,60070.0,108133.0,79780.0,86242019.0,28942749.0,293114.0,506448.0,43374233.5,2,1,4,1.1764705882352942,1.0,1.0,1.0,1,2,1.5,1.5,1.25,1.75,"Hypergraph(num_v=20, num_e=4)",True,-29.10951590538025
3523,STATS,140-108-augA1,rewr,31.047720193862915,0.1007523536682128,1,4,6,3,3,242162.97,14571,192979,81922.5,33859.5,60070.0,108133.0,79780.0,86242019.0,28942749.0,293114.0,506448.0,43374233.5,2,1,4,1.1764705882352942,1.0,1.0,1.0,1,2,1.5,1.5,1.25,1.75,"Hypergraph(num_v=20, num_e=4)",False,-30.946967840194702
3524,STATS,140-108-augA2,rewr,31.045835494995117,0.1245849132537841,1,4,6,3,3,242162.97,14571,192979,81922.5,33859.5,60070.0,108133.0,79780.0,86242019.0,28942749.0,293114.0,506448.0,43374233.5,2,1,4,1.1764705882352942,1.0,1.0,1.0,1,2,1.5,1.5,1.25,1.75,"Hypergraph(num_v=20, num_e=4)",False,-30.921250581741333
3525,STATS,140-108-augA3,rewr,29.48392152786255,0.1303286552429199,1,4,6,3,3,242162.97,14571,192979,81922.5,33859.5,60070.0,108133.0,79780.0,86242019.0,28942749.0,293114.0,506448.0,43374233.5,1,1,4,1.1764705882352942,1.0,1.0,1.0,3,3,3.0,3.0,3.0,3.0,"Hypergraph(num_v=20, num_e=4)",False,-29.35359287261963
3526,STATS,140-108-augF1,rewr,29.398784399032593,0.1600606441497802,1,4,6,3,3,242346.19,14571,192979,81930.5,33883.5,60086.0,108133.0,79843.0,86310518.0,28965737.0,293346.5,506850.0,43408684.0,2,1,4,1.1764705882352942,1.0,1.0,1.0,1,2,1.5,1.5,1.25,1.75,"Hypergraph(num_v=20, num_e=4)",False,-29.238723754882812
3527,STATS,140-108-augF1-augA1,rewr,31.08479380607605,0.1063108444213867,1,4,6,3,3,242346.19,14571,192979,81930.5,33883.5,60086.0,108133.0,79843.0,86310518.0,28965737.0,293346.5,506850.0,43408684.0,2,1,4,1.1764705882352942,1.0,1.0,1.0,1,2,1.5,1.5,1.25,1.75,"Hypergraph(num_v=20, num_e=4)",False,-30.978482961654663
3528,STATS,140-108-augF1-augA2,rewr,31.10369610786438,0.1049182415008544,1,4,6,3,3,242346.19,14571,192979,81930.5,33883.5,60086.0,108133.0,79843.0,86310518.0,28965737.0,293346.5,506850.0,43408684.0,2,1,4,1.1764705882352942,1.0,1.0,1.0,1,2,1.5,1.5,1.25,1.75,"Hypergraph(num_v=20, num_e=4)",False,-30.998777866363525
3529,STATS,140-108-augF1-augA3,rewr,29.389073848724365,0.1349658966064453,1,4,6,3,3,242346.19,14571,192979,81930.5,33883.5,60086.0,108133.0,79843.0,86310518.0,28965737.0,293346.5,506850.0,43408684.0,1,1,4,1.1764705882352942,1.0,1.0,1.0,3,3,3.0,3.0,3.0,3.0,"Hypergraph(num_v=20, num_e=4)",False,-29.25410795211792
3530,STATS,140-108-augF2,rewr,2.387641191482544,0.1443319320678711,1,4,6,3,3,27172.65,888,192979,78501.75,30438.75,60070.0,108133.0,75098.0,5257409.0,1804095.6666666667,77439.0,79780.0,2668594.5,2,1,4,1.1764705882352942,1.0,1.0,1.0,1,2,1.5,1.5,1.25,1.75,"Hypergraph(num_v=20, num_e=4)",False,-2.243309259414673
3531,STATS,140-108-augF2-augA1,rewr,2.3366363048553467,0.0912487506866455,1,4,6,3,3,27172.65,888,192979,78501.75,30438.75,60070.0,108133.0,75098.0,5257409.0,1804095.6666666667,77439.0,79780.0,2668594.5,2,1,4,1.1764705882352942,1.0,1.0,1.0,1,2,1.5,1.5,1.25,1.75,"Hypergraph(num_v=20, num_e=4)",False,-2.245387554168701
3532,STATS,140-108-augF2-augA2,rewr,2.3801543712615967,0.0839748382568359,1,4,6,3,3,27172.65,888,192979,78501.75,30438.75,60070.0,108133.0,75098.0,5257409.0,1804095.6666666667,77439.0,79780.0,2668594.5,2,1,4,1.1764705882352942,1.0,1.0,1.0,1,2,1.5,1.5,1.25,1.75,"Hypergraph(num_v=20, num_e=4)",False,-2.2961795330047607
3533,STATS,140-108-augF2-augA3,rewr,2.3395464420318604,0.077610969543457,1,4,6,3,3,27172.65,888,192979,78501.75,30438.75,60070.0,108133.0,75098.0,5257409.0,1804095.6666666667,77439.0,79780.0,2668594.5,1,1,4,1.1764705882352942,1.0,1.0,1.0,3,3,3.0,3.0,3.0,3.0,"Hypergraph(num_v=20, num_e=4)",False,-2.2619354724884033
3534,STATS,141-068,rewr,55.675698041915894,0.4816219806671142,1,6,7,2,5,229784.01,1,190881,93785.33333333331,28289.25,91191.5,159391.75,11102.0,12180384.0,2830774.0,12376.0,902674.0,1047334.0,1,1,5,1.1724137931034482,1.0,1.0,1.0,5,5,5.0,5.0,5.0,5.0,"Hypergraph(num_v=34, num_e=6)",True,-55.19407606124878
3535,STATS,141-068-augA1,rewr,52.971516847610474,0.5630009174346924,1,6,7,2,5,229784.01,1,190881,93785.33333333331,28289.25,91191.5,159391.75,11102.0,12180384.0,2830774.0,12376.0,902674.0,1047334.0,1,1,5,1.1724137931034482,1.0,1.0,1.0,5,5,5.0,5.0,5.0,5.0,"Hypergraph(num_v=34, num_e=6)",False,-52.40851593017578
3536,STATS,141-068-augA2,rewr,59.68126654624939,0.5636515617370605,1,6,7,2,5,229784.01,1,190881,93785.33333333331,28289.25,91191.5,159391.75,11102.0,12180384.0,2830774.0,12376.0,902674.0,1047334.0,2,1,5,1.1724137931034482,1.0,1.0,1.0,1,4,2.5,2.5,1.75,3.25,"Hypergraph(num_v=34, num_e=6)",False,-59.11761498451233
3537,STATS,141-068-augA3,rewr,53.49946737289429,0.4129161834716797,1,6,7,2,5,231546.01,1,190881,93785.33333333331,28289.25,91191.5,159391.75,11102.0,12180384.0,2830774.0,12376.0,902674.0,1047334.0,2,1,5,1.1724137931034482,1.0,1.0,1.0,1,4,2.5,2.5,1.75,3.25,"Hypergraph(num_v=34, num_e=6)",False,-53.08655118942261
3538,STATS,141-068-augA4,rewr,52.926302433013916,0.2930426597595215,1,6,7,2,5,231546.01,1,190881,93785.33333333331,28289.25,91191.5,159391.75,11102.0,12180384.0,2830774.0,12376.0,902674.0,1047334.0,2,1,5,1.1724137931034482,1.0,1.0,1.0,1,4,2.5,2.5,1.75,3.25,"Hypergraph(num_v=34, num_e=6)",False,-52.633259773254395
3539,STATS,141-068-augA5,rewr,61.95393705368042,0.4027104377746582,1,6,7,2,5,229784.01,1,190881,93785.33333333331,28289.25,91191.5,159391.75,11102.0,12180384.0,2830774.0,12376.0,902674.0,1047334.0,2,1,5,1.1724137931034482,1.0,1.0,1.0,1,4,2.5,2.5,1.75,3.25,"Hypergraph(num_v=34, num_e=6)",False,-61.55122661590576
3540,STATS,141-068-augF1,rewr,19.121479988098145,0.3731434345245361,1,6,7,2,5,106843.42,1,178345,74158.16666666667,26606.0,76484.5,96861.75,8826.0,4665714.0,951500.6,11102.0,16726.0,55135.0,1,1,5,1.1724137931034482,1.0,1.0,1.0,5,5,5.0,5.0,5.0,5.0,"Hypergraph(num_v=34, num_e=6)",False,-18.74833655357361
3541,STATS,141-068-augF1-augA1,rewr,18.97659945487976,0.4178316593170166,1,6,7,2,5,106843.42,1,178345,74158.16666666667,26606.0,76484.5,96861.75,8826.0,4665714.0,951500.6,11102.0,16726.0,55135.0,1,1,5,1.1724137931034482,1.0,1.0,1.0,5,5,5.0,5.0,5.0,5.0,"Hypergraph(num_v=34, num_e=6)",False,-18.558767795562744
3542,STATS,141-068-augF1-augA2,rewr,19.051703214645386,0.423314094543457,1,6,7,2,5,106843.42,1,178345,74158.16666666667,26606.0,76484.5,96861.75,8826.0,4665714.0,951500.6,11102.0,16726.0,55135.0,2,1,5,1.1724137931034482,1.0,1.0,1.0,1,4,2.5,2.5,1.75,3.25,"Hypergraph(num_v=34, num_e=6)",False,-18.62838912010193
3543,STATS,141-068-augF1-augA3,rewr,19.010151863098145,0.2506465911865234,1,6,7,2,5,106843.42,1,178345,74158.16666666667,26606.0,76484.5,96861.75,8826.0,4665714.0,951500.6,11102.0,16726.0,55135.0,2,1,5,1.1724137931034482,1.0,1.0,1.0,1,4,2.5,2.5,1.75,3.25,"Hypergraph(num_v=34, num_e=6)",False,-18.75950527191162
3544,STATS,141-068-augF1-augA4,rewr,19.022472143173218,0.356238842010498,1,6,7,2,5,106843.42,1,178345,74158.16666666667,26606.0,76484.5,96861.75,8826.0,4665714.0,951500.6,11102.0,16726.0,55135.0,2,1,5,1.1724137931034482,1.0,1.0,1.0,1,4,2.5,2.5,1.75,3.25,"Hypergraph(num_v=34, num_e=6)",False,-18.66623330116272
3545,STATS,141-068-augF1-augA5,rewr,19.824497938156128,0.3697793483734131,1,6,7,2,5,106843.42,1,178345,74158.16666666667,26606.0,76484.5,96861.75,8826.0,4665714.0,951500.6,11102.0,16726.0,55135.0,2,1,5,1.1724137931034482,1.0,1.0,1.0,1,4,2.5,2.5,1.75,3.25,"Hypergraph(num_v=34, num_e=6)",False,-19.454718589782715
3546,STATS,141-068-augF2,rewr,30.746300220489502,0.5044515132904053,1,6,7,2,5,171171.86,1,178345,83037.66666666667,28289.25,91191.5,120429.25,11102.0,8065417.0,1642623.8,12376.0,28914.0,95310.0,1,1,5,1.1724137931034482,1.0,1.0,1.0,5,5,5.0,5.0,5.0,5.0,"Hypergraph(num_v=34, num_e=6)",False,-30.241848707199097
3547,STATS,141-068-augF2-augA1,rewr,30.231998682022095,0.2402400970458984,1,6,7,2,5,171171.86,1,178345,83037.66666666667,28289.25,91191.5,120429.25,11102.0,8065417.0,1642623.8,12376.0,28914.0,95310.0,1,1,5,1.1724137931034482,1.0,1.0,1.0,5,5,5.0,5.0,5.0,5.0,"Hypergraph(num_v=34, num_e=6)",False,-29.991758584976196
3548,STATS,141-068-augF2-augA2,rewr,30.452283143997192,0.4560191631317138,1,6,7,2,5,171171.86,1,178345,83037.66666666667,28289.25,91191.5,120429.25,11102.0,8065417.0,1642623.8,12376.0,28914.0,95310.0,2,1,5,1.1724137931034482,1.0,1.0,1.0,1,4,2.5,2.5,1.75,3.25,"Hypergraph(num_v=34, num_e=6)",False,-29.99626398086548
3549,STATS,141-068-augF2-augA3,rewr,30.470614194869995,0.3390028476715088,1,6,7,2,5,171171.86,1,178345,83037.66666666667,28289.25,91191.5,120429.25,11102.0,8065417.0,1642623.8,12376.0,28914.0,95310.0,2,1,5,1.1724137931034482,1.0,1.0,1.0,1,4,2.5,2.5,1.75,3.25,"Hypergraph(num_v=34, num_e=6)",False,-30.131611347198486
3550,STATS,141-068-augF2-augA4,rewr,30.498226642608643,0.2123911380767822,1,6,7,2,5,171171.86,1,178345,83037.66666666667,28289.25,91191.5,120429.25,11102.0,8065417.0,1642623.8,12376.0,28914.0,95310.0,2,1,5,1.1724137931034482,1.0,1.0,1.0,1,4,2.5,2.5,1.75,3.25,"Hypergraph(num_v=34, num_e=6)",False,-30.28583550453186
3551,STATS,141-068-augF2-augA5,rewr,31.895986080169678,0.3472366333007812,1,6,7,2,5,171171.86,1,178345,83037.66666666667,28289.25,91191.5,120429.25,11102.0,8065417.0,1642623.8,12376.0,28914.0,95310.0,2,1,5,1.1724137931034482,1.0,1.0,1.0,1,4,2.5,2.5,1.75,3.25,"Hypergraph(num_v=34, num_e=6)",False,-31.548749446868896
3552,STATS,142-135,rewr,85.14240527153015,0.1402251720428466,1,5,10,6,4,3398697.28,190,178345,72322.2,23721.0,79504.0,79851.0,6711.0,1318524516.0,330425483.75,60365.25,1585354.0,331950472.5,2,1,5,1.16,1.0,1.0,1.0,1,3,2.0,2.0,1.5,2.5,"Hypergraph(num_v=29, num_e=5)",True,-85.0021800994873
3553,STATS,142-135-augA1,rewr,81.48034286499023,0.3349623680114746,1,5,10,6,4,3398697.28,190,178345,72322.2,23721.0,79504.0,79851.0,6711.0,1318524516.0,330425483.75,60365.25,1585354.0,331950472.5,2,1,5,1.16,1.0,1.0,1.0,1,3,2.0,2.0,1.5,2.5,"Hypergraph(num_v=29, num_e=5)",False,-81.14538049697876
3554,STATS,142-135-augA2,rewr,80.33933591842651,0.4825050830841064,1,5,10,6,4,3398697.28,190,178345,72322.2,23721.0,79504.0,79851.0,6711.0,1318524516.0,330425483.75,60365.25,1585354.0,331950472.5,1,1,5,1.16,1.0,1.0,1.0,4,4,4.0,4.0,4.0,4.0,"Hypergraph(num_v=29, num_e=5)",False,-79.85683083534241
3555,STATS,142-135-augA3,rewr,80.34284019470215,0.1316070556640625,1,5,10,6,4,3398697.28,190,178345,72322.2,23721.0,79504.0,79851.0,6711.0,1318524516.0,330425483.75,60365.25,1585354.0,331950472.5,2,1,5,1.16,1.0,1.0,1.0,1,3,2.0,2.0,1.5,2.5,"Hypergraph(num_v=29, num_e=5)",False,-80.21123313903809
3556,STATS,142-135-augA4,rewr,83.02774429321289,0.1441285610198974,1,5,10,6,4,3398697.28,190,178345,72322.2,23721.0,79504.0,79851.0,6711.0,1318524516.0,330425483.75,60365.25,1585354.0,331950472.5,1,1,5,1.16,1.0,1.0,1.0,4,4,4.0,4.0,4.0,4.0,"Hypergraph(num_v=29, num_e=5)",False,-82.883615732193
3557,STATS,142-135-augF1,orig,0.04423713684082031,0.1776273250579834,1,5,10,6,4,30883.91,1,178345,67540.4,1.0,79504.0,79851.0,1.0,6935630.0,1737701.5,26.5,7587.5,1745262.5,2,1,5,1.16,1.0,1.0,1.0,1,3,2.0,2.0,1.5,2.5,"Hypergraph(num_v=29, num_e=5)",False,0.13339018821716309
3558,STATS,142-135-augF1-augA1,orig,0.04480552673339844,0.2200422286987304,1,5,10,6,4,30883.91,1,178345,67540.4,1.0,79504.0,79851.0,1.0,6935630.0,1737701.5,26.5,7587.5,1745262.5,2,1,5,1.16,1.0,1.0,1.0,1,3,2.0,2.0,1.5,2.5,"Hypergraph(num_v=29, num_e=5)",False,0.17523670196533198
3559,STATS,142-135-augF1-augA2,orig,0.04500460624694824,0.1454756259918213,1,5,10,6,4,30883.91,1,178345,67540.4,1.0,79504.0,79851.0,1.0,6935630.0,1737701.5,26.5,7587.5,1745262.5,2,1,5,1.16,1.0,1.0,1.0,1,3,2.0,2.0,1.5,2.5,"Hypergraph(num_v=29, num_e=5)",False,0.10047101974487305
3560,STATS,142-135-augF1-augA3,orig,0.0442967414855957,0.151268720626831,1,5,10,6,4,30883.91,1,178345,67540.4,1.0,79504.0,79851.0,1.0,6935630.0,1737701.5,26.5,7587.5,1745262.5,1,1,5,1.16,1.0,1.0,1.0,4,4,4.0,4.0,4.0,4.0,"Hypergraph(num_v=29, num_e=5)",False,0.1069719791412353
3561,STATS,142-135-augF1-augA4,orig,0.044281721115112305,0.0996239185333252,1,5,10,6,4,30883.91,1,178345,67540.4,1.0,79504.0,79851.0,1.0,6935630.0,1737701.5,26.5,7587.5,1745262.5,1,1,5,1.16,1.0,1.0,1.0,4,4,4.0,4.0,4.0,4.0,"Hypergraph(num_v=29, num_e=5)",False,0.05534219741821289
3562,STATS,142-135-augF2,rewr,85.43640661239624,0.1983034610748291,1,5,10,6,4,3416452.62,191,178345,72322.4,23721.0,79504.0,79851.0,6747.0,1325460119.0,332163461.5,60374.25,1593490.0,333696577.25,2,1,5,1.16,1.0,1.0,1.0,1,3,2.0,2.0,1.5,2.5,"Hypergraph(num_v=29, num_e=5)",False,-85.23810315132141
3563,STATS,142-135-augF2-augA1,rewr,80.77388119697571,0.5218348503112793,1,5,10,6,4,3416452.62,191,178345,72322.4,23721.0,79504.0,79851.0,6747.0,1325460119.0,332163461.5,60374.25,1593490.0,333696577.25,2,1,5,1.16,1.0,1.0,1.0,1,3,2.0,2.0,1.5,2.5,"Hypergraph(num_v=29, num_e=5)",False,-80.25204634666443
3564,STATS,142-135-augF2-augA2,rewr,80.57866764068604,0.1123127937316894,1,5,10,6,4,3416452.62,191,178345,72322.4,23721.0,79504.0,79851.0,6747.0,1325460119.0,332163461.5,60374.25,1593490.0,333696577.25,2,1,5,1.16,1.0,1.0,1.0,1,3,2.0,2.0,1.5,2.5,"Hypergraph(num_v=29, num_e=5)",False,-80.46635484695435
3565,STATS,142-135-augF2-augA3,rewr,80.77578377723694,0.1311016082763672,1,5,10,6,4,3416452.62,191,178345,72322.4,23721.0,79504.0,79851.0,6747.0,1325460119.0,332163461.5,60374.25,1593490.0,333696577.25,2,1,5,1.16,1.0,1.0,1.0,1,3,2.0,2.0,1.5,2.5,"Hypergraph(num_v=29, num_e=5)",False,-80.64468216896057
3566,STATS,142-135-augF2-augA4,rewr,83.0859489440918,0.1496667861938476,1,5,10,6,4,3416452.62,191,178345,72322.4,23721.0,79504.0,79851.0,6747.0,1325460119.0,332163461.5,60374.25,1593490.0,333696577.25,1,1,5,1.16,1.0,1.0,1.0,4,4,4.0,4.0,4.0,4.0,"Hypergraph(num_v=29, num_e=5)",False,-82.93628215789795
3567,STATS,143-126,rewr,100.0,0.1416845321655273,1,4,4,1,3,54809.12,40325,192979,122875.0,69969.5,129098.0,182003.5,41449.0,15072196.0,5064498.666666667,60650.0,79851.0,7576023.5,2,1,4,1.1764705882352942,1.0,1.0,1.0,1,2,1.5,1.5,1.25,1.75,"Hypergraph(num_v=20, num_e=4)",True,-100.0
3568,STATS,143-126-augA1,rewr,100.0,0.1436793804168701,1,4,4,1,3,54809.12,40325,192979,122875.0,69969.5,129098.0,182003.5,41449.0,15072196.0,5064498.666666667,60650.0,79851.0,7576023.5,2,1,4,1.1764705882352942,1.0,1.0,1.0,1,2,1.5,1.5,1.25,1.75,"Hypergraph(num_v=20, num_e=4)",False,-100.0
3569,STATS,143-126-augA2,rewr,100.0,0.3440847396850586,1,4,4,1,3,54809.12,40325,192979,122875.0,69969.5,129098.0,182003.5,41449.0,15072196.0,5064498.666666667,60650.0,79851.0,7576023.5,1,1,4,1.1764705882352942,1.0,1.0,1.0,3,3,3.0,3.0,3.0,3.0,"Hypergraph(num_v=20, num_e=4)",False,-100.0
3570,STATS,143-126-augA3,rewr,100.0,0.1562452316284179,1,4,4,1,3,54809.12,40325,192979,122875.0,69969.5,129098.0,182003.5,41449.0,15072196.0,5064498.666666667,60650.0,79851.0,7576023.5,2,1,4,1.1764705882352942,1.0,1.0,1.0,1,2,1.5,1.5,1.25,1.75,"Hypergraph(num_v=20, num_e=4)",False,-100.0
3571,STATS,143-126-augF1,rewr,100.0,0.1160614490509033,1,4,4,1,3,13788.93,772,192979,112986.75,60081.25,129098.0,182003.5,794.0,288549.0,96957.33333333331,1161.5,1529.0,145039.0,2,1,4,1.1764705882352942,1.0,1.0,1.0,1,2,1.5,1.5,1.25,1.75,"Hypergraph(num_v=20, num_e=4)",False,-100.0
3572,STATS,143-126-augF1-augA1,rewr,100.0,0.1418237686157226,1,4,4,1,3,13788.93,772,192979,112986.75,60081.25,129098.0,182003.5,794.0,288549.0,96957.33333333331,1161.5,1529.0,145039.0,2,1,4,1.1764705882352942,1.0,1.0,1.0,1,2,1.5,1.5,1.25,1.75,"Hypergraph(num_v=20, num_e=4)",False,-100.0
3573,STATS,143-126-augF1-augA2,rewr,100.0,0.1485228538513183,1,4,4,1,3,13788.93,772,192979,112986.75,60081.25,129098.0,182003.5,794.0,288549.0,96957.33333333331,1161.5,1529.0,145039.0,1,1,4,1.1764705882352942,1.0,1.0,1.0,3,3,3.0,3.0,3.0,3.0,"Hypergraph(num_v=20, num_e=4)",False,-100.0
3574,STATS,143-126-augF1-augA3,rewr,100.0,0.1399507522583007,1,4,4,1,3,13788.93,772,192979,112986.75,60081.25,129098.0,182003.5,794.0,288549.0,96957.33333333331,1161.5,1529.0,145039.0,2,1,4,1.1764705882352942,1.0,1.0,1.0,1,2,1.5,1.5,1.25,1.75,"Hypergraph(num_v=20, num_e=4)",False,-100.0
3575,STATS,144-122,rewr,100.0,0.1052193641662597,1,4,6,3,3,222845.77,23721,175902,81894.25,42007.5,63977.0,103863.75,27888.0,30399447.0,10160852.666666666,41555.5,55223.0,15227335.0,2,1,4,1.1428571428571428,1.0,1.0,1.0,1,2,1.5,1.5,1.25,1.75,"Hypergraph(num_v=24, num_e=4)",True,-100.0
3576,STATS,144-122-augA1,rewr,100.0,0.1707861423492431,1,4,6,3,3,222845.77,23721,175902,81894.25,42007.5,63977.0,103863.75,27888.0,30399447.0,10160852.666666666,41555.5,55223.0,15227335.0,1,1,4,1.1428571428571428,1.0,1.0,1.0,3,3,3.0,3.0,3.0,3.0,"Hypergraph(num_v=24, num_e=4)",False,-100.0
3577,STATS,144-122-augA2,rewr,100.0,0.1312019824981689,1,4,6,3,3,222845.77,23721,175902,81894.25,42007.5,63977.0,103863.75,27888.0,30399447.0,10160852.666666666,41555.5,55223.0,15227335.0,1,1,4,1.1428571428571428,1.0,1.0,1.0,3,3,3.0,3.0,3.0,3.0,"Hypergraph(num_v=24, num_e=4)",False,-100.0
3578,STATS,144-122-augA3,rewr,100.0,0.1587953567504882,1,4,6,3,3,222845.77,23721,175902,81894.25,42007.5,63977.0,103863.75,27888.0,30399447.0,10160852.666666666,41555.5,55223.0,15227335.0,1,1,4,1.1428571428571428,1.0,1.0,1.0,3,3,3.0,3.0,3.0,3.0,"Hypergraph(num_v=24, num_e=4)",False,-100.0
3579,STATS,144-122-augF1,rewr,68.81417751312256,0.0920665264129638,1,4,6,3,3,45802.16,22241,79851,43479.0,23351.0,35912.0,56040.0,20693.0,3843721.0,1301796.6666666667,30834.5,40976.0,1942348.5,2,1,4,1.1428571428571428,1.0,1.0,1.0,1,2,1.5,1.5,1.25,1.75,"Hypergraph(num_v=24, num_e=4)",False,-68.7221109867096
3580,STATS,144-122-augF1-augA1,rewr,72.61953639984131,0.0791914463043212,1,4,6,3,3,45802.16,22241,79851,43479.0,23351.0,35912.0,56040.0,20693.0,3843721.0,1301796.6666666667,30834.5,40976.0,1942348.5,2,1,4,1.1428571428571428,1.0,1.0,1.0,1,2,1.5,1.5,1.25,1.75,"Hypergraph(num_v=24, num_e=4)",False,-72.54034495353699
3581,STATS,144-122-augF1-augA2,rewr,67.26691508293152,0.0785973072052002,1,4,6,3,3,45802.16,22241,79851,43479.0,23351.0,35912.0,56040.0,20693.0,3843721.0,1301796.6666666667,30834.5,40976.0,1942348.5,1,1,4,1.1428571428571428,1.0,1.0,1.0,3,3,3.0,3.0,3.0,3.0,"Hypergraph(num_v=24, num_e=4)",False,-67.18831777572632
3582,STATS,144-122-augF1-augA3,rewr,65.50601267814636,0.0634927749633789,1,4,6,3,3,45802.16,22241,79851,43479.0,23351.0,35912.0,56040.0,20693.0,3843721.0,1301796.6666666667,30834.5,40976.0,1942348.5,2,1,4,1.1428571428571428,1.0,1.0,1.0,1,2,1.5,1.5,1.25,1.75,"Hypergraph(num_v=24, num_e=4)",False,-65.44251990318298
3583,STATS,144-122-augF2,rewr,35.948716163635254,0.1301581859588623,1,4,6,3,3,28356.39,9126,79851,44351.25,32525.25,44214.0,56040.0,47409.0,1577237.0,572841.6666666666,70644.0,93879.0,835558.0,2,1,4,1.1428571428571428,1.0,1.0,1.0,1,2,1.5,1.5,1.25,1.75,"Hypergraph(num_v=24, num_e=4)",False,-35.81855797767639
3584,STATS,144-122-augF2-augA1,rewr,39.291600704193115,0.0824217796325683,1,4,6,3,3,28356.39,9126,79851,44351.25,32525.25,44214.0,56040.0,47409.0,1577237.0,572841.6666666666,70644.0,93879.0,835558.0,2,1,4,1.1428571428571428,1.0,1.0,1.0,1,2,1.5,1.5,1.25,1.75,"Hypergraph(num_v=24, num_e=4)",False,-39.20917892456055
3585,STATS,144-122-augF2-augA2,rewr,38.767173767089844,0.1003930568695068,1,4,6,3,3,28356.39,9126,79851,44351.25,32525.25,44214.0,56040.0,47409.0,1577237.0,572841.6666666666,70644.0,93879.0,835558.0,1,1,4,1.1428571428571428,1.0,1.0,1.0,3,3,3.0,3.0,3.0,3.0,"Hypergraph(num_v=24, num_e=4)",False,-38.66678071022034
3586,STATS,144-122-augF2-augA3,rewr,36.216806411743164,0.1100134849548339,1,4,6,3,3,28356.39,9126,79851,44351.25,32525.25,44214.0,56040.0,47409.0,1577237.0,572841.6666666666,70644.0,93879.0,835558.0,1,1,4,1.1428571428571428,1.0,1.0,1.0,3,3,3.0,3.0,3.0,3.0,"Hypergraph(num_v=24, num_e=4)",False,-36.10679292678833
3587,STATS,145-120,rewr,100.0,0.3170554637908935,1,4,7,4,3,383927.51,39770,176637,96818.25,69830.75,85433.0,112420.5,162081.0,56963661.0,19148897.666666668,241516.0,320951.0,28642306.0,1,1,4,1.1428571428571428,1.0,1.0,1.0,3,3,3.0,3.0,3.0,3.0,"Hypergraph(num_v=24, num_e=4)",True,-100.0
3588,STATS,145-120-augA1,rewr,100.0,0.2412388324737548,1,4,7,4,3,383374.51,39770,176637,96818.25,69830.75,85433.0,112420.5,162081.0,56963661.0,19148897.666666668,241516.0,320951.0,28642306.0,1,1,4,1.1428571428571428,1.0,1.0,1.0,3,3,3.0,3.0,3.0,3.0,"Hypergraph(num_v=24, num_e=4)",False,-100.0
3589,STATS,145-120-augA2,rewr,100.0,0.3129205703735351,1,4,7,4,3,383374.51,39770,176637,96818.25,69830.75,85433.0,112420.5,162081.0,56963661.0,19148897.666666668,241516.0,320951.0,28642306.0,1,1,4,1.1428571428571428,1.0,1.0,1.0,3,3,3.0,3.0,3.0,3.0,"Hypergraph(num_v=24, num_e=4)",False,-100.0
3590,STATS,145-120-augA3,rewr,100.0,0.1915438175201416,1,4,7,4,3,383374.51,39770,176637,96818.25,69830.75,85433.0,112420.5,162081.0,56963661.0,19148897.666666668,241516.0,320951.0,28642306.0,1,1,4,1.1428571428571428,1.0,1.0,1.0,3,3,3.0,3.0,3.0,3.0,"Hypergraph(num_v=24, num_e=4)",False,-100.0
3591,STATS,145-120-augF1,rewr,0.31890344619750977,0.0960187911987304,1,4,7,4,3,9875.66,1,176637,64127.0,14.5,39935.0,104047.5,18.0,11892.0,3982.0,27.0,36.0,5964.0,1,1,4,1.1428571428571428,1.0,1.0,1.0,3,3,3.0,3.0,3.0,3.0,"Hypergraph(num_v=24, num_e=4)",False,-0.22288465499877935
3592,STATS,145-120-augF1-augA1,rewr,0.32460737228393555,0.1419184207916259,1,4,7,4,3,9875.66,1,176637,64127.0,14.5,39935.0,104047.5,18.0,11892.0,3982.0,27.0,36.0,5964.0,2,1,4,1.1428571428571428,1.0,1.0,1.0,1,2,1.5,1.5,1.25,1.75,"Hypergraph(num_v=24, num_e=4)",False,-0.18268895149230965
3593,STATS,145-120-augF1-augA2,rewr,0.3182048797607422,0.1156501770019531,1,4,7,4,3,9875.66,1,176637,64127.0,14.5,39935.0,104047.5,18.0,11892.0,3982.0,27.0,36.0,5964.0,1,1,4,1.1428571428571428,1.0,1.0,1.0,3,3,3.0,3.0,3.0,3.0,"Hypergraph(num_v=24, num_e=4)",False,-0.2025547027587891
3594,STATS,145-120-augF1-augA3,rewr,0.32565832138061523,0.081721544265747,1,4,7,4,3,9875.66,1,176637,64127.0,14.5,39935.0,104047.5,18.0,11892.0,3982.0,27.0,36.0,5964.0,2,1,4,1.1428571428571428,1.0,1.0,1.0,1,2,1.5,1.5,1.25,1.75,"Hypergraph(num_v=24, num_e=4)",False,-0.24393677711486822
3595,STATS,145-120-augF2,rewr,4.149470567703247,0.2540783882141113,1,4,7,4,3,199526.64,19588,176637,91772.75,64785.25,85433.0,112420.5,79830.0,28056429.0,9431445.666666666,118954.0,158078.0,14107253.5,1,1,4,1.1428571428571428,1.0,1.0,1.0,3,3,3.0,3.0,3.0,3.0,"Hypergraph(num_v=24, num_e=4)",False,-3.8953921794891357
3596,STATS,145-120-augF2-augA1,rewr,6.436346769332886,0.1318540573120117,1,4,7,4,3,199526.64,19588,176637,91772.75,64785.25,85433.0,112420.5,79830.0,28056429.0,9431445.666666666,118954.0,158078.0,14107253.5,2,1,4,1.1428571428571428,1.0,1.0,1.0,1,2,1.5,1.5,1.25,1.75,"Hypergraph(num_v=24, num_e=4)",False,-6.304492712020874
3597,STATS,145-120-augF2-augA2,rewr,4.055890798568726,0.3571290969848633,1,4,7,4,3,199526.64,19588,176637,91772.75,64785.25,85433.0,112420.5,79830.0,28056429.0,9431445.666666666,118954.0,158078.0,14107253.5,1,1,4,1.1428571428571428,1.0,1.0,1.0,3,3,3.0,3.0,3.0,3.0,"Hypergraph(num_v=24, num_e=4)",False,-3.6987617015838623
3598,STATS,145-120-augF2-augA3,rewr,4.187801122665405,0.134239912033081,1,4,7,4,3,199526.64,19588,176637,91772.75,64785.25,85433.0,112420.5,79830.0,28056429.0,9431445.666666666,118954.0,158078.0,14107253.5,2,1,4,1.1428571428571428,1.0,1.0,1.0,1,2,1.5,1.5,1.25,1.75,"Hypergraph(num_v=24, num_e=4)",False,-4.053561210632324
3599,STATS,146-058,rewr,100.0,0.2771110534667969,1,6,15,10,5,1884291.74,11102,191488,74944.0,37380.25,59448.0,88477.25,11043.0,691028327.0,138473779.6,72298.0,455405.0,801825.0,1,1,5,1.1666666666666667,1.0,1.0,1.0,5,5,5.0,5.0,5.0,5.0,"Hypergraph(num_v=35, num_e=6)",True,-100.0
3600,STATS,146-058-augA1,rewr,100.0,0.3053359985351562,1,6,15,10,5,1884291.74,11102,191488,74944.0,37380.25,59448.0,88477.25,11043.0,691028327.0,138473779.6,72298.0,455405.0,801825.0,2,1,5,1.1666666666666667,1.0,1.0,1.0,1,4,2.5,2.5,1.75,3.25,"Hypergraph(num_v=35, num_e=6)",False,-100.0
3601,STATS,146-058-augA2,rewr,100.0,0.1632072925567627,1,6,15,10,5,1884291.74,11102,191488,74944.0,37380.25,59448.0,88477.25,11043.0,691028327.0,138473779.6,72298.0,455405.0,801825.0,2,1,5,1.1666666666666667,1.0,1.0,1.0,1,4,2.5,2.5,1.75,3.25,"Hypergraph(num_v=35, num_e=6)",False,-100.0
3602,STATS,146-058-augA3,rewr,100.0,0.1841366291046142,1,6,15,10,5,1882725.74,11102,191488,74944.0,37380.25,59448.0,88477.25,11043.0,691028327.0,138473779.6,72298.0,455405.0,801825.0,2,1,5,1.1666666666666667,1.0,1.0,1.0,1,4,2.5,2.5,1.75,3.25,"Hypergraph(num_v=35, num_e=6)",False,-100.0
3603,STATS,146-058-augA4,rewr,100.0,0.1678972244262695,1,6,15,10,5,1882725.74,11102,191488,74944.0,37380.25,59448.0,88477.25,11043.0,691028327.0,138473779.6,72298.0,455405.0,801825.0,2,1,5,1.1666666666666667,1.0,1.0,1.0,1,4,2.5,2.5,1.75,3.25,"Hypergraph(num_v=35, num_e=6)",False,-100.0
3604,STATS,146-058-augA5,rewr,100.0,0.1773550510406494,1,6,15,10,5,1882725.74,11102,191488,74944.0,37380.25,59448.0,88477.25,11043.0,691028327.0,138473779.6,72298.0,455405.0,801825.0,1,1,5,1.1666666666666667,1.0,1.0,1.0,5,5,5.0,5.0,5.0,5.0,"Hypergraph(num_v=35, num_e=6)",False,-100.0
3605,STATS,146-058-augF1,rewr,100.0,0.3230030536651611,1,6,15,10,5,1894190.66,11102,191488,75025.83333333333,37380.25,59448.0,88845.5,11102.0,694720461.0,139213075.0,72298.0,455405.0,806109.0,1,1,5,1.1666666666666667,1.0,1.0,1.0,5,5,5.0,5.0,5.0,5.0,"Hypergraph(num_v=35, num_e=6)",False,-100.0
3606,STATS,146-058-augF1-augA1,rewr,100.0,0.3621816635131836,1,6,15,10,5,1894190.66,11102,191488,75025.83333333333,37380.25,59448.0,88845.5,11102.0,694720461.0,139213075.0,72298.0,455405.0,806109.0,2,1,5,1.1666666666666667,1.0,1.0,1.0,1,4,2.5,2.5,1.75,3.25,"Hypergraph(num_v=35, num_e=6)",False,-100.0
3607,STATS,146-058-augF1-augA2,rewr,100.0,0.247870922088623,1,6,15,10,5,1894190.66,11102,191488,75025.83333333333,37380.25,59448.0,88845.5,11102.0,694720461.0,139213075.0,72298.0,455405.0,806109.0,2,1,5,1.1666666666666667,1.0,1.0,1.0,1,4,2.5,2.5,1.75,3.25,"Hypergraph(num_v=35, num_e=6)",False,-100.0
3608,STATS,146-058-augF1-augA3,rewr,100.0,0.1368086338043213,1,6,15,10,5,1892614.66,11102,191488,75025.83333333333,37380.25,59448.0,88845.5,11102.0,694720461.0,139213075.0,72298.0,455405.0,806109.0,2,1,5,1.1666666666666667,1.0,1.0,1.0,1,4,2.5,2.5,1.75,3.25,"Hypergraph(num_v=35, num_e=6)",False,-100.0
3609,STATS,146-058-augF1-augA4,rewr,100.0,0.2408175468444824,1,6,15,10,5,1892614.66,11102,191488,75025.83333333333,37380.25,59448.0,88845.5,11102.0,694720461.0,139213075.0,72298.0,455405.0,806109.0,2,1,5,1.1666666666666667,1.0,1.0,1.0,1,4,2.5,2.5,1.75,3.25,"Hypergraph(num_v=35, num_e=6)",False,-100.0
3610,STATS,146-058-augF1-augA5,rewr,100.0,0.271824836730957,1,6,15,10,5,1892614.66,11102,191488,75025.83333333333,37380.25,59448.0,88845.5,11102.0,694720461.0,139213075.0,72298.0,455405.0,806109.0,1,1,5,1.1666666666666667,1.0,1.0,1.0,5,5,5.0,5.0,5.0,5.0,"Hypergraph(num_v=35, num_e=6)",False,-100.0
3611,STATS,146-058-augF2,rewr,100.0,0.2263243198394775,1,6,15,10,5,27708.18,67,325529,91179.83333333331,18187.0,59448.0,88477.25,18.0,1261791.0,255966.2,150.0,494.0,17378.0,1,1,5,1.1666666666666667,1.0,1.0,1.0,5,5,5.0,5.0,5.0,5.0,"Hypergraph(num_v=35, num_e=6)",False,-100.0
3612,STATS,146-058-augF2-augA1,rewr,100.0,0.1932997703552246,1,6,15,10,5,27708.18,67,325529,91179.83333333331,18187.0,59448.0,88477.25,18.0,1261791.0,255966.2,150.0,494.0,17378.0,2,1,5,1.1666666666666667,1.0,1.0,1.0,1,4,2.5,2.5,1.75,3.25,"Hypergraph(num_v=35, num_e=6)",False,-100.0
3613,STATS,146-058-augF2-augA2,rewr,100.0,0.2207577228546142,1,6,15,10,5,27708.18,67,325529,91179.83333333331,18187.0,59448.0,88477.25,18.0,1261791.0,255966.2,150.0,494.0,17378.0,2,1,5,1.1666666666666667,1.0,1.0,1.0,1,4,2.5,2.5,1.75,3.25,"Hypergraph(num_v=35, num_e=6)",False,-100.0
3614,STATS,146-058-augF2-augA3,rewr,100.0,0.2110421657562255,1,6,15,10,5,27708.18,67,325529,91179.83333333331,18187.0,59448.0,88477.25,18.0,1261791.0,255966.2,150.0,494.0,17378.0,2,1,5,1.1666666666666667,1.0,1.0,1.0,1,4,2.5,2.5,1.75,3.25,"Hypergraph(num_v=35, num_e=6)",False,-100.0
3615,STATS,146-058-augF2-augA4,rewr,100.0,0.1552193164825439,1,6,15,10,5,27708.18,67,325529,91179.83333333331,18187.0,59448.0,88477.25,18.0,1261791.0,255966.2,150.0,494.0,17378.0,2,1,5,1.1666666666666667,1.0,1.0,1.0,1,4,2.5,2.5,1.75,3.25,"Hypergraph(num_v=35, num_e=6)",False,-100.0
3616,STATS,146-058-augF2-augA5,rewr,100.0,0.192781925201416,1,6,15,10,5,27708.18,67,325529,91179.83333333331,18187.0,59448.0,88477.25,18.0,1261791.0,255966.2,150.0,494.0,17378.0,1,1,5,1.1666666666666667,1.0,1.0,1.0,5,5,5.0,5.0,5.0,5.0,"Hypergraph(num_v=35, num_e=6)",False,-100.0
3617,SNAP,dblp-path02,rewr,2.6748247146606445,1.0166049003601074,1,3,2,0,2,655889.97,437444,437444,437444.0,437444.0,437444.0,437444.0,2942144.0,19788148.0,11365146.0,7153645.0,11365146.0,15576647.0,1,1,2,1.2,1.0,1.0,1.0,2,2,2.0,2.0,2.0,2.0,"Hypergraph(num_v=6, num_e=3)",True,-1.658219814300537
3618,SNAP,dblp-path02-augA1,rewr,2.6223485469818115,1.018181085586548,1,3,2,0,2,655889.97,437444,437444,437444.0,437444.0,437444.0,437444.0,2942144.0,19788148.0,11365146.0,7153645.0,11365146.0,15576647.0,1,1,2,1.2,1.0,1.0,1.0,2,2,2.0,2.0,2.0,2.0,"Hypergraph(num_v=6, num_e=3)",False,-1.6041674613952634
3619,SNAP,dblp-path02-augA2,rewr,2.7081751823425293,1.0231564044952393,1,3,2,0,2,655889.97,437444,437444,437444.0,437444.0,437444.0,437444.0,2942144.0,19788148.0,11365146.0,7153645.0,11365146.0,15576647.0,1,1,2,1.2,1.0,1.0,1.0,2,2,2.0,2.0,2.0,2.0,"Hypergraph(num_v=6, num_e=3)",False,-1.68501877784729
3620,SNAP,dblp-path03,rewr,22.278090238571167,1.983770608901977,1,4,3,0,3,3704050.44,437444,437444,437444.0,437444.0,437444.0,437444.0,2942144.0,133090297.0,46324861.66666666,2942144.0,2942144.0,68016220.5,2,1,2,1.1428571428571428,1.0,1.0,1.0,1,2,1.5,1.5,1.25,1.75,"Hypergraph(num_v=8, num_e=4)",True,-20.29431962966919
3621,SNAP,dblp-path03-augA1,rewr,22.315471172332764,1.9977476596832275,1,4,3,0,3,3704050.44,437444,437444,437444.0,437444.0,437444.0,437444.0,2942144.0,133090297.0,46324861.66666666,2942144.0,2942144.0,68016220.5,2,1,2,1.1428571428571428,1.0,1.0,1.0,1,2,1.5,1.5,1.25,1.75,"Hypergraph(num_v=8, num_e=4)",False,-20.317723512649536
3622,SNAP,dblp-path03-augA2,rewr,20.9658305644989,2.2584099769592285,1,4,3,0,3,3704050.44,437444,437444,437444.0,437444.0,437444.0,437444.0,2942144.0,133090297.0,46324861.66666666,2942144.0,2942144.0,68016220.5,2,1,2,1.1428571428571428,1.0,1.0,1.0,1,2,1.5,1.5,1.25,1.75,"Hypergraph(num_v=8, num_e=4)",False,-18.707420587539673
3623,SNAP,dblp-path03-augA3,rewr,21.01308536529541,2.2624011039733887,1,4,3,0,3,3704050.44,437444,437444,437444.0,437444.0,437444.0,437444.0,2942144.0,133090297.0,46324861.66666666,2942144.0,2942144.0,68016220.5,2,1,2,1.1428571428571428,1.0,1.0,1.0,1,2,1.5,1.5,1.25,1.75,"Hypergraph(num_v=8, num_e=4)",False,-18.75068426132202
3624,SNAP,dblp-path04,rewr,100.0,2.4569642543792725,1,5,4,0,4,20706144.42,437444,1049866,682412.8,437444.0,437444.0,1049866.0,2942144.0,895133163.0,231231150.0,6031394.75,13424646.5,238624401.75,3,1,2,1.1111111111111112,1.0,1.0,1.0,1,2,1.3333333333333333,1.0,1.0,1.5,"Hypergraph(num_v=10, num_e=5)",True,-100.0
3625,SNAP,dblp-path04-augA1,rewr,100.0,2.4153828620910645,1,5,4,0,4,20706144.42,437444,1049866,682412.8,437444.0,437444.0,1049866.0,2942144.0,895133163.0,231231150.0,6031394.75,13424646.5,238624401.75,3,1,2,1.1111111111111112,1.0,1.0,1.0,1,2,1.3333333333333333,1.0,1.0,1.5,"Hypergraph(num_v=10, num_e=5)",False,-100.0
3626,SNAP,dblp-path04-augA2,rewr,100.0,2.9071977138519287,1,5,4,0,4,20706201.65,437444,1049866,682412.8,437444.0,437444.0,1049866.0,2942144.0,895133163.0,231231150.0,6031394.75,13424646.5,238624401.75,2,1,2,1.1111111111111112,1.0,1.0,1.0,1,2,1.3333333333333333,1.0,1.0,1.5,"Hypergraph(num_v=10, num_e=5)",False,-100.0
3627,SNAP,dblp-path04-augA3,rewr,100.0,2.764480829238892,1,5,4,0,4,20706144.42,437444,1049866,682412.8,437444.0,437444.0,1049866.0,2942144.0,895133163.0,231231150.0,6031394.75,13424646.5,238624401.75,2,1,2,1.1111111111111112,1.0,1.0,1.0,1,2,1.3333333333333333,1.0,1.0,1.5,"Hypergraph(num_v=10, num_e=5)",False,-100.0
3628,SNAP,dblp-path04-augA4,rewr,100.0,3.134576797485352,1,5,4,0,4,20706144.42,437444,1049866,682412.8,437444.0,437444.0,1049866.0,2942144.0,895133163.0,231231150.0,6031394.75,13424646.5,238624401.75,3,1,2,1.1111111111111112,1.0,1.0,1.0,1,2,1.3333333333333333,1.0,1.0,1.5,"Hypergraph(num_v=10, num_e=5)",False,-100.0
3629,SNAP,dblp-path05,rewr,100.0,2.8266918659210205,1,6,5,0,5,119373030.84,437444,1049866,743655.0,437444.0,743655.0,1049866.0,2942144.0,6020449276.0,1219546453.4,7061145.0,19788148.0,47491554.0,4,1,2,1.0909090909090908,1.0,1.0,1.0,1,2,1.25,1.0,1.0,1.25,"Hypergraph(num_v=12, num_e=6)",True,-100.0
3630,SNAP,dblp-path05-augA1,rewr,100.0,2.8318002223968506,1,6,5,0,5,119373030.84,437444,1049866,743655.0,437444.0,743655.0,1049866.0,2942144.0,6020449276.0,1219546453.4,7061145.0,19788148.0,47491554.0,4,1,2,1.0909090909090908,1.0,1.0,1.0,1,2,1.25,1.0,1.0,1.25,"Hypergraph(num_v=12, num_e=6)",False,-100.0
3631,SNAP,dblp-path05-augA2,rewr,100.0,3.383964776992798,1,6,5,0,5,119373030.84,437444,1049866,743655.0,437444.0,743655.0,1049866.0,2942144.0,6020449276.0,1219546453.4,7061145.0,19788148.0,47491554.0,3,1,2,1.0909090909090908,1.0,1.0,1.0,1,2,1.25,1.0,1.0,1.25,"Hypergraph(num_v=12, num_e=6)",False,-100.0
3632,SNAP,dblp-path05-augA3,rewr,100.0,3.695955038070679,1,6,5,0,5,119373030.84,437444,1049866,743655.0,437444.0,743655.0,1049866.0,2942144.0,6020449276.0,1219546453.4,7061145.0,19788148.0,47491554.0,3,1,2,1.0909090909090908,1.0,1.0,1.0,1,2,1.25,1.0,1.0,1.25,"Hypergraph(num_v=12, num_e=6)",False,-100.0
3633,SNAP,dblp-path05-augA4,rewr,100.0,3.698204040527344,1,6,5,0,5,119373030.84,437444,1049866,743655.0,437444.0,743655.0,1049866.0,2942144.0,6020449276.0,1219546453.4,7061145.0,19788148.0,47491554.0,3,1,2,1.0909090909090908,1.0,1.0,1.0,1,2,1.25,1.0,1.0,1.25,"Hypergraph(num_v=12, num_e=6)",False,-100.0
3634,SNAP,dblp-path05-augA5,rewr,100.0,4.067109823226929,1,6,5,0,5,119373030.84,437444,1049866,743655.0,437444.0,743655.0,1049866.0,2942144.0,6020449276.0,1219546453.4,7061145.0,19788148.0,47491554.0,4,1,2,1.0909090909090908,1.0,1.0,1.0,1,2,1.25,1.0,1.0,1.25,"Hypergraph(num_v=12, num_e=6)",False,-100.0
3635,SNAP,dblp-path06,rewr,100.0,3.268280506134033,1,7,6,0,6,746436362.3,437444,1049866,699910.5714285715,437444.0,437444.0,1049866.0,2942144.0,40492086504.0,6780935631.333333,3971894.25,27276349.5,111690611.25,5,1,2,1.0769230769230769,1.0,1.0,1.0,1,2,1.2,1.0,1.0,1.0,"Hypergraph(num_v=14, num_e=7)",True,-100.0
3636,SNAP,dblp-path06-augA1,rewr,100.0,3.234443426132202,1,7,6,0,6,746436362.3,437444,1049866,699910.5714285715,437444.0,437444.0,1049866.0,2942144.0,40492086504.0,6780935631.333333,3971894.25,27276349.5,111690611.25,5,1,2,1.0769230769230769,1.0,1.0,1.0,1,2,1.2,1.0,1.0,1.0,"Hypergraph(num_v=14, num_e=7)",False,-100.0
3637,SNAP,dblp-path06-augA2,rewr,100.0,3.797242641448975,1,7,6,0,6,746436362.3,437444,1049866,699910.5714285715,437444.0,437444.0,1049866.0,2942144.0,40492086504.0,6780935631.333333,3971894.25,27276349.5,111690611.25,4,1,2,1.0769230769230769,1.0,1.0,1.0,1,2,1.2,1.0,1.0,1.0,"Hypergraph(num_v=14, num_e=7)",False,-100.0
3638,SNAP,dblp-path06-augA3,rewr,100.0,4.29941463470459,1,7,6,0,6,746436747.17,437444,1049866,699910.5714285715,437444.0,437444.0,1049866.0,2942144.0,40492086504.0,6780935631.333333,3971894.25,27276349.5,111690611.25,3,1,2,1.0769230769230769,1.0,1.0,1.0,1,2,1.2,1.0,1.0,1.0,"Hypergraph(num_v=14, num_e=7)",False,-100.0
3639,SNAP,dblp-path06-augA4,rewr,100.0,4.364428043365479,1,7,6,0,6,746436362.3,437444,1049866,699910.5714285715,437444.0,437444.0,1049866.0,2942144.0,40492086504.0,6780935631.333333,3971894.25,27276349.5,111690611.25,3,1,2,1.0769230769230769,1.0,1.0,1.0,1,2,1.2,1.0,1.0,1.0,"Hypergraph(num_v=14, num_e=7)",False,-100.0
3640,SNAP,dblp-path06-augA5,rewr,100.0,4.675103425979614,1,7,6,0,6,746436421.67,437444,1049866,699910.5714285715,437444.0,437444.0,1049866.0,2942144.0,40492086504.0,6780935631.333333,3971894.25,27276349.5,111690611.25,4,1,2,1.0769230769230769,1.0,1.0,1.0,1,2,1.2,1.0,1.0,1.0,"Hypergraph(num_v=14, num_e=7)",False,-100.0
3641,SNAP,dblp-path06-augA6,rewr,100.0,5.015832424163818,1,7,6,0,6,746436362.3,437444,1049866,699910.5714285715,437444.0,437444.0,1049866.0,2942144.0,40492086504.0,6780935631.333333,3971894.25,27276349.5,111690611.25,5,1,2,1.0769230769230769,1.0,1.0,1.0,1,2,1.2,1.0,1.0,1.0,"Hypergraph(num_v=14, num_e=7)",False,-100.0
3642,SNAP,dblp-path07,rewr,100.0,3.511406660079956,1,8,7,0,7,4860022589.61,437444,1049866,743655.0,437444.0,743655.0,1049866.0,2942144.0,272339985662.0,38973214178.42857,5001644.5,7061145.0,226253504.5,6,1,2,1.0666666666666669,1.0,1.0,1.0,1,2,1.1666666666666667,1.0,1.0,1.0,"Hypergraph(num_v=16, num_e=8)",True,-100.0
3643,SNAP,dblp-path07-augA1,rewr,100.0,3.5347728729248047,1,8,7,0,7,4860022589.61,437444,1049866,743655.0,437444.0,743655.0,1049866.0,2942144.0,272339985662.0,38973214178.42857,5001644.5,7061145.0,226253504.5,6,1,2,1.0666666666666669,1.0,1.0,1.0,1,2,1.1666666666666667,1.0,1.0,1.0,"Hypergraph(num_v=16, num_e=8)",False,-100.0
3644,SNAP,dblp-path07-augA2,rewr,100.0,4.220276355743408,1,8,7,0,7,4860022589.61,437444,1049866,743655.0,437444.0,743655.0,1049866.0,2942144.0,272339985662.0,38973214178.42857,5001644.5,7061145.0,226253504.5,5,1,2,1.0666666666666669,1.0,1.0,1.0,1,2,1.1666666666666667,1.0,1.0,1.0,"Hypergraph(num_v=16, num_e=8)",False,-100.0
3645,SNAP,dblp-path07-augA3,rewr,100.0,4.707316637039185,1,8,7,0,7,4860030488.75,437444,1049866,743655.0,437444.0,743655.0,1049866.0,2942144.0,272339985662.0,38973214178.42857,5001644.5,7061145.0,226253504.5,4,1,2,1.0666666666666669,1.0,1.0,1.0,1,2,1.1666666666666667,1.0,1.0,1.0,"Hypergraph(num_v=16, num_e=8)",False,-100.0
3646,SNAP,dblp-path07-augA4,rewr,100.0,4.969088077545166,1,8,7,0,7,4860022589.61,437444,1049866,743655.0,437444.0,743655.0,1049866.0,2942144.0,272339985662.0,38973214178.42857,5001644.5,7061145.0,226253504.5,4,1,2,1.0666666666666669,1.0,1.0,1.0,1,2,1.1666666666666667,1.0,1.0,1.0,"Hypergraph(num_v=16, num_e=8)",False,-100.0
3647,SNAP,dblp-path07-augA5,rewr,100.0,4.957414150238037,1,8,7,0,7,4860028335.61,437444,1049866,743655.0,437444.0,743655.0,1049866.0,2942144.0,272339985662.0,38973214178.42857,5001644.5,7061145.0,226253504.5,4,1,2,1.0666666666666669,1.0,1.0,1.0,1,2,1.1666666666666667,1.0,1.0,1.0,"Hypergraph(num_v=16, num_e=8)",False,-100.0
3648,SNAP,dblp-path07-augA6,rewr,100.0,5.449950218200684,1,8,7,0,7,4860022589.61,437444,1049866,743655.0,437444.0,743655.0,1049866.0,2942144.0,272339985662.0,38973214178.42857,5001644.5,7061145.0,226253504.5,5,1,2,1.0666666666666669,1.0,1.0,1.0,1,2,1.1666666666666667,1.0,1.0,1.0,"Hypergraph(num_v=16, num_e=8)",False,-100.0
3649,SNAP,dblp-path07-augA7,rewr,100.0,5.807170629501343,1,8,7,0,7,4860022589.61,437444,1049866,743655.0,437444.0,743655.0,1049866.0,2942144.0,272339985662.0,38973214178.42857,5001644.5,7061145.0,226253504.5,6,1,2,1.0666666666666669,1.0,1.0,1.0,1,2,1.1666666666666667,1.0,1.0,1.0,"Hypergraph(num_v=16, num_e=8)",False,-100.0
3650,SNAP,dblp-path08,rewr,100.0,3.86955451965332,1,9,8,0,8,32326233362.39,437444,1049866,845725.3333333334,437444.0,1049866.0,1049866.0,2942144.0,1831692910737.0,229118921792.375,7061145.0,13424646.5,463345824.75,7,1,2,1.0588235294117647,1.0,1.0,1.0,1,2,1.1428571428571428,1.0,1.0,1.0,"Hypergraph(num_v=18, num_e=9)",True,-100.0
3651,SNAP,dblp-path08-augA1,rewr,100.0,3.844293117523194,1,9,8,0,8,32326233362.39,437444,1049866,845725.3333333334,437444.0,1049866.0,1049866.0,2942144.0,1831692910737.0,229118921792.375,7061145.0,13424646.5,463345824.75,7,1,2,1.0588235294117647,1.0,1.0,1.0,1,2,1.1428571428571428,1.0,1.0,1.0,"Hypergraph(num_v=18, num_e=9)",False,-100.0
3652,SNAP,dblp-path08-augA2,rewr,100.0,4.536857843399048,1,9,8,0,8,32326233419.62,437444,1049866,845725.3333333334,437444.0,1049866.0,1049866.0,2942144.0,1831692910737.0,229118921792.375,7061145.0,13424646.5,463345824.75,6,1,2,1.0588235294117647,1.0,1.0,1.0,1,2,1.1428571428571428,1.0,1.0,1.0,"Hypergraph(num_v=18, num_e=9)",False,-100.0
3653,SNAP,dblp-path08-augA3,rewr,100.0,5.033440828323364,1,9,8,0,8,32326233362.39,437444,1049866,845725.3333333334,437444.0,1049866.0,1049866.0,2942144.0,1831692910737.0,229118921792.375,7061145.0,13424646.5,463345824.75,5,1,2,1.0588235294117647,1.0,1.0,1.0,1,2,1.1428571428571428,1.0,1.0,1.0,"Hypergraph(num_v=18, num_e=9)",False,-100.0
3654,SNAP,dblp-path08-augA4,rewr,100.0,5.394514560699463,1,9,8,0,8,32326235950.93,437444,1049866,845725.3333333334,437444.0,1049866.0,1049866.0,2942144.0,1831692910737.0,229118921792.375,7061145.0,13424646.5,463345824.75,4,1,2,1.0588235294117647,1.0,1.0,1.0,1,2,1.1428571428571428,1.0,1.0,1.0,"Hypergraph(num_v=18, num_e=9)",False,-100.0
3655,SNAP,dblp-path08-augA5,rewr,100.0,5.580408334732056,1,9,8,0,8,32326233362.39,437444,1049866,845725.3333333334,437444.0,1049866.0,1049866.0,2942144.0,1831692910737.0,229118921792.375,7061145.0,13424646.5,463345824.75,4,1,2,1.0588235294117647,1.0,1.0,1.0,1,2,1.1428571428571428,1.0,1.0,1.0,"Hypergraph(num_v=18, num_e=9)",False,-100.0
3656,SNAP,dblp-path08-augA6,rewr,100.0,5.923051595687866,1,9,8,0,8,32326236008.15,437444,1049866,845725.3333333334,437444.0,1049866.0,1049866.0,2942144.0,1831692910737.0,229118921792.375,7061145.0,13424646.5,463345824.75,5,1,2,1.0588235294117647,1.0,1.0,1.0,1,2,1.1428571428571428,1.0,1.0,1.0,"Hypergraph(num_v=18, num_e=9)",False,-100.0
3657,SNAP,dblp-path08-augA7,rewr,100.0,6.30231523513794,1,9,8,0,8,32326233362.39,437444,1049866,845725.3333333334,437444.0,1049866.0,1049866.0,2942144.0,1831692910737.0,229118921792.375,7061145.0,13424646.5,463345824.75,6,1,2,1.0588235294117647,1.0,1.0,1.0,1,2,1.1428571428571428,1.0,1.0,1.0,"Hypergraph(num_v=18, num_e=9)",False,-100.0
3658,SNAP,dblp-path08-augA8,rewr,100.0,6.706629991531372,1,9,8,0,8,32326233362.39,437444,1049866,845725.3333333334,437444.0,1049866.0,1049866.0,2942144.0,1831692910737.0,229118921792.375,7061145.0,13424646.5,463345824.75,7,1,2,1.0588235294117647,1.0,1.0,1.0,1,2,1.1428571428571428,1.0,1.0,1.0,"Hypergraph(num_v=18, num_e=9)",False,-100.0
3659,SNAP,dblp-tree01,rewr,100.0,2.6427226066589355,1,5,4,0,4,20737526.33,437444,1049866,682412.8,437444.0,437444.0,1049866.0,2942144.0,895133163.0,231231150.0,6031394.75,13424646.5,238624401.75,2,1,3,1.4285714285714286,1.0,1.0,1.5,2,2,2.0,2.0,2.0,2.0,"Hypergraph(num_v=10, num_e=5)",True,-100.0
3660,SNAP,dblp-tree01-augA1,rewr,100.0,2.64512586593628,1,5,4,0,4,20737526.33,437444,1049866,682412.8,437444.0,437444.0,1049866.0,2942144.0,895133163.0,231231150.0,6031394.75,13424646.5,238624401.75,2,1,3,1.4285714285714286,1.0,1.0,1.5,2,2,2.0,2.0,2.0,2.0,"Hypergraph(num_v=10, num_e=5)",False,-100.0
3661,SNAP,dblp-tree01-augA2,rewr,100.0,2.661587953567505,1,5,4,0,4,20737526.33,437444,1049866,682412.8,437444.0,437444.0,1049866.0,2942144.0,895133163.0,231231150.0,6031394.75,13424646.5,238624401.75,2,1,3,1.4285714285714286,1.0,1.0,1.5,2,2,2.0,2.0,2.0,2.0,"Hypergraph(num_v=10, num_e=5)",False,-100.0
3662,SNAP,dblp-tree01-augA3,rewr,100.0,2.940912961959839,1,5,4,0,4,20737526.33,437444,1049866,682412.8,437444.0,437444.0,1049866.0,2942144.0,895133163.0,231231150.0,6031394.75,13424646.5,238624401.75,2,1,3,1.4285714285714286,1.0,1.0,1.5,1,3,2.0,2.0,1.5,2.5,"Hypergraph(num_v=10, num_e=5)",False,-100.0
3663,SNAP,dblp-tree01-augA4,rewr,100.0,2.9319875240325928,1,5,4,0,4,20737526.33,437444,1049866,682412.8,437444.0,437444.0,1049866.0,2942144.0,895133163.0,231231150.0,6031394.75,13424646.5,238624401.75,2,1,3,1.4285714285714286,1.0,1.0,1.5,1,3,2.0,2.0,1.5,2.5,"Hypergraph(num_v=10, num_e=5)",False,-100.0
3664,SNAP,dblp-tree02,rewr,100.0,3.4007468223571777,1,6,5,0,5,111281512.06,437444,1049866,743655.0,437444.0,743655.0,1049866.0,2942144.0,6020449276.0,1219546453.4,7061145.0,19788148.0,47491554.0,2,1,3,1.3333333333333333,1.0,1.0,1.0,2,3,2.5,2.5,2.25,2.75,"Hypergraph(num_v=12, num_e=6)",True,-100.0
3665,SNAP,dblp-tree02-augA1,rewr,100.0,2.89609169960022,1,6,5,0,5,111281512.06,437444,1049866,743655.0,437444.0,743655.0,1049866.0,2942144.0,6020449276.0,1219546453.4,7061145.0,19788148.0,47491554.0,2,1,3,1.3333333333333333,1.0,1.0,1.0,2,3,2.5,2.5,2.25,2.75,"Hypergraph(num_v=12, num_e=6)",False,-100.0
3666,SNAP,dblp-tree02-augA2,rewr,100.0,3.643859386444092,1,6,5,0,5,111281512.06,437444,1049866,743655.0,437444.0,743655.0,1049866.0,2942144.0,6020449276.0,1219546453.4,7061145.0,19788148.0,47491554.0,2,1,3,1.3333333333333333,1.0,1.0,1.0,1,4,2.5,2.5,1.75,3.25,"Hypergraph(num_v=12, num_e=6)",False,-100.0
3667,SNAP,dblp-tree02-augA3,rewr,100.0,3.3501088619232178,1,6,5,0,5,111281512.06,437444,1049866,743655.0,437444.0,743655.0,1049866.0,2942144.0,6020449276.0,1219546453.4,7061145.0,19788148.0,47491554.0,2,1,3,1.3333333333333333,1.0,1.0,1.0,2,3,2.5,2.5,2.25,2.75,"Hypergraph(num_v=12, num_e=6)",False,-100.0
3668,SNAP,dblp-tree02-augA4,rewr,100.0,3.599449634552002,1,6,5,0,5,111281512.06,437444,1049866,743655.0,437444.0,743655.0,1049866.0,2942144.0,6020449276.0,1219546453.4,7061145.0,19788148.0,47491554.0,2,1,3,1.3333333333333333,1.0,1.0,1.0,1,4,2.5,2.5,1.75,3.25,"Hypergraph(num_v=12, num_e=6)",False,-100.0
3669,SNAP,dblp-tree02-augA5,rewr,100.0,2.9130215644836426,1,6,5,0,5,111281512.06,437444,1049866,743655.0,437444.0,743655.0,1049866.0,2942144.0,6020449276.0,1219546453.4,7061145.0,19788148.0,47491554.0,2,1,3,1.3333333333333333,1.0,1.0,1.0,2,3,2.5,2.5,2.25,2.75,"Hypergraph(num_v=12, num_e=6)",False,-100.0
3670,SNAP,dblp-tree03,rewr,100.0,4.571946620941162,1,8,7,0,7,4901180234.69,437444,1049866,896760.5,896760.5,1049866.0,1049866.0,2942144.0,272339985662.0,39790053973.85714,7061145.0,19788148.0,3076769786.5,3,1,3,1.2307692307692308,1.0,1.0,1.0,1,3,1.75,1.5,1.0,2.25,"Hypergraph(num_v=16, num_e=8)",True,-100.0
3671,SNAP,dblp-tree03-augA1,rewr,100.0,4.545314788818359,1,8,7,0,7,4901180234.69,437444,1049866,896760.5,896760.5,1049866.0,1049866.0,2942144.0,272339985662.0,39790053973.85714,7061145.0,19788148.0,3076769786.5,3,1,3,1.2307692307692308,1.0,1.0,1.0,1,3,1.75,1.5,1.0,2.25,"Hypergraph(num_v=16, num_e=8)",False,-100.0
3672,SNAP,dblp-tree03-augA2,rewr,100.0,4.481809377670288,1,8,7,0,7,4901180234.69,437444,1049866,896760.5,896760.5,1049866.0,1049866.0,2942144.0,272339985662.0,39790053973.85714,7061145.0,19788148.0,3076769786.5,2,1,3,1.2307692307692308,1.0,1.0,1.0,1,3,1.75,1.5,1.0,2.25,"Hypergraph(num_v=16, num_e=8)",False,-100.0
3673,SNAP,dblp-tree03-augA3,rewr,100.0,4.504438400268555,1,8,7,0,7,4901180234.69,437444,1049866,896760.5,896760.5,1049866.0,1049866.0,2942144.0,272339985662.0,39790053973.85714,7061145.0,19788148.0,3076769786.5,2,1,3,1.2307692307692308,1.0,1.0,1.0,1,3,1.75,1.5,1.0,2.25,"Hypergraph(num_v=16, num_e=8)",False,-100.0
3674,SNAP,dblp-tree03-augA4,rewr,100.0,4.58052134513855,1,8,7,0,7,4901180234.69,437444,1049866,896760.5,896760.5,1049866.0,1049866.0,2942144.0,272339985662.0,39790053973.85714,7061145.0,19788148.0,3076769786.5,2,1,3,1.2307692307692308,1.0,1.0,1.0,1,3,1.75,1.5,1.0,2.25,"Hypergraph(num_v=16, num_e=8)",False,-100.0
3675,SNAP,dblp-tree03-augA5,rewr,100.0,4.1610283851623535,1,8,7,0,7,4901180234.69,437444,1049866,896760.5,896760.5,1049866.0,1049866.0,2942144.0,272339985662.0,39790053973.85714,7061145.0,19788148.0,3076769786.5,2,1,3,1.2307692307692308,1.0,1.0,1.0,1,3,1.75,1.5,1.0,2.25,"Hypergraph(num_v=16, num_e=8)",False,-100.0
3676,SNAP,dblp-tree03-augA6,rewr,100.0,3.9137463569641113,1,8,7,0,7,4901180234.69,437444,1049866,896760.5,896760.5,1049866.0,1049866.0,2942144.0,272339985662.0,39790053973.85714,7061145.0,19788148.0,3076769786.5,3,1,3,1.2307692307692308,1.0,1.0,1.0,1,2,1.75,2.0,1.75,2.0,"Hypergraph(num_v=16, num_e=8)",False,-100.0
3677,SNAP,dblp-tree03-augA7,rewr,100.0,5.025644540786743,1,8,7,0,7,4901180234.69,437444,1049866,896760.5,896760.5,1049866.0,1049866.0,2942144.0,272339985662.0,39790053973.85714,7061145.0,19788148.0,3076769786.5,3,1,3,1.2307692307692308,1.0,1.0,1.0,1,3,1.75,1.5,1.0,2.25,"Hypergraph(num_v=16, num_e=8)",False,-100.0
3678,SNAP,google-path02,rewr,27.68544602394104,5.530484676361084,1,3,2,0,2,3289355.21,2127100,2127100,2127100.0,2127100.0,2127100.0,2127100.0,27987140.0,368238520.0,198112830.0,113049985.0,198112830.0,283175675.0,1,1,2,1.2,1.0,1.0,1.0,2,2,2.0,2.0,2.0,2.0,"Hypergraph(num_v=6, num_e=3)",True,-22.154961347579956
3679,SNAP,google-path02-augA1,rewr,27.920461893081665,6.671760320663452,1,3,2,0,2,3289355.21,2127100,2127100,2127100.0,2127100.0,2127100.0,2127100.0,27987140.0,368238520.0,198112830.0,113049985.0,198112830.0,283175675.0,1,1,2,1.2,1.0,1.0,1.0,2,2,2.0,2.0,2.0,2.0,"Hypergraph(num_v=6, num_e=3)",False,-21.248701572418213
3680,SNAP,google-path02-augA2,rewr,27.743635177612305,5.543537378311157,1,3,2,0,2,3289355.21,2127100,2127100,2127100.0,2127100.0,2127100.0,2127100.0,27987140.0,368238520.0,198112830.0,113049985.0,198112830.0,283175675.0,1,1,2,1.2,1.0,1.0,1.0,2,2,2.0,2.0,2.0,2.0,"Hypergraph(num_v=6, num_e=3)",False,-22.200097799301147
3681,SNAP,google-path03,rewr,100.0,12.244085311889648,1,4,3,0,3,36243022.04,2127100,2127100,2127100.0,2127100.0,2127100.0,2127100.0,27987140.0,4845068410.0,1633680896.6666667,27987140.0,27987140.0,2436527775.0,2,1,2,1.1428571428571428,1.0,1.0,1.0,1,2,1.5,1.5,1.25,1.75,"Hypergraph(num_v=8, num_e=4)",True,-100.0
3682,SNAP,google-path03-augA1,rewr,100.0,13.334826946258543,1,4,3,0,3,36243022.04,2127100,2127100,2127100.0,2127100.0,2127100.0,2127100.0,27987140.0,4845068410.0,1633680896.6666667,27987140.0,27987140.0,2436527775.0,2,1,2,1.1428571428571428,1.0,1.0,1.0,1,2,1.5,1.5,1.25,1.75,"Hypergraph(num_v=8, num_e=4)",False,-100.0
3683,SNAP,google-path03-augA2,rewr,100.0,11.684419870376589,1,4,3,0,3,36243022.04,2127100,2127100,2127100.0,2127100.0,2127100.0,2127100.0,27987140.0,4845068410.0,1633680896.6666667,27987140.0,27987140.0,2436527775.0,2,1,2,1.1428571428571428,1.0,1.0,1.0,1,2,1.5,1.5,1.25,1.75,"Hypergraph(num_v=8, num_e=4)",False,-100.0
3684,SNAP,google-path03-augA3,rewr,100.0,11.611963987350464,1,4,3,0,3,36243022.04,2127100,2127100,2127100.0,2127100.0,2127100.0,2127100.0,27987140.0,4845068410.0,1633680896.6666667,27987140.0,27987140.0,2436527775.0,2,1,2,1.1428571428571428,1.0,1.0,1.0,1,2,1.5,1.5,1.25,1.75,"Hypergraph(num_v=8, num_e=4)",False,-100.0
3685,SNAP,google-path04,rewr,100.0,17.538743257522583,1,5,4,0,4,465149609.75,2127100,2127100,2127100.0,2127100.0,2127100.0,2127100.0,27987140.0,63748593914.0,16043201678.5,27987140.0,198112830.0,16213327368.5,3,1,2,1.1111111111111112,1.0,1.0,1.0,1,2,1.3333333333333333,1.0,1.0,1.5,"Hypergraph(num_v=10, num_e=5)",True,-100.0
3686,SNAP,google-path04-augA1,rewr,100.0,17.40277671813965,1,5,4,0,4,465149609.75,2127100,2127100,2127100.0,2127100.0,2127100.0,2127100.0,27987140.0,63748593914.0,16043201678.5,27987140.0,198112830.0,16213327368.5,3,1,2,1.1111111111111112,1.0,1.0,1.0,1,2,1.3333333333333333,1.0,1.0,1.5,"Hypergraph(num_v=10, num_e=5)",False,-100.0
3687,SNAP,google-path04-augA2,rewr,100.0,16.91036605834961,1,5,4,0,4,465149609.75,2127100,2127100,2127100.0,2127100.0,2127100.0,2127100.0,27987140.0,63748593914.0,16043201678.5,27987140.0,198112830.0,16213327368.5,2,1,2,1.1111111111111112,1.0,1.0,1.0,1,2,1.3333333333333333,1.0,1.0,1.5,"Hypergraph(num_v=10, num_e=5)",False,-100.0
3688,SNAP,google-path04-augA3,rewr,100.0,16.993484258651733,1,5,4,0,4,465149609.75,2127100,2127100,2127100.0,2127100.0,2127100.0,2127100.0,27987140.0,63748593914.0,16043201678.5,27987140.0,198112830.0,16213327368.5,2,1,2,1.1111111111111112,1.0,1.0,1.0,1,2,1.3333333333333333,1.0,1.0,1.5,"Hypergraph(num_v=10, num_e=5)",False,-100.0
3689,SNAP,google-path04-augA4,rewr,100.0,15.949127912521362,1,5,4,0,4,465149609.75,2127100,2127100,2127100.0,2127100.0,2127100.0,2127100.0,27987140.0,63748593914.0,16043201678.5,27987140.0,198112830.0,16213327368.5,3,1,2,1.1111111111111112,1.0,1.0,1.0,1,2,1.3333333333333333,1.0,1.0,1.5,"Hypergraph(num_v=10, num_e=5)",False,-100.0
3690,SNAP,google-path05,rewr,100.0,22.42652583122253,1,6,5,0,5,6044616398.62,2127100,2127100,2127100.0,2127100.0,2127100.0,2127100.0,27987140.0,838766944402.0,167911879144.4,27987140.0,368238520.0,368238520.0,4,1,2,1.0909090909090908,1.0,1.0,1.0,1,2,1.25,1.0,1.0,1.25,"Hypergraph(num_v=12, num_e=6)",True,-100.0
3691,SNAP,google-path05-augA1,rewr,100.0,22.506859302520752,1,6,5,0,5,6044616398.62,2127100,2127100,2127100.0,2127100.0,2127100.0,2127100.0,27987140.0,838766944402.0,167911879144.4,27987140.0,368238520.0,368238520.0,4,1,2,1.0909090909090908,1.0,1.0,1.0,1,2,1.25,1.0,1.0,1.25,"Hypergraph(num_v=12, num_e=6)",False,-100.0
3692,SNAP,google-path05-augA2,rewr,100.0,21.892348051071167,1,6,5,0,5,6044616398.62,2127100,2127100,2127100.0,2127100.0,2127100.0,2127100.0,27987140.0,838766944402.0,167911879144.4,27987140.0,368238520.0,368238520.0,3,1,2,1.0909090909090908,1.0,1.0,1.0,1,2,1.25,1.0,1.0,1.25,"Hypergraph(num_v=12, num_e=6)",False,-100.0
3693,SNAP,google-path05-augA3,rewr,100.0,21.41809916496277,1,6,5,0,5,6044616398.62,2127100,2127100,2127100.0,2127100.0,2127100.0,2127100.0,27987140.0,838766944402.0,167911879144.4,27987140.0,368238520.0,368238520.0,3,1,2,1.0909090909090908,1.0,1.0,1.0,1,2,1.25,1.0,1.0,1.25,"Hypergraph(num_v=12, num_e=6)",False,-100.0
3694,SNAP,google-path05-augA4,rewr,100.0,21.2916100025177,1,6,5,0,5,6044671060.62,2127100,2127100,2127100.0,2127100.0,2127100.0,2127100.0,27987140.0,838766944402.0,167911879144.4,27987140.0,368238520.0,368238520.0,3,1,2,1.0909090909090908,1.0,1.0,1.0,1,2,1.25,1.0,1.0,1.25,"Hypergraph(num_v=12, num_e=6)",False,-100.0
3695,SNAP,google-path05-augA5,rewr,100.0,20.258087635040283,1,6,5,0,5,6044616398.62,2127100,2127100,2127100.0,2127100.0,2127100.0,2127100.0,27987140.0,838766944402.0,167911879144.4,27987140.0,368238520.0,368238520.0,4,1,2,1.0909090909090908,1.0,1.0,1.0,1,2,1.25,1.0,1.0,1.25,"Hypergraph(num_v=12, num_e=6)",False,-100.0
3696,SNAP,google-path06,rewr,100.0,27.785508394241333,1,7,6,0,6,79404791295.27,2127100,2127100,2127100.0,2127100.0,2127100.0,2127100.0,27987140.0,11036007915219.0,1840217530594.8333,27987140.0,198112830.0,3725860937.5,5,1,2,1.0769230769230769,1.0,1.0,1.0,1,2,1.2,1.0,1.0,1.0,"Hypergraph(num_v=14, num_e=7)",True,-100.0
3697,SNAP,google-path06-augA1,rewr,100.0,27.624715089797974,1,7,6,0,6,79404791295.27,2127100,2127100,2127100.0,2127100.0,2127100.0,2127100.0,27987140.0,11036007915219.0,1840217530594.8333,27987140.0,198112830.0,3725860937.5,5,1,2,1.0769230769230769,1.0,1.0,1.0,1,2,1.2,1.0,1.0,1.0,"Hypergraph(num_v=14, num_e=7)",False,-100.0
3698,SNAP,google-path06-augA2,rewr,100.0,26.855048418045044,1,7,6,0,6,79404791295.27,2127100,2127100,2127100.0,2127100.0,2127100.0,2127100.0,27987140.0,11036007915219.0,1840217530594.8333,27987140.0,198112830.0,3725860937.5,4,1,2,1.0769230769230769,1.0,1.0,1.0,1,2,1.2,1.0,1.0,1.0,"Hypergraph(num_v=14, num_e=7)",False,-100.0
3699,SNAP,google-path06-augA3,rewr,100.0,26.456445932388306,1,7,6,0,6,79404845957.27,2127100,2127100,2127100.0,2127100.0,2127100.0,2127100.0,27987140.0,11036007915219.0,1840217530594.8333,27987140.0,198112830.0,3725860937.5,3,1,2,1.0769230769230769,1.0,1.0,1.0,1,2,1.2,1.0,1.0,1.0,"Hypergraph(num_v=14, num_e=7)",False,-100.0
3700,SNAP,google-path06-augA4,rewr,100.0,26.01601886749268,1,7,6,0,6,79404791295.27,2127100,2127100,2127100.0,2127100.0,2127100.0,2127100.0,27987140.0,11036007915219.0,1840217530594.8333,27987140.0,198112830.0,3725860937.5,3,1,2,1.0769230769230769,1.0,1.0,1.0,1,2,1.2,1.0,1.0,1.0,"Hypergraph(num_v=14, num_e=7)",False,-100.0
3701,SNAP,google-path06-augA5,rewr,100.0,25.619097471237183,1,7,6,0,6,79404845957.27,2127100,2127100,2127100.0,2127100.0,2127100.0,2127100.0,27987140.0,11036007915219.0,1840217530594.8333,27987140.0,198112830.0,3725860937.5,4,1,2,1.0769230769230769,1.0,1.0,1.0,1,2,1.2,1.0,1.0,1.0,"Hypergraph(num_v=14, num_e=7)",False,-100.0
3702,SNAP,google-path06-augA6,rewr,100.0,24.613142013549805,1,7,6,0,6,79404791295.27,2127100,2127100,2127100.0,2127100.0,2127100.0,2127100.0,27987140.0,11036007915219.0,1840217530594.8333,27987140.0,198112830.0,3725860937.5,5,1,2,1.0769230769230769,1.0,1.0,1.0,1,2,1.2,1.0,1.0,1.0,"Hypergraph(num_v=14, num_e=7)",False,-100.0
3703,SNAP,google-path07,rewr,100.0,36.35692358016968,1,8,7,0,7,1043857952272.95,2127100,2127100,2127100.0,2127100.0,2127100.0,2127100.0,27987140.0,145205377390811.0,20745025639455.85,27987140.0,27987140.0,4845068410.0,6,1,2,1.0666666666666669,1.0,1.0,1.0,1,2,1.1666666666666667,1.0,1.0,1.0,"Hypergraph(num_v=16, num_e=8)",True,-100.0
3704,SNAP,google-path07-augA1,rewr,100.0,32.47251796722412,1,8,7,0,7,1043857952272.95,2127100,2127100,2127100.0,2127100.0,2127100.0,2127100.0,27987140.0,145205377390811.0,20745025639455.85,27987140.0,27987140.0,4845068410.0,6,1,2,1.0666666666666669,1.0,1.0,1.0,1,2,1.1666666666666667,1.0,1.0,1.0,"Hypergraph(num_v=16, num_e=8)",False,-100.0
3705,SNAP,google-path07-augA2,rewr,100.0,32.00442838668823,1,8,7,0,7,1043857952272.95,2127100,2127100,2127100.0,2127100.0,2127100.0,2127100.0,27987140.0,145205377390811.0,20745025639455.85,27987140.0,27987140.0,4845068410.0,5,1,2,1.0666666666666669,1.0,1.0,1.0,1,2,1.1666666666666667,1.0,1.0,1.0,"Hypergraph(num_v=16, num_e=8)",False,-100.0
3706,SNAP,google-path07-augA3,rewr,100.0,31.00572204589844,1,8,7,0,7,1043858006934.95,2127100,2127100,2127100.0,2127100.0,2127100.0,2127100.0,27987140.0,145205377390811.0,20745025639455.85,27987140.0,27987140.0,4845068410.0,4,1,2,1.0666666666666669,1.0,1.0,1.0,1,2,1.1666666666666667,1.0,1.0,1.0,"Hypergraph(num_v=16, num_e=8)",False,-100.0
3707,SNAP,google-path07-augA4,rewr,100.0,30.81863045692444,1,8,7,0,7,1043857952272.95,2127100,2127100,2127100.0,2127100.0,2127100.0,2127100.0,27987140.0,145205377390811.0,20745025639455.85,27987140.0,27987140.0,4845068410.0,4,1,2,1.0666666666666669,1.0,1.0,1.0,1,2,1.1666666666666667,1.0,1.0,1.0,"Hypergraph(num_v=16, num_e=8)",False,-100.0
3708,SNAP,google-path07-augA5,rewr,100.0,30.77513003349304,1,8,7,0,7,1043858006934.95,2127100,2127100,2127100.0,2127100.0,2127100.0,2127100.0,27987140.0,145205377390811.0,20745025639455.85,27987140.0,27987140.0,4845068410.0,4,1,2,1.0666666666666669,1.0,1.0,1.0,1,2,1.1666666666666667,1.0,1.0,1.0,"Hypergraph(num_v=16, num_e=8)",False,-100.0
3709,SNAP,google-path07-augA6,rewr,100.0,30.112364530563354,1,8,7,0,7,1043857952272.95,2127100,2127100,2127100.0,2127100.0,2127100.0,2127100.0,27987140.0,145205377390811.0,20745025639455.85,27987140.0,27987140.0,4845068410.0,5,1,2,1.0666666666666669,1.0,1.0,1.0,1,2,1.1666666666666667,1.0,1.0,1.0,"Hypergraph(num_v=16, num_e=8)",False,-100.0
3710,SNAP,google-path07-augA7,rewr,100.0,29.08268427848816,1,8,7,0,7,1043857952272.95,2127100,2127100,2127100.0,2127100.0,2127100.0,2127100.0,27987140.0,145205377390811.0,20745025639455.85,27987140.0,27987140.0,4845068410.0,6,1,2,1.0666666666666669,1.0,1.0,1.0,1,2,1.1666666666666667,1.0,1.0,1.0,"Hypergraph(num_v=16, num_e=8)",False,-100.0
3711,SNAP,google-path08,rewr,100.0,37.62423467636109,1,9,8,0,8,13732974643445.59,2127100,2127100,2127100.0,2127100.0,2127100.0,2127100.0,27987140.0,1910527954055855.0,238824628488157.38,27987140.0,198112830.0,19570949786.0,7,1,2,1.0588235294117647,1.0,1.0,1.0,1,2,1.1428571428571428,1.0,1.0,1.0,"Hypergraph(num_v=18, num_e=9)",True,-100.0
3712,SNAP,google-path08-augA1,rewr,100.0,37.88293623924256,1,9,8,0,8,13732974643445.59,2127100,2127100,2127100.0,2127100.0,2127100.0,2127100.0,27987140.0,1910527954055855.0,238824628488157.38,27987140.0,198112830.0,19570949786.0,7,1,2,1.0588235294117647,1.0,1.0,1.0,1,2,1.1428571428571428,1.0,1.0,1.0,"Hypergraph(num_v=18, num_e=9)",False,-100.0
3713,SNAP,google-path08-augA2,rewr,100.0,36.85516929626465,1,9,8,0,8,13732974643445.59,2127100,2127100,2127100.0,2127100.0,2127100.0,2127100.0,27987140.0,1910527954055855.0,238824628488157.38,27987140.0,198112830.0,19570949786.0,6,1,2,1.0588235294117647,1.0,1.0,1.0,1,2,1.1428571428571428,1.0,1.0,1.0,"Hypergraph(num_v=18, num_e=9)",False,-100.0
3714,SNAP,google-path08-augA3,rewr,100.0,36.05945825576782,1,9,8,0,8,13732974643445.59,2127100,2127100,2127100.0,2127100.0,2127100.0,2127100.0,27987140.0,1910527954055855.0,238824628488157.38,27987140.0,198112830.0,19570949786.0,5,1,2,1.0588235294117647,1.0,1.0,1.0,1,2,1.1428571428571428,1.0,1.0,1.0,"Hypergraph(num_v=18, num_e=9)",False,-100.0
3715,SNAP,google-path08-augA4,rewr,100.0,35.49237012863159,1,9,8,0,8,13732974698107.59,2127100,2127100,2127100.0,2127100.0,2127100.0,2127100.0,27987140.0,1910527954055855.0,238824628488157.38,27987140.0,198112830.0,19570949786.0,4,1,2,1.0588235294117647,1.0,1.0,1.0,1,2,1.1428571428571428,1.0,1.0,1.0,"Hypergraph(num_v=18, num_e=9)",False,-100.0
3716,SNAP,google-path08-augA5,rewr,100.0,35.7491135597229,1,9,8,0,8,13732974643445.59,2127100,2127100,2127100.0,2127100.0,2127100.0,2127100.0,27987140.0,1910527954055855.0,238824628488157.38,27987140.0,198112830.0,19570949786.0,4,1,2,1.0588235294117647,1.0,1.0,1.0,1,2,1.1428571428571428,1.0,1.0,1.0,"Hypergraph(num_v=18, num_e=9)",False,-100.0
3717,SNAP,google-path08-augA6,rewr,100.0,34.99655532836914,1,9,8,0,8,13732974698107.59,2127100,2127100,2127100.0,2127100.0,2127100.0,2127100.0,27987140.0,1910527954055855.0,238824628488157.38,27987140.0,198112830.0,19570949786.0,5,1,2,1.0588235294117647,1.0,1.0,1.0,1,2,1.1428571428571428,1.0,1.0,1.0,"Hypergraph(num_v=18, num_e=9)",False,-100.0
3718,SNAP,google-path08-augA7,rewr,100.0,34.37168502807617,1,9,8,0,8,13732974643445.59,2127100,2127100,2127100.0,2127100.0,2127100.0,2127100.0,27987140.0,1910527954055855.0,238824628488157.38,27987140.0,198112830.0,19570949786.0,6,1,2,1.0588235294117647,1.0,1.0,1.0,1,2,1.1428571428571428,1.0,1.0,1.0,"Hypergraph(num_v=18, num_e=9)",False,-100.0
3719,SNAP,google-path08-augA8,rewr,100.0,33.374351978302,1,9,8,0,8,13732974643445.59,2127100,2127100,2127100.0,2127100.0,2127100.0,2127100.0,27987140.0,1910527954055855.0,238824628488157.38,27987140.0,198112830.0,19570949786.0,7,1,2,1.0588235294117647,1.0,1.0,1.0,1,2,1.1428571428571428,1.0,1.0,1.0,"Hypergraph(num_v=18, num_e=9)",False,-100.0
3720,SNAP,google-tree01,rewr,100.0,16.276660442352295,1,5,4,0,4,465149609.75,2127100,2127100,2127100.0,2127100.0,2127100.0,2127100.0,27987140.0,63748593914.0,16043201678.5,27987140.0,198112830.0,16213327368.5,2,1,3,1.4285714285714286,1.0,1.0,1.5,2,2,2.0,2.0,2.0,2.0,"Hypergraph(num_v=10, num_e=5)",True,-100.0
3721,SNAP,google-tree01-augA1,rewr,100.0,16.371888637542725,1,5,4,0,4,465149609.75,2127100,2127100,2127100.0,2127100.0,2127100.0,2127100.0,27987140.0,63748593914.0,16043201678.5,27987140.0,198112830.0,16213327368.5,2,1,3,1.4285714285714286,1.0,1.0,1.5,2,2,2.0,2.0,2.0,2.0,"Hypergraph(num_v=10, num_e=5)",False,-100.0
3722,SNAP,google-tree01-augA2,rewr,100.0,15.637459754943848,1,5,4,0,4,465149609.75,2127100,2127100,2127100.0,2127100.0,2127100.0,2127100.0,27987140.0,63748593914.0,16043201678.5,27987140.0,198112830.0,16213327368.5,2,1,3,1.4285714285714286,1.0,1.0,1.5,1,3,2.0,2.0,1.5,2.5,"Hypergraph(num_v=10, num_e=5)",False,-100.0
3723,SNAP,google-tree01-augA3,rewr,100.0,15.834518909454346,1,5,4,0,4,465149609.75,2127100,2127100,2127100.0,2127100.0,2127100.0,2127100.0,27987140.0,63748593914.0,16043201678.5,27987140.0,198112830.0,16213327368.5,2,1,3,1.4285714285714286,1.0,1.0,1.5,1,3,2.0,2.0,1.5,2.5,"Hypergraph(num_v=10, num_e=5)",False,-100.0
3724,SNAP,google-tree01-augA4,rewr,100.0,15.696297883987429,1,5,4,0,4,465149609.75,2127100,2127100,2127100.0,2127100.0,2127100.0,2127100.0,27987140.0,63748593914.0,16043201678.5,27987140.0,198112830.0,16213327368.5,2,1,3,1.4285714285714286,1.0,1.0,1.5,1,3,2.0,2.0,1.5,2.5,"Hypergraph(num_v=10, num_e=5)",False,-100.0
3725,SNAP,google-tree02,rewr,100.0,20.19642400741577,1,6,5,0,5,6045390276.62,2127100,2127100,2127100.0,2127100.0,2127100.0,2127100.0,27987140.0,838766944402.0,167911879144.4,27987140.0,368238520.0,368238520.0,2,1,3,1.3333333333333333,1.0,1.0,1.0,2,3,2.5,2.5,2.25,2.75,"Hypergraph(num_v=12, num_e=6)",True,-100.0
3726,SNAP,google-tree02-augA1,rewr,100.0,20.57085633277893,1,6,5,0,5,6045390276.62,2127100,2127100,2127100.0,2127100.0,2127100.0,2127100.0,27987140.0,838766944402.0,167911879144.4,27987140.0,368238520.0,368238520.0,2,1,3,1.3333333333333333,1.0,1.0,1.0,2,3,2.5,2.5,2.25,2.75,"Hypergraph(num_v=12, num_e=6)",False,-100.0
3727,SNAP,google-tree02-augA2,rewr,100.0,20.07432770729065,1,6,5,0,5,6044671060.62,2127100,2127100,2127100.0,2127100.0,2127100.0,2127100.0,27987140.0,838766944402.0,167911879144.4,27987140.0,368238520.0,368238520.0,2,1,3,1.3333333333333333,1.0,1.0,1.0,2,3,2.5,2.5,2.25,2.75,"Hypergraph(num_v=12, num_e=6)",False,-100.0
3728,SNAP,google-tree02-augA3,rewr,100.0,20.077357530593872,1,6,5,0,5,6044671060.62,2127100,2127100,2127100.0,2127100.0,2127100.0,2127100.0,27987140.0,838766944402.0,167911879144.4,27987140.0,368238520.0,368238520.0,2,1,3,1.3333333333333333,1.0,1.0,1.0,1,4,2.5,2.5,1.75,3.25,"Hypergraph(num_v=12, num_e=6)",False,-100.0
3729,SNAP,google-tree02-augA4,rewr,100.0,20.17130398750305,1,6,5,0,5,6044671060.62,2127100,2127100,2127100.0,2127100.0,2127100.0,2127100.0,27987140.0,838766944402.0,167911879144.4,27987140.0,368238520.0,368238520.0,2,1,3,1.3333333333333333,1.0,1.0,1.0,1,4,2.5,2.5,1.75,3.25,"Hypergraph(num_v=12, num_e=6)",False,-100.0
3730,SNAP,google-tree02-augA5,rewr,100.0,19.999279499053955,1,6,5,0,5,6044671060.62,2127100,2127100,2127100.0,2127100.0,2127100.0,2127100.0,27987140.0,838766944402.0,167911879144.4,27987140.0,368238520.0,368238520.0,2,1,3,1.3333333333333333,1.0,1.0,1.0,2,3,2.5,2.5,2.25,2.75,"Hypergraph(num_v=12, num_e=6)",False,-100.0
3731,SNAP,google-tree03,rewr,100.0,31.28787899017334,1,8,7,0,7,1043858006934.95,2127100,2127100,2127100.0,2127100.0,2127100.0,2127100.0,27987140.0,145205377390811.0,20745025639455.85,27987140.0,27987140.0,4845068410.0,3,1,3,1.2307692307692308,1.0,1.0,1.0,1,3,1.75,1.5,1.0,2.25,"Hypergraph(num_v=16, num_e=8)",True,-100.0
3732,SNAP,google-tree03-augA1,rewr,100.0,31.617971658706665,1,8,7,0,7,1043858006934.95,2127100,2127100,2127100.0,2127100.0,2127100.0,2127100.0,27987140.0,145205377390811.0,20745025639455.85,27987140.0,27987140.0,4845068410.0,3,1,3,1.2307692307692308,1.0,1.0,1.0,1,3,1.75,1.5,1.0,2.25,"Hypergraph(num_v=16, num_e=8)",False,-100.0
3733,SNAP,google-tree03-augA2,rewr,100.0,30.54696583747864,1,8,7,0,7,1043858006934.95,2127100,2127100,2127100.0,2127100.0,2127100.0,2127100.0,27987140.0,145205377390811.0,20745025639455.85,27987140.0,27987140.0,4845068410.0,2,1,3,1.2307692307692308,1.0,1.0,1.0,1,3,1.75,1.5,1.0,2.25,"Hypergraph(num_v=16, num_e=8)",False,-100.0
3734,SNAP,google-tree03-augA3,rewr,100.0,30.982574462890625,1,8,7,0,7,1043858006934.95,2127100,2127100,2127100.0,2127100.0,2127100.0,2127100.0,27987140.0,145205377390811.0,20745025639455.85,27987140.0,27987140.0,4845068410.0,2,1,3,1.2307692307692308,1.0,1.0,1.0,1,4,1.75,1.0,1.0,1.75,"Hypergraph(num_v=16, num_e=8)",False,-100.0
3735,SNAP,google-tree03-augA4,rewr,100.0,30.543619632720947,1,8,7,0,7,1043858006934.95,2127100,2127100,2127100.0,2127100.0,2127100.0,2127100.0,27987140.0,145205377390811.0,20745025639455.85,27987140.0,27987140.0,4845068410.0,2,1,3,1.2307692307692308,1.0,1.0,1.0,1,4,1.75,1.0,1.0,1.75,"Hypergraph(num_v=16, num_e=8)",False,-100.0
3736,SNAP,google-tree03-augA5,rewr,100.0,30.155521154403687,1,8,7,0,7,1043858006934.95,2127100,2127100,2127100.0,2127100.0,2127100.0,2127100.0,27987140.0,145205377390811.0,20745025639455.85,27987140.0,27987140.0,4845068410.0,2,1,3,1.2307692307692308,1.0,1.0,1.0,1,4,1.75,1.0,1.0,1.75,"Hypergraph(num_v=16, num_e=8)",False,-100.0
3737,SNAP,google-tree03-augA6,rewr,100.0,29.934038400650024,1,8,7,0,7,1043867469958.95,2127100,2127100,2127100.0,2127100.0,2127100.0,2127100.0,27987140.0,145205377390811.0,20745025639455.85,27987140.0,27987140.0,4845068410.0,3,1,3,1.2307692307692308,1.0,1.0,1.0,1,3,1.75,1.5,1.0,2.25,"Hypergraph(num_v=16, num_e=8)",False,-100.0
3738,SNAP,google-tree03-augA7,rewr,100.0,32.54790687561035,1,8,7,0,7,1043867469958.95,2127100,2127100,2127100.0,2127100.0,2127100.0,2127100.0,27987140.0,145205377390811.0,20745025639455.85,27987140.0,27987140.0,4845068410.0,3,1,3,1.2307692307692308,1.0,1.0,1.0,1,3,1.75,1.5,1.0,2.25,"Hypergraph(num_v=16, num_e=8)",False,-100.0
3739,SNAP,patents-path02,rewr,20.604719161987305,14.841581583023071,1,3,2,0,2,12272521.23,6882971,6882971,6882971.0,6882971.0,6882971.0,6882971.0,97323245.0,1376122861.0,736723053.0,417023149.0,736723053.0,1056422957.0,1,1,2,1.2,1.0,1.0,1.0,2,2,2.0,2.0,2.0,2.0,"Hypergraph(num_v=6, num_e=3)",True,-5.763137578964233
3740,SNAP,patents-path02-augA1,rewr,20.26688575744629,15.066996335983276,1,3,2,0,2,12272521.23,6882971,6882971,6882971.0,6882971.0,6882971.0,6882971.0,97323245.0,1376122861.0,736723053.0,417023149.0,736723053.0,1056422957.0,1,1,2,1.2,1.0,1.0,1.0,2,2,2.0,2.0,2.0,2.0,"Hypergraph(num_v=6, num_e=3)",False,-5.199889421463013
3741,SNAP,patents-path02-augA2,rewr,21.160603046417236,15.018064498901367,1,3,2,0,2,12272521.23,6882971,6882971,6882971.0,6882971.0,6882971.0,6882971.0,97323245.0,1376122861.0,736723053.0,417023149.0,736723053.0,1056422957.0,1,1,2,1.2,1.0,1.0,1.0,2,2,2.0,2.0,2.0,2.0,"Hypergraph(num_v=6, num_e=3)",False,-6.142538547515869
3742,SNAP,patents-path03,rewr,56.832324504852295,32.85760188102722,1,4,3,0,3,146422658.47,6882971,6882971,6882971.0,6882971.0,6882971.0,6882971.0,97323245.0,19457983767.0,6550876752.333333,97323245.0,97323245.0,9777653506.0,2,1,2,1.1428571428571428,1.0,1.0,1.0,1,2,1.5,1.5,1.25,1.75,"Hypergraph(num_v=8, num_e=4)",True,-23.974722623825073
3743,SNAP,patents-path03-augA1,rewr,56.94502782821655,32.6797559261322,1,4,3,0,3,146422658.47,6882971,6882971,6882971.0,6882971.0,6882971.0,6882971.0,97323245.0,19457983767.0,6550876752.333333,97323245.0,97323245.0,9777653506.0,2,1,2,1.1428571428571428,1.0,1.0,1.0,1,2,1.5,1.5,1.25,1.75,"Hypergraph(num_v=8, num_e=4)",False,-24.26527190208435
3744,SNAP,patents-path03-augA2,rewr,55.855918884277344,34.90859508514404,1,4,3,0,3,146422658.47,6882971,6882971,6882971.0,6882971.0,6882971.0,6882971.0,97323245.0,19457983767.0,6550876752.333333,97323245.0,97323245.0,9777653506.0,2,1,2,1.1428571428571428,1.0,1.0,1.0,1,2,1.5,1.5,1.25,1.75,"Hypergraph(num_v=8, num_e=4)",False,-20.9473237991333
3745,SNAP,patents-path03-augA3,rewr,56.73727035522461,34.705522775650024,1,4,3,0,3,146422658.47,6882971,6882971,6882971.0,6882971.0,6882971.0,6882971.0,97323245.0,19457983767.0,6550876752.333333,97323245.0,97323245.0,9777653506.0,2,1,2,1.1428571428571428,1.0,1.0,1.0,1,2,1.5,1.5,1.25,1.75,"Hypergraph(num_v=8, num_e=4)",False,-22.031747579574585
3746,SNAP,patents-path04,rewr,100.0,43.9043927192688,1,5,4,0,4,2027017829.28,6882971,6882971,6882971.0,6882971.0,6882971.0,6882971.0,97323245.0,275130326606.0,69175273989.25,97323245.0,736723053.0,69814673797.25,3,1,2,1.1111111111111112,1.0,1.0,1.0,1,2,1.3333333333333333,1.0,1.0,1.5,"Hypergraph(num_v=10, num_e=5)",True,-100.0
3747,SNAP,patents-path04-augA1,rewr,100.0,43.9708366394043,1,5,4,0,4,2027017829.28,6882971,6882971,6882971.0,6882971.0,6882971.0,6882971.0,97323245.0,275130326606.0,69175273989.25,97323245.0,736723053.0,69814673797.25,3,1,2,1.1111111111111112,1.0,1.0,1.0,1,2,1.3333333333333333,1.0,1.0,1.5,"Hypergraph(num_v=10, num_e=5)",False,-100.0
3748,SNAP,patents-path04-augA2,rewr,100.0,46.26724123954773,1,5,4,0,4,2027017829.28,6882971,6882971,6882971.0,6882971.0,6882971.0,6882971.0,97323245.0,275130326606.0,69175273989.25,97323245.0,736723053.0,69814673797.25,2,1,2,1.1111111111111112,1.0,1.0,1.0,1,2,1.3333333333333333,1.0,1.0,1.5,"Hypergraph(num_v=10, num_e=5)",False,-100.0
3749,SNAP,patents-path04-augA3,rewr,100.0,46.17583632469177,1,5,4,0,4,2027017829.28,6882971,6882971,6882971.0,6882971.0,6882971.0,6882971.0,97323245.0,275130326606.0,69175273989.25,97323245.0,736723053.0,69814673797.25,2,1,2,1.1111111111111112,1.0,1.0,1.0,1,2,1.3333333333333333,1.0,1.0,1.5,"Hypergraph(num_v=10, num_e=5)",False,-100.0
3750,SNAP,patents-path04-augA4,rewr,100.0,46.345518827438354,1,5,4,0,4,2027017829.28,6882971,6882971,6882971.0,6882971.0,6882971.0,6882971.0,97323245.0,275130326606.0,69175273989.25,97323245.0,736723053.0,69814673797.25,3,1,2,1.1111111111111112,1.0,1.0,1.0,1,2,1.3333333333333333,1.0,1.0,1.5,"Hypergraph(num_v=10, num_e=5)",False,-100.0
3751,SNAP,patents-path05,rewr,100.0,55.54245948791504,1,6,5,0,5,28361832829.03,6882971,6882971,6882971.0,6882971.0,6882971.0,6882971.0,97323245.0,3890264146905.0,778642207823.4,97323245.0,1376122861.0,1376122861.0,4,1,2,1.0909090909090908,1.0,1.0,1.0,1,2,1.25,1.0,1.0,1.25,"Hypergraph(num_v=12, num_e=6)",True,-100.0
3752,SNAP,patents-path05-augA1,rewr,100.0,55.10246920585632,1,6,5,0,5,28361832829.03,6882971,6882971,6882971.0,6882971.0,6882971.0,6882971.0,97323245.0,3890264146905.0,778642207823.4,97323245.0,1376122861.0,1376122861.0,4,1,2,1.0909090909090908,1.0,1.0,1.0,1,2,1.25,1.0,1.0,1.25,"Hypergraph(num_v=12, num_e=6)",False,-100.0
3753,SNAP,patents-path05-augA2,rewr,100.0,58.08163928985596,1,6,5,0,5,28362022915.03,6882971,6882971,6882971.0,6882971.0,6882971.0,6882971.0,97323245.0,3890264146905.0,778642207823.4,97323245.0,1376122861.0,1376122861.0,3,1,2,1.0909090909090908,1.0,1.0,1.0,1,2,1.25,1.0,1.0,1.25,"Hypergraph(num_v=12, num_e=6)",False,-100.0
3754,SNAP,patents-path05-augA3,rewr,100.0,58.18762803077698,1,6,5,0,5,28361832829.03,6882971,6882971,6882971.0,6882971.0,6882971.0,6882971.0,97323245.0,3890264146905.0,778642207823.4,97323245.0,1376122861.0,1376122861.0,3,1,2,1.0909090909090908,1.0,1.0,1.0,1,2,1.25,1.0,1.0,1.25,"Hypergraph(num_v=12, num_e=6)",False,-100.0
3755,SNAP,patents-path05-augA4,rewr,100.0,59.61468505859375,1,6,5,0,5,28361832829.03,6882971,6882971,6882971.0,6882971.0,6882971.0,6882971.0,97323245.0,3890264146905.0,778642207823.4,97323245.0,1376122861.0,1376122861.0,3,1,2,1.0909090909090908,1.0,1.0,1.0,1,2,1.25,1.0,1.0,1.25,"Hypergraph(num_v=12, num_e=6)",False,-100.0
3756,SNAP,patents-path05-augA5,rewr,100.0,57.57594656944275,1,6,5,0,5,28361832829.03,6882971,6882971,6882971.0,6882971.0,6882971.0,6882971.0,97323245.0,3890264146905.0,778642207823.4,97323245.0,1376122861.0,1376122861.0,4,1,2,1.0909090909090908,1.0,1.0,1.0,1,2,1.25,1.0,1.0,1.25,"Hypergraph(num_v=12, num_e=6)",False,-100.0
3757,SNAP,patents-path06,rewr,100.0,66.04867172241211,1,7,6,0,6,400517771705.45,6882971,6882971,6882971.0,6882971.0,6882971.0,6882971.0,97323245.0,55007222647433.0,9171391453966.0,97323245.0,736723053.0,14937518540.5,5,1,2,1.0769230769230769,1.0,1.0,1.0,1,2,1.2,1.0,1.0,1.0,"Hypergraph(num_v=14, num_e=7)",True,-100.0
3758,SNAP,patents-path06-augA1,rewr,100.0,65.85538578033447,1,7,6,0,6,400517771705.45,6882971,6882971,6882971.0,6882971.0,6882971.0,6882971.0,97323245.0,55007222647433.0,9171391453966.0,97323245.0,736723053.0,14937518540.5,5,1,2,1.0769230769230769,1.0,1.0,1.0,1,2,1.2,1.0,1.0,1.0,"Hypergraph(num_v=14, num_e=7)",False,-100.0
3759,SNAP,patents-path06-augA2,rewr,100.0,69.63133430480957,1,7,6,0,6,400517961791.45,6882971,6882971,6882971.0,6882971.0,6882971.0,6882971.0,97323245.0,55007222647433.0,9171391453966.0,97323245.0,736723053.0,14937518540.5,4,1,2,1.0769230769230769,1.0,1.0,1.0,1,2,1.2,1.0,1.0,1.0,"Hypergraph(num_v=14, num_e=7)",False,-100.0
3760,SNAP,patents-path06-augA3,rewr,100.0,71.26162958145142,1,7,6,0,6,400517771705.45,6882971,6882971,6882971.0,6882971.0,6882971.0,6882971.0,97323245.0,55007222647433.0,9171391453966.0,97323245.0,736723053.0,14937518540.5,3,1,2,1.0769230769230769,1.0,1.0,1.0,1,2,1.2,1.0,1.0,1.0,"Hypergraph(num_v=14, num_e=7)",False,-100.0
3761,SNAP,patents-path06-augA4,rewr,100.0,70.61623620986938,1,7,6,0,6,400517961791.45,6882971,6882971,6882971.0,6882971.0,6882971.0,6882971.0,97323245.0,55007222647433.0,9171391453966.0,97323245.0,736723053.0,14937518540.5,3,1,2,1.0769230769230769,1.0,1.0,1.0,1,2,1.2,1.0,1.0,1.0,"Hypergraph(num_v=14, num_e=7)",False,-100.0
3762,SNAP,patents-path06-augA5,rewr,100.0,71.03807163238525,1,7,6,0,6,400517771705.45,6882971,6882971,6882971.0,6882971.0,6882971.0,6882971.0,97323245.0,55007222647433.0,9171391453966.0,97323245.0,736723053.0,14937518540.5,4,1,2,1.0769230769230769,1.0,1.0,1.0,1,2,1.2,1.0,1.0,1.0,"Hypergraph(num_v=14, num_e=7)",False,-100.0
3763,SNAP,patents-path06-augA6,rewr,100.0,67.9035918712616,1,7,6,0,6,400517771705.45,6882971,6882971,6882971.0,6882971.0,6882971.0,6882971.0,97323245.0,55007222647433.0,9171391453966.0,97323245.0,736723053.0,14937518540.5,5,1,2,1.0769230769230769,1.0,1.0,1.0,1,2,1.2,1.0,1.0,1.0,"Hypergraph(num_v=14, num_e=7)",False,-100.0
3764,SNAP,patents-path07,rewr,100.0,75.67465424537659,1,8,7,0,7,5659300929892.92,6882971,6882971,6882971.0,6882971.0,6882971.0,6882971.0,97323245.0,777786399361036.0,111117957803078.58,97323245.0,97323245.0,19457983767.0,6,1,2,1.0666666666666669,1.0,1.0,1.0,1,2,1.1666666666666667,1.0,1.0,1.0,"Hypergraph(num_v=16, num_e=8)",True,-100.0
3765,SNAP,patents-path07-augA1,rewr,100.0,75.79196047782898,1,8,7,0,7,5659300929892.92,6882971,6882971,6882971.0,6882971.0,6882971.0,6882971.0,97323245.0,777786399361036.0,111117957803078.58,97323245.0,97323245.0,19457983767.0,6,1,2,1.0666666666666669,1.0,1.0,1.0,1,2,1.1666666666666667,1.0,1.0,1.0,"Hypergraph(num_v=16, num_e=8)",False,-100.0
3766,SNAP,patents-path07-augA2,rewr,100.0,80.04104113578796,1,8,7,0,7,5659300929892.92,6882971,6882971,6882971.0,6882971.0,6882971.0,6882971.0,97323245.0,777786399361036.0,111117957803078.58,97323245.0,97323245.0,19457983767.0,5,1,2,1.0666666666666669,1.0,1.0,1.0,1,2,1.1666666666666667,1.0,1.0,1.0,"Hypergraph(num_v=16, num_e=8)",False,-100.0
3767,SNAP,patents-path07-augA3,rewr,100.0,82.13187384605408,1,8,7,0,7,5659301119978.92,6882971,6882971,6882971.0,6882971.0,6882971.0,6882971.0,97323245.0,777786399361036.0,111117957803078.58,97323245.0,97323245.0,19457983767.0,4,1,2,1.0666666666666669,1.0,1.0,1.0,1,2,1.1666666666666667,1.0,1.0,1.0,"Hypergraph(num_v=16, num_e=8)",False,-100.0
3768,SNAP,patents-path07-augA4,rewr,100.0,81.70158195495605,1,8,7,0,7,5659300929892.92,6882971,6882971,6882971.0,6882971.0,6882971.0,6882971.0,97323245.0,777786399361036.0,111117957803078.58,97323245.0,97323245.0,19457983767.0,4,1,2,1.0666666666666669,1.0,1.0,1.0,1,2,1.1666666666666667,1.0,1.0,1.0,"Hypergraph(num_v=16, num_e=8)",False,-100.0
3769,SNAP,patents-path07-augA5,rewr,100.0,82.88816618919373,1,8,7,0,7,5659301119978.92,6882971,6882971,6882971.0,6882971.0,6882971.0,6882971.0,97323245.0,777786399361036.0,111117957803078.58,97323245.0,97323245.0,19457983767.0,4,1,2,1.0666666666666669,1.0,1.0,1.0,1,2,1.1666666666666667,1.0,1.0,1.0,"Hypergraph(num_v=16, num_e=8)",False,-100.0
3770,SNAP,patents-path07-augA6,rewr,100.0,81.70465064048767,1,8,7,0,7,5659300929892.92,6882971,6882971,6882971.0,6882971.0,6882971.0,6882971.0,97323245.0,777786399361036.0,111117957803078.58,97323245.0,97323245.0,19457983767.0,5,1,2,1.0666666666666669,1.0,1.0,1.0,1,2,1.1666666666666667,1.0,1.0,1.0,"Hypergraph(num_v=16, num_e=8)",False,-100.0
3771,SNAP,patents-path07-augA7,rewr,100.0,77.71763706207275,1,8,7,0,7,5659300929892.92,6882971,6882971,6882971.0,6882971.0,6882971.0,6882971.0,97323245.0,777786399361036.0,111117957803078.58,97323245.0,97323245.0,19457983767.0,6,1,2,1.0666666666666669,1.0,1.0,1.0,1,2,1.1666666666666667,1.0,1.0,1.0,"Hypergraph(num_v=16, num_e=8)",False,-100.0
3772,SNAP,patents-path08,rewr,100.0,85.03987550735474,1,9,8,0,8,80014375456970.94,6882971,6882971,6882971.0,6882971.0,6882971.0,6882971.0,97323245.0,1.0997677285188948e+16,1374746704864395.2,97323245.0,736723053.0,83376069476.75,7,1,2,1.0588235294117647,1.0,1.0,1.0,1,2,1.1428571428571428,1.0,1.0,1.0,"Hypergraph(num_v=18, num_e=9)",True,-100.0
3773,SNAP,patents-path08-augA1,rewr,100.0,85.12819790840149,1,9,8,0,8,80014375456970.94,6882971,6882971,6882971.0,6882971.0,6882971.0,6882971.0,97323245.0,1.0997677285188948e+16,1374746704864395.2,97323245.0,736723053.0,83376069476.75,7,1,2,1.0588235294117647,1.0,1.0,1.0,1,2,1.1428571428571428,1.0,1.0,1.0,"Hypergraph(num_v=18, num_e=9)",False,-100.0
3774,SNAP,patents-path08-augA2,rewr,100.0,90.21317219734192,1,9,8,0,8,80014375456970.94,6882971,6882971,6882971.0,6882971.0,6882971.0,6882971.0,97323245.0,1.0997677285188948e+16,1374746704864395.2,97323245.0,736723053.0,83376069476.75,6,1,2,1.0588235294117647,1.0,1.0,1.0,1,2,1.1428571428571428,1.0,1.0,1.0,"Hypergraph(num_v=18, num_e=9)",False,-100.0
3775,SNAP,patents-path08-augA3,rewr,100.0,92.55948066711426,1,9,8,0,8,80014375647056.94,6882971,6882971,6882971.0,6882971.0,6882971.0,6882971.0,97323245.0,1.0997677285188948e+16,1374746704864395.2,97323245.0,736723053.0,83376069476.75,5,1,2,1.0588235294117647,1.0,1.0,1.0,1,2,1.1428571428571428,1.0,1.0,1.0,"Hypergraph(num_v=18, num_e=9)",False,-100.0
3776,SNAP,patents-path08-augA4,rewr,100.0,93.40515351295473,1,9,8,0,8,80014375456970.94,6882971,6882971,6882971.0,6882971.0,6882971.0,6882971.0,97323245.0,1.0997677285188948e+16,1374746704864395.2,97323245.0,736723053.0,83376069476.75,4,1,2,1.0588235294117647,1.0,1.0,1.0,1,2,1.1428571428571428,1.0,1.0,1.0,"Hypergraph(num_v=18, num_e=9)",False,-100.0
3777,SNAP,patents-path08-augA5,rewr,100.0,93.8663365840912,1,9,8,0,8,80014375647056.94,6882971,6882971,6882971.0,6882971.0,6882971.0,6882971.0,97323245.0,1.0997677285188948e+16,1374746704864395.2,97323245.0,736723053.0,83376069476.75,4,1,2,1.0588235294117647,1.0,1.0,1.0,1,2,1.1428571428571428,1.0,1.0,1.0,"Hypergraph(num_v=18, num_e=9)",False,-100.0
3778,SNAP,patents-path08-augA6,rewr,100.0,92.36628985404968,1,9,8,0,8,80014375456970.94,6882971,6882971,6882971.0,6882971.0,6882971.0,6882971.0,97323245.0,1.0997677285188948e+16,1374746704864395.2,97323245.0,736723053.0,83376069476.75,5,1,2,1.0588235294117647,1.0,1.0,1.0,1,2,1.1428571428571428,1.0,1.0,1.0,"Hypergraph(num_v=18, num_e=9)",False,-100.0
3779,SNAP,patents-path08-augA7,rewr,100.0,90.49732732772829,1,9,8,0,8,80014375456970.94,6882971,6882971,6882971.0,6882971.0,6882971.0,6882971.0,97323245.0,1.0997677285188948e+16,1374746704864395.2,97323245.0,736723053.0,83376069476.75,6,1,2,1.0588235294117647,1.0,1.0,1.0,1,2,1.1428571428571428,1.0,1.0,1.0,"Hypergraph(num_v=18, num_e=9)",False,-100.0
3780,SNAP,patents-path08-augA8,rewr,100.0,85.87887167930603,1,9,8,0,8,80014375456970.94,6882971,6882971,6882971.0,6882971.0,6882971.0,6882971.0,97323245.0,1.0997677285188948e+16,1374746704864395.2,97323245.0,736723053.0,83376069476.75,7,1,2,1.0588235294117647,1.0,1.0,1.0,1,2,1.1428571428571428,1.0,1.0,1.0,"Hypergraph(num_v=18, num_e=9)",False,-100.0
3781,SNAP,patents-tree01,rewr,100.0,41.82303643226624,1,5,4,0,4,2028095299.86,6882971,6882971,6882971.0,6882971.0,6882971.0,6882971.0,97323245.0,275130326606.0,69175273989.25,97323245.0,736723053.0,69814673797.25,2,1,3,1.4285714285714286,1.0,1.0,1.5,2,2,2.0,2.0,2.0,2.0,"Hypergraph(num_v=10, num_e=5)",True,-100.0
3782,SNAP,patents-tree01-augA1,rewr,100.0,41.61874604225159,1,5,4,0,4,2028095299.86,6882971,6882971,6882971.0,6882971.0,6882971.0,6882971.0,97323245.0,275130326606.0,69175273989.25,97323245.0,736723053.0,69814673797.25,2,1,3,1.4285714285714286,1.0,1.0,1.5,2,2,2.0,2.0,2.0,2.0,"Hypergraph(num_v=10, num_e=5)",False,-100.0
3783,SNAP,patents-tree01-augA2,rewr,100.0,41.73627209663391,1,5,4,0,4,2028095299.86,6882971,6882971,6882971.0,6882971.0,6882971.0,6882971.0,97323245.0,275130326606.0,69175273989.25,97323245.0,736723053.0,69814673797.25,2,1,3,1.4285714285714286,1.0,1.0,1.5,2,2,2.0,2.0,2.0,2.0,"Hypergraph(num_v=10, num_e=5)",False,-100.0
3784,SNAP,patents-tree01-augA3,rewr,100.0,43.44077682495117,1,5,4,0,4,2028095299.86,6882971,6882971,6882971.0,6882971.0,6882971.0,6882971.0,97323245.0,275130326606.0,69175273989.25,97323245.0,736723053.0,69814673797.25,2,1,3,1.4285714285714286,1.0,1.0,1.5,1,3,2.0,2.0,1.5,2.5,"Hypergraph(num_v=10, num_e=5)",False,-100.0
3785,SNAP,patents-tree01-augA4,rewr,100.0,43.22811698913574,1,5,4,0,4,2028095299.86,6882971,6882971,6882971.0,6882971.0,6882971.0,6882971.0,97323245.0,275130326606.0,69175273989.25,97323245.0,736723053.0,69814673797.25,2,1,3,1.4285714285714286,1.0,1.0,1.5,1,3,2.0,2.0,1.5,2.5,"Hypergraph(num_v=10, num_e=5)",False,-100.0
3786,SNAP,patents-tree02,rewr,100.0,50.30076503753662,1,6,5,0,5,28365788125.61,6882971,6882971,6882971.0,6882971.0,6882971.0,6882971.0,97323245.0,3890264146905.0,778642207823.4,97323245.0,1376122861.0,1376122861.0,2,1,3,1.3333333333333333,1.0,1.0,1.0,2,3,2.5,2.5,2.25,2.75,"Hypergraph(num_v=12, num_e=6)",True,-100.0
3787,SNAP,patents-tree02-augA1,rewr,100.0,52.4837965965271,1,6,5,0,5,28365788125.61,6882971,6882971,6882971.0,6882971.0,6882971.0,6882971.0,97323245.0,3890264146905.0,778642207823.4,97323245.0,1376122861.0,1376122861.0,2,1,3,1.3333333333333333,1.0,1.0,1.0,2,3,2.5,2.5,2.25,2.75,"Hypergraph(num_v=12, num_e=6)",False,-100.0
3788,SNAP,patents-tree02-augA2,rewr,100.0,53.29592180252075,1,6,5,0,5,28363100385.61,6882971,6882971,6882971.0,6882971.0,6882971.0,6882971.0,97323245.0,3890264146905.0,778642207823.4,97323245.0,1376122861.0,1376122861.0,2,1,3,1.3333333333333333,1.0,1.0,1.0,1,4,2.5,2.5,1.75,3.25,"Hypergraph(num_v=12, num_e=6)",False,-100.0
3789,SNAP,patents-tree02-augA3,rewr,100.0,56.20368599891663,1,6,5,0,5,28363100385.61,6882971,6882971,6882971.0,6882971.0,6882971.0,6882971.0,97323245.0,3890264146905.0,778642207823.4,97323245.0,1376122861.0,1376122861.0,2,1,3,1.3333333333333333,1.0,1.0,1.0,1,4,2.5,2.5,1.75,3.25,"Hypergraph(num_v=12, num_e=6)",False,-100.0
3790,SNAP,patents-tree02-augA4,rewr,100.0,56.37235856056213,1,6,5,0,5,28363100385.61,6882971,6882971,6882971.0,6882971.0,6882971.0,6882971.0,97323245.0,3890264146905.0,778642207823.4,97323245.0,1376122861.0,1376122861.0,2,1,3,1.3333333333333333,1.0,1.0,1.0,1,4,2.5,2.5,1.75,3.25,"Hypergraph(num_v=12, num_e=6)",False,-100.0
3791,SNAP,patents-tree02-augA5,rewr,100.0,53.19092082977295,1,6,5,0,5,28363100385.61,6882971,6882971,6882971.0,6882971.0,6882971.0,6882971.0,97323245.0,3890264146905.0,778642207823.4,97323245.0,1376122861.0,1376122861.0,2,1,3,1.3333333333333333,1.0,1.0,1.0,1,4,2.5,2.5,1.75,3.25,"Hypergraph(num_v=12, num_e=6)",False,-100.0
3792,SNAP,patents-tree03,rewr,100.0,80.69147968292236,1,8,7,0,7,5662698977507.46,6882971,6882971,6882971.0,6882971.0,6882971.0,6882971.0,97323245.0,777786399361036.0,111152081986157.0,97323245.0,1376122861.0,138253224733.5,3,1,3,1.2307692307692308,1.0,1.0,1.0,1,3,1.75,1.5,1.0,2.25,"Hypergraph(num_v=16, num_e=8)",True,-100.0
3793,SNAP,patents-tree03-augA1,rewr,100.0,80.80399107933044,1,8,7,0,7,5662698977507.46,6882971,6882971,6882971.0,6882971.0,6882971.0,6882971.0,97323245.0,777786399361036.0,111152081986157.0,97323245.0,1376122861.0,138253224733.5,3,1,3,1.2307692307692308,1.0,1.0,1.0,1,3,1.75,1.5,1.0,2.25,"Hypergraph(num_v=16, num_e=8)",False,-100.0
3794,SNAP,patents-tree03-augA2,rewr,100.0,76.04146003723145,1,8,7,0,7,5662696289767.46,6882971,6882971,6882971.0,6882971.0,6882971.0,6882971.0,97323245.0,777786399361036.0,111152081986157.0,97323245.0,1376122861.0,138253224733.5,2,1,3,1.2307692307692308,1.0,1.0,1.0,1,3,1.75,1.5,1.0,2.25,"Hypergraph(num_v=16, num_e=8)",False,-100.0
3795,SNAP,patents-tree03-augA3,rewr,100.0,74.90658521652222,1,8,7,0,7,5662696289767.46,6882971,6882971,6882971.0,6882971.0,6882971.0,6882971.0,97323245.0,777786399361036.0,111152081986157.0,97323245.0,1376122861.0,138253224733.5,2,1,3,1.2307692307692308,1.0,1.0,1.0,1,3,1.75,1.5,1.0,2.25,"Hypergraph(num_v=16, num_e=8)",False,-100.0
3796,SNAP,patents-tree03-augA4,rewr,100.0,75.84954786300659,1,8,7,0,7,5662696289767.46,6882971,6882971,6882971.0,6882971.0,6882971.0,6882971.0,97323245.0,777786399361036.0,111152081986157.0,97323245.0,1376122861.0,138253224733.5,2,1,3,1.2307692307692308,1.0,1.0,1.0,1,3,1.75,1.5,1.0,2.25,"Hypergraph(num_v=16, num_e=8)",False,-100.0
3797,SNAP,patents-tree03-augA5,rewr,100.0,74.29287004470825,1,8,7,0,7,5662696289767.46,6882971,6882971,6882971.0,6882971.0,6882971.0,6882971.0,97323245.0,777786399361036.0,111152081986157.0,97323245.0,1376122861.0,138253224733.5,2,1,3,1.2307692307692308,1.0,1.0,1.0,1,3,1.75,1.5,1.0,2.25,"Hypergraph(num_v=16, num_e=8)",False,-100.0
3798,SNAP,patents-tree03-augA6,rewr,100.0,77.70788097381592,1,8,7,0,7,5662696289767.46,6882971,6882971,6882971.0,6882971.0,6882971.0,6882971.0,97323245.0,777786399361036.0,111152081986157.0,97323245.0,1376122861.0,138253224733.5,3,1,3,1.2307692307692308,1.0,1.0,1.0,1,3,1.75,1.5,1.0,2.25,"Hypergraph(num_v=16, num_e=8)",False,-100.0
3799,SNAP,patents-tree03-augA7,rewr,100.0,71.00197982788086,1,8,7,0,7,5662696289767.46,6882971,6882971,6882971.0,6882971.0,6882971.0,6882971.0,97323245.0,777786399361036.0,111152081986157.0,97323245.0,1376122861.0,138253224733.5,3,1,3,1.2307692307692308,1.0,1.0,1.0,1,2,1.75,2.0,1.75,2.0,"Hypergraph(num_v=16, num_e=8)",False,-100.0
3800,SNAP,wiki-path02,rewr,100.0,32.50443124771118,1,3,2,0,2,6611684147.48,11879671,28511210,22967363.666666668,20195440.5,28511210.0,28511210.0,2040287492.0,350411481098.0,176225884295.0,89133085893.5,176225884295.0,263318682696.5,1,1,2,1.2,1.0,1.0,1.0,2,2,2.0,2.0,2.0,2.0,"Hypergraph(num_v=6, num_e=3)",True,-100.0
3801,SNAP,wiki-path02-augA1,rewr,100.0,26.65131092071533,1,3,2,0,2,6611684147.48,11879671,28511210,22967363.666666668,20195440.5,28511210.0,28511210.0,2040287492.0,350411481098.0,176225884295.0,89133085893.5,176225884295.0,263318682696.5,1,1,2,1.2,1.0,1.0,1.0,2,2,2.0,2.0,2.0,2.0,"Hypergraph(num_v=6, num_e=3)",False,-100.0
3802,SNAP,wiki-path02-augA2,rewr,100.0,33.2067666053772,1,3,2,0,2,6611684147.48,11879671,28511210,22967363.666666668,20195440.5,28511210.0,28511210.0,2040287492.0,350411481098.0,176225884295.0,89133085893.5,176225884295.0,263318682696.5,1,1,2,1.2,1.0,1.0,1.0,2,2,2.0,2.0,2.0,2.0,"Hypergraph(num_v=6, num_e=3)",False,-100.0
3803,SNAP,wiki-path03,rewr,100.0,56.57533931732178,1,4,3,0,3,1054807697566.21,11879671,28511210,24353325.25,24353325.25,28511210.0,28511210.0,2040287492.0,60181815816099.0,20062917597857.668,3468488737.0,4896689982.0,30093356253040.5,2,1,2,1.1428571428571428,1.0,1.0,1.0,1,2,1.5,1.5,1.25,1.75,"Hypergraph(num_v=8, num_e=4)",True,-100.0
3804,SNAP,wiki-path03-augA1,rewr,100.0,56.47741508483887,1,4,3,0,3,1054807697566.21,11879671,28511210,24353325.25,24353325.25,28511210.0,28511210.0,2040287492.0,60181815816099.0,20062917597857.668,3468488737.0,4896689982.0,30093356253040.5,2,1,2,1.1428571428571428,1.0,1.0,1.0,1,2,1.5,1.5,1.25,1.75,"Hypergraph(num_v=8, num_e=4)",False,-100.0
3805,SNAP,wiki-path03-augA2,rewr,100.0,53.31177759170532,1,4,3,0,3,1054807697566.21,11879671,28511210,24353325.25,24353325.25,28511210.0,28511210.0,2040287492.0,60181815816099.0,20062917597857.668,3468488737.0,4896689982.0,30093356253040.5,2,1,2,1.1428571428571428,1.0,1.0,1.0,1,2,1.5,1.5,1.25,1.75,"Hypergraph(num_v=8, num_e=4)",False,-100.0
3806,SNAP,wiki-path03-augA3,rewr,100.0,52.76967453956604,1,4,3,0,3,1054807697566.21,11879671,28511210,24353325.25,24353325.25,28511210.0,28511210.0,2040287492.0,60181815816099.0,20062917597857.668,3468488737.0,4896689982.0,30093356253040.5,2,1,2,1.1428571428571428,1.0,1.0,1.0,1,2,1.5,1.5,1.25,1.75,"Hypergraph(num_v=8, num_e=4)",False,-100.0
3807,SNAP,wiki-path04,rewr,100.0,85.94625353813171,1,5,4,0,4,180984469449964.97,11879671,28511210,25184902.2,28511210.0,28511210.0,28511210.0,2040287492.0,1.033599396792169e+16,2584087829095065.0,4182589359.5,177654085540.0,2584261300591246.0,3,1,2,1.1111111111111112,1.0,1.0,1.0,1,2,1.3333333333333333,1.0,1.0,1.5,"Hypergraph(num_v=10, num_e=5)",True,-100.0
3808,SNAP,wiki-path04-augA1,rewr,100.0,86.30355668067932,1,5,4,0,4,180984469449964.97,11879671,28511210,25184902.2,28511210.0,28511210.0,28511210.0,2040287492.0,1.033599396792169e+16,2584087829095065.0,4182589359.5,177654085540.0,2584261300591246.0,3,1,2,1.1111111111111112,1.0,1.0,1.0,1,2,1.3333333333333333,1.0,1.0,1.5,"Hypergraph(num_v=10, num_e=5)",False,-100.0
3809,SNAP,wiki-path04-augA2,rewr,100.0,84.21569895744324,1,5,4,0,4,180984469449964.97,11879671,28511210,25184902.2,28511210.0,28511210.0,28511210.0,2040287492.0,1.033599396792169e+16,2584087829095065.0,4182589359.5,177654085540.0,2584261300591246.0,2,1,2,1.1111111111111112,1.0,1.0,1.0,1,2,1.3333333333333333,1.0,1.0,1.5,"Hypergraph(num_v=10, num_e=5)",False,-100.0
3810,SNAP,wiki-path04-augA3,rewr,100.0,82.94959235191345,1,5,4,0,4,180984469449964.97,11879671,28511210,25184902.2,28511210.0,28511210.0,28511210.0,2040287492.0,1.033599396792169e+16,2584087829095065.0,4182589359.5,177654085540.0,2584261300591246.0,2,1,2,1.1111111111111112,1.0,1.0,1.0,1,2,1.3333333333333333,1.0,1.0,1.5,"Hypergraph(num_v=10, num_e=5)",False,-100.0
3811,SNAP,wiki-path04-augA4,rewr,100.0,79.85709595680237,1,5,4,0,4,180984469449964.97,11879671,28511210,25184902.2,28511210.0,28511210.0,28511210.0,2040287492.0,1.033599396792169e+16,2584087829095065.0,4182589359.5,177654085540.0,2584261300591246.0,3,1,2,1.1111111111111112,1.0,1.0,1.0,1,2,1.3333333333333333,1.0,1.0,1.5,"Hypergraph(num_v=10, num_e=5)",False,-100.0
3842,SNAP,wiki-tree01,rewr,100.0,67.75637316703796,1,5,4,0,4,180984037282931.47,11879671,28511210,25184902.2,28511210.0,28511210.0,28511210.0,2040287492.0,1.033599396792169e+16,2584087829095065.0,4182589359.5,177654085540.0,2584261300591246.0,2,1,3,1.4285714285714286,1.0,1.0,1.5,2,2,2.0,2.0,2.0,2.0,"Hypergraph(num_v=10, num_e=5)",True,-100.0
3843,SNAP,wiki-tree01-augA1,rewr,100.0,67.31323742866516,1,5,4,0,4,180984037282931.47,11879671,28511210,25184902.2,28511210.0,28511210.0,28511210.0,2040287492.0,1.033599396792169e+16,2584087829095065.0,4182589359.5,177654085540.0,2584261300591246.0,2,1,3,1.4285714285714286,1.0,1.0,1.5,2,2,2.0,2.0,2.0,2.0,"Hypergraph(num_v=10, num_e=5)",False,-100.0
3844,SNAP,wiki-tree01-augA2,rewr,100.0,64.25517702102661,1,5,4,0,4,180984037282931.47,11879671,28511210,25184902.2,28511210.0,28511210.0,28511210.0,2040287492.0,1.033599396792169e+16,2584087829095065.0,4182589359.5,177654085540.0,2584261300591246.0,2,1,3,1.4285714285714286,1.0,1.0,1.5,1,3,2.0,2.0,1.5,2.5,"Hypergraph(num_v=10, num_e=5)",False,-100.0
3845,SNAP,wiki-tree01-augA3,rewr,100.0,64.00984692573547,1,5,4,0,4,180984037282931.47,11879671,28511210,25184902.2,28511210.0,28511210.0,28511210.0,2040287492.0,1.033599396792169e+16,2584087829095065.0,4182589359.5,177654085540.0,2584261300591246.0,2,1,3,1.4285714285714286,1.0,1.0,1.5,1,3,2.0,2.0,1.5,2.5,"Hypergraph(num_v=10, num_e=5)",False,-100.0
3846,SNAP,wiki-tree01-augA4,rewr,100.0,64.67807364463806,1,5,4,0,4,180984037282931.47,11879671,28511210,25184902.2,28511210.0,28511210.0,28511210.0,2040287492.0,1.033599396792169e+16,2584087829095065.0,4182589359.5,177654085540.0,2584261300591246.0,2,1,3,1.4285714285714286,1.0,1.0,1.5,1,3,2.0,2.0,1.5,2.5,"Hypergraph(num_v=10, num_e=5)",False,-100.0
3847,SNAP,wiki-tree02,rewr,100.0,78.42420387268066,1,6,5,0,5,3.106553864500553e+16,11879671,28511210,25739286.83333333,28511210.0,28511210.0,28511210.0,2040287492.0,1.7751669645756163e+18,3.550336325823259e+17,4896689982.0,350411481098.0,840987554636.0,2,1,3,1.3333333333333333,1.0,1.0,1.0,2,3,2.5,2.5,2.25,2.75,"Hypergraph(num_v=12, num_e=6)",True,-100.0
3848,SNAP,wiki-tree02-augA1,rewr,100.0,80.7459728717804,1,6,5,0,5,3.106553864500553e+16,11879671,28511210,25739286.83333333,28511210.0,28511210.0,28511210.0,2040287492.0,1.7751669645756163e+18,3.550336325823259e+17,4896689982.0,350411481098.0,840987554636.0,2,1,3,1.3333333333333333,1.0,1.0,1.0,2,3,2.5,2.5,2.25,2.75,"Hypergraph(num_v=12, num_e=6)",False,-100.0
3849,SNAP,wiki-tree02-augA2,rewr,100.0,79.62498307228088,1,6,5,0,5,3.106553864500553e+16,11879671,28511210,25739286.83333333,28511210.0,28511210.0,28511210.0,2040287492.0,1.7751669645756163e+18,3.550336325823259e+17,4896689982.0,350411481098.0,840987554636.0,2,1,3,1.3333333333333333,1.0,1.0,1.0,2,3,2.5,2.5,2.25,2.75,"Hypergraph(num_v=12, num_e=6)",False,-100.0
3850,SNAP,wiki-tree02-augA3,rewr,100.0,78.57556748390198,1,6,5,0,5,3.106553864500553e+16,11879671,28511210,25739286.83333333,28511210.0,28511210.0,28511210.0,2040287492.0,1.7751669645756163e+18,3.550336325823259e+17,4896689982.0,350411481098.0,840987554636.0,2,1,3,1.3333333333333333,1.0,1.0,1.0,2,3,2.5,2.5,2.25,2.75,"Hypergraph(num_v=12, num_e=6)",False,-100.0
3851,SNAP,wiki-tree02-augA4,rewr,100.0,78.86362600326538,1,6,5,0,5,3.106553864500553e+16,11879671,28511210,25739286.83333333,28511210.0,28511210.0,28511210.0,2040287492.0,1.7751669645756163e+18,3.550336325823259e+17,4896689982.0,350411481098.0,840987554636.0,2,1,3,1.3333333333333333,1.0,1.0,1.0,2,3,2.5,2.5,2.25,2.75,"Hypergraph(num_v=12, num_e=6)",False,-100.0
3852,SNAP,wiki-tree02-augA5,rewr,100.0,78.52121949195862,1,6,5,0,5,3.106553864500553e+16,11879671,28511210,25739286.83333333,28511210.0,28511210.0,28511210.0,2040287492.0,1.7751669645756163e+18,3.550336325823259e+17,4896689982.0,350411481098.0,840987554636.0,2,1,3,1.3333333333333333,1.0,1.0,1.0,2,3,2.5,2.5,2.25,2.75,"Hypergraph(num_v=12, num_e=6)",False,-100.0
3861,JOB,2a,rewr,0.5329797267913818,0.4056317806243896,1,5,7,2,5,1657.91,1,410,84.0,1.0,1.0,7.0,8.0,221.0,67.25,8.0,20.0,79.25,3,1,3,1.1111111111111112,1.0,1.0,1.0,1,2,1.3333333333333333,1.0,1.0,1.5,"Hypergraph(num_v=30, num_e=5)",True,-0.12734794616699224
3862,JOB,2a-augA1,orig,0.5303370952606201,2.314444303512573,1,5,7,2,5,1657.62,1,410,84.0,1.0,1.0,7.0,8.0,221.0,67.25,8.0,20.0,79.25,3,1,3,1.1111111111111112,1.0,1.0,1.0,1,2,1.3333333333333333,1.0,1.0,1.5,"Hypergraph(num_v=30, num_e=5)",False,1.7841072082519527
3863,JOB,2a-augA2,rewr,0.5510962009429932,0.4880421161651611,1,5,7,2,5,1657.62,1,410,84.0,1.0,1.0,7.0,8.0,221.0,67.25,8.0,20.0,79.25,2,1,3,1.1111111111111112,1.0,1.0,1.0,1,3,2.0,2.0,1.5,2.5,"Hypergraph(num_v=30, num_e=5)",False,-0.06305408477783209
3864,JOB,2a-augA3,orig,0.5371088981628418,0.5895686149597168,1,5,7,2,5,1657.62,1,410,84.0,1.0,1.0,7.0,8.0,221.0,67.25,8.0,20.0,79.25,2,1,3,1.1111111111111112,1.0,1.0,1.0,1,3,2.0,2.0,1.5,2.5,"Hypergraph(num_v=30, num_e=5)",False,0.052459716796875
3865,JOB,2a-augA4,orig,0.5468294620513916,2.109370946884156,1,5,7,2,5,1657.62,1,410,84.0,1.0,1.0,7.0,8.0,221.0,67.25,8.0,20.0,79.25,2,1,3,1.1111111111111112,1.0,1.0,1.0,2,2,2.0,2.0,2.0,2.0,"Hypergraph(num_v=30, num_e=5)",False,1.5625414848327646
3866,JOB,2a-augF1,orig,0.0019288063049316406,0.3655667304992676,1,5,7,2,5,1657.91,1,410,84.0,1.0,1.0,7.0,8.0,221.0,67.25,8.0,20.0,79.25,3,1,3,1.1111111111111112,1.0,1.0,1.0,1,2,1.3333333333333333,1.0,1.0,1.5,"Hypergraph(num_v=30, num_e=5)",False,0.36363792419433594
3867,JOB,2a-augF1-augA1,orig,0.002577066421508789,2.1628670692443848,1,5,7,2,5,1657.62,1,410,84.0,1.0,1.0,7.0,8.0,221.0,67.25,8.0,20.0,79.25,3,1,3,1.1111111111111112,1.0,1.0,1.0,1,2,1.3333333333333333,1.0,1.0,1.5,"Hypergraph(num_v=30, num_e=5)",False,2.160290002822876
3868,JOB,2a-augF1-augA2,orig,0.0019762516021728516,0.3698806762695312,1,5,7,2,5,1657.62,1,410,84.0,1.0,1.0,7.0,8.0,221.0,67.25,8.0,20.0,79.25,2,1,3,1.1111111111111112,1.0,1.0,1.0,1,3,2.0,2.0,1.5,2.5,"Hypergraph(num_v=30, num_e=5)",False,0.36790442466735834
3869,JOB,2a-augF1-augA3,orig,0.0023670196533203125,2.049131155014038,1,5,7,2,5,1657.62,1,410,84.0,1.0,1.0,7.0,8.0,221.0,67.25,8.0,20.0,79.25,2,1,3,1.1111111111111112,1.0,1.0,1.0,1,3,2.0,2.0,1.5,2.5,"Hypergraph(num_v=30, num_e=5)",False,2.0467641353607178
3870,JOB,2a-augF1-augA4,orig,0.002538919448852539,2.0511486530303955,1,5,7,2,5,1657.62,1,410,84.0,1.0,1.0,7.0,8.0,221.0,67.25,8.0,20.0,79.25,2,1,3,1.1111111111111112,1.0,1.0,1.0,2,2,2.0,2.0,2.0,2.0,"Hypergraph(num_v=30, num_e=5)",False,2.048609733581543
3871,JOB,2a-augF2,orig,0.023578405380249023,0.2921812534332275,1,5,7,2,5,1657.91,1,410,84.0,1.0,1.0,7.0,8.0,221.0,67.25,8.0,20.0,79.25,3,1,3,1.1111111111111112,1.0,1.0,1.0,1,2,1.3333333333333333,1.0,1.0,1.5,"Hypergraph(num_v=30, num_e=5)",False,0.26860284805297846
3872,JOB,2a-augF2-augA1,orig,0.031781673431396484,2.1465909481048584,1,5,7,2,5,1657.62,1,410,84.0,1.0,1.0,7.0,8.0,221.0,67.25,8.0,20.0,79.25,3,1,3,1.1111111111111112,1.0,1.0,1.0,1,2,1.3333333333333333,1.0,1.0,1.5,"Hypergraph(num_v=30, num_e=5)",False,2.114809274673462
3873,JOB,2a-augF2-augA2,orig,0.03472781181335449,2.0529942512512207,1,5,7,2,5,1657.62,1,410,84.0,1.0,1.0,7.0,8.0,221.0,67.25,8.0,20.0,79.25,2,1,3,1.1111111111111112,1.0,1.0,1.0,2,2,2.0,2.0,2.0,2.0,"Hypergraph(num_v=30, num_e=5)",False,2.018266439437866
3874,JOB,2a-augF2-augA3,orig,0.028351783752441406,0.4853541851043701,1,5,7,2,5,1657.62,1,410,84.0,1.0,1.0,7.0,8.0,221.0,67.25,8.0,20.0,79.25,2,1,3,1.1111111111111112,1.0,1.0,1.0,1,3,2.0,2.0,1.5,2.5,"Hypergraph(num_v=30, num_e=5)",False,0.4570024013519287
3875,JOB,2a-augF2-augA4,orig,0.02454686164855957,0.366525650024414,1,5,7,2,5,1657.62,1,410,84.0,1.0,1.0,7.0,8.0,221.0,67.25,8.0,20.0,79.25,2,1,3,1.1111111111111112,1.0,1.0,1.0,1,3,2.0,2.0,1.5,2.5,"Hypergraph(num_v=30, num_e=5)",False,0.34197878837585444
3876,JOB,2b,rewr,0.5286831855773926,0.3434967994689941,1,5,7,2,5,1654.95,1,410,84.0,1.0,1.0,7.0,2.0,221.0,64.25,2.0,17.0,79.25,3,1,3,1.1111111111111112,1.0,1.0,1.0,1,2,1.3333333333333333,1.0,1.0,1.5,"Hypergraph(num_v=30, num_e=5)",True,-0.1851863861083985
3877,JOB,2b-augA1,rewr,0.5075461864471436,0.2511799335479736,1,5,7,2,5,1654.88,1,410,84.0,1.0,1.0,7.0,2.0,221.0,64.25,2.0,17.0,79.25,3,1,3,1.1111111111111112,1.0,1.0,1.0,1,2,1.3333333333333333,1.0,1.0,1.5,"Hypergraph(num_v=30, num_e=5)",False,-0.25636625289917
3878,JOB,2b-augA2,orig,0.536733865737915,1.7108361721038818,1,5,7,2,5,1654.88,1,410,84.0,1.0,1.0,7.0,2.0,221.0,64.25,2.0,17.0,79.25,2,1,3,1.1111111111111112,1.0,1.0,1.0,1,3,2.0,2.0,1.5,2.5,"Hypergraph(num_v=30, num_e=5)",False,1.1741023063659668
3879,JOB,2b-augA3,rewr,0.5220961570739746,0.3682901859283447,1,5,7,2,5,1654.88,1,410,84.0,1.0,1.0,7.0,2.0,221.0,64.25,2.0,17.0,79.25,2,1,3,1.1111111111111112,1.0,1.0,1.0,2,2,2.0,2.0,2.0,2.0,"Hypergraph(num_v=30, num_e=5)",False,-0.15380597114562988
3880,JOB,2b-augA4,rewr,0.5350053310394287,0.3825991153717041,1,5,7,2,5,1654.88,1,410,84.0,1.0,1.0,7.0,2.0,221.0,64.25,2.0,17.0,79.25,2,1,3,1.1111111111111112,1.0,1.0,1.0,1,3,2.0,2.0,1.5,2.5,"Hypergraph(num_v=30, num_e=5)",False,-0.1524062156677246
3881,JOB,2b-augF1,orig,0.001369476318359375,0.2594602108001709,1,5,7,2,5,1654.95,1,410,84.0,1.0,1.0,7.0,2.0,221.0,64.25,2.0,17.0,79.25,3,1,3,1.1111111111111112,1.0,1.0,1.0,1,2,1.3333333333333333,1.0,1.0,1.5,"Hypergraph(num_v=30, num_e=5)",False,0.2580907344818115
3882,JOB,2b-augF1-augA1,orig,0.0017504692077636719,2.13004207611084,1,5,7,2,5,1654.88,1,410,84.0,1.0,1.0,7.0,2.0,221.0,64.25,2.0,17.0,79.25,3,1,3,1.1111111111111112,1.0,1.0,1.0,1,2,1.3333333333333333,1.0,1.0,1.5,"Hypergraph(num_v=30, num_e=5)",False,2.128291606903076
3883,JOB,2b-augF1-augA2,orig,0.0013718605041503906,0.3765225410461426,1,5,7,2,5,1654.88,1,410,84.0,1.0,1.0,7.0,2.0,221.0,64.25,2.0,17.0,79.25,2,1,3,1.1111111111111112,1.0,1.0,1.0,2,2,2.0,2.0,2.0,2.0,"Hypergraph(num_v=30, num_e=5)",False,0.3751506805419922
3884,JOB,2b-augF1-augA3,orig,0.001421213150024414,0.3608179092407226,1,5,7,2,5,1654.88,1,410,84.0,1.0,1.0,7.0,2.0,221.0,64.25,2.0,17.0,79.25,2,1,3,1.1111111111111112,1.0,1.0,1.0,1,3,2.0,2.0,1.5,2.5,"Hypergraph(num_v=30, num_e=5)",False,0.3593966960906982
3885,JOB,2b-augF1-augA4,orig,0.001374959945678711,0.3751249313354492,1,5,7,2,5,1654.88,1,410,84.0,1.0,1.0,7.0,2.0,221.0,64.25,2.0,17.0,79.25,2,1,3,1.1111111111111112,1.0,1.0,1.0,2,2,2.0,2.0,2.0,2.0,"Hypergraph(num_v=30, num_e=5)",False,0.3737499713897705
3886,JOB,2b-augF2,orig,0.0010235309600830078,0.2576866149902344,1,5,7,2,5,1654.95,1,410,84.0,1.0,1.0,7.0,2.0,221.0,64.25,2.0,17.0,79.25,3,1,3,1.1111111111111112,1.0,1.0,1.0,1,2,1.3333333333333333,1.0,1.0,1.5,"Hypergraph(num_v=30, num_e=5)",False,0.25666308403015137
3887,JOB,2b-augF2-augA1,orig,0.0012133121490478516,2.122281312942505,1,5,7,2,5,1654.88,1,410,84.0,1.0,1.0,7.0,2.0,221.0,64.25,2.0,17.0,79.25,3,1,3,1.1111111111111112,1.0,1.0,1.0,1,2,1.3333333333333333,1.0,1.0,1.5,"Hypergraph(num_v=30, num_e=5)",False,2.121068000793457
3888,JOB,2b-augF2-augA2,orig,0.001146078109741211,1.7136714458465576,1,5,7,2,5,1654.88,1,410,84.0,1.0,1.0,7.0,2.0,221.0,64.25,2.0,17.0,79.25,2,1,3,1.1111111111111112,1.0,1.0,1.0,1,3,2.0,2.0,1.5,2.5,"Hypergraph(num_v=30, num_e=5)",False,1.7125253677368164
3889,JOB,2b-augF2-augA3,orig,0.0010421276092529297,0.2316503524780273,1,5,7,2,5,1654.88,1,410,84.0,1.0,1.0,7.0,2.0,221.0,64.25,2.0,17.0,79.25,2,1,3,1.1111111111111112,1.0,1.0,1.0,2,2,2.0,2.0,2.0,2.0,"Hypergraph(num_v=30, num_e=5)",False,0.23060822486877436
3890,JOB,2b-augF2-augA4,orig,0.0011610984802246094,1.7364213466644287,1,5,7,2,5,1654.88,1,410,84.0,1.0,1.0,7.0,2.0,221.0,64.25,2.0,17.0,79.25,2,1,3,1.1111111111111112,1.0,1.0,1.0,1,3,2.0,2.0,1.5,2.5,"Hypergraph(num_v=30, num_e=5)",False,1.735260248184204
3891,JOB,2c,rewr,0.5179529190063477,0.1231999397277832,1,5,7,2,5,1654.46,1,410,84.0,1.0,1.0,7.0,1.0,221.0,63.75,1.0,16.5,79.25,3,1,3,1.1111111111111112,1.0,1.0,1.0,1,2,1.3333333333333333,1.0,1.0,1.5,"Hypergraph(num_v=30, num_e=5)",True,-0.39475297927856445
3892,JOB,2c-augA1,orig,0.5184741020202637,2.3207449913024902,1,5,7,2,5,1654.42,1,410,84.0,1.0,1.0,7.0,1.0,221.0,63.75,1.0,16.5,79.25,3,1,3,1.1111111111111112,1.0,1.0,1.0,1,2,1.3333333333333333,1.0,1.0,1.5,"Hypergraph(num_v=30, num_e=5)",False,1.8022708892822266
3893,JOB,2c-augA2,rewr,0.5221569538116455,0.1528830528259277,1,5,7,2,5,1654.42,1,410,84.0,1.0,1.0,7.0,1.0,221.0,63.75,1.0,16.5,79.25,2,1,3,1.1111111111111112,1.0,1.0,1.0,1,3,2.0,2.0,1.5,2.5,"Hypergraph(num_v=30, num_e=5)",False,-0.3692739009857178
3894,JOB,2c-augA3,rewr,0.5195310115814209,0.1608974933624267,1,5,7,2,5,1654.42,1,410,84.0,1.0,1.0,7.0,1.0,221.0,63.75,1.0,16.5,79.25,2,1,3,1.1111111111111112,1.0,1.0,1.0,2,2,2.0,2.0,2.0,2.0,"Hypergraph(num_v=30, num_e=5)",False,-0.3586335182189942
3895,JOB,2c-augA4,orig,0.5291378498077393,1.487567663192749,1,5,7,2,5,1654.42,1,410,84.0,1.0,1.0,7.0,1.0,221.0,63.75,1.0,16.5,79.25,2,1,3,1.1111111111111112,1.0,1.0,1.0,1,3,2.0,2.0,1.5,2.5,"Hypergraph(num_v=30, num_e=5)",False,0.9584298133850098
3896,JOB,2c-augF1,orig,0.0010950565338134766,0.0292723178863525,1,5,7,2,5,1654.46,1,410,84.0,1.0,1.0,7.0,1.0,221.0,63.75,1.0,16.5,79.25,3,1,3,1.1111111111111112,1.0,1.0,1.0,1,2,1.3333333333333333,1.0,1.0,1.5,"Hypergraph(num_v=30, num_e=5)",False,0.028177261352539024
3897,JOB,2c-augF1-augA1,orig,0.0014390945434570312,2.12231969833374,1,5,7,2,5,1654.42,1,410,84.0,1.0,1.0,7.0,1.0,221.0,63.75,1.0,16.5,79.25,3,1,3,1.1111111111111112,1.0,1.0,1.0,1,2,1.3333333333333333,1.0,1.0,1.5,"Hypergraph(num_v=30, num_e=5)",False,2.1208806037902828
3898,JOB,2c-augF1-augA2,orig,0.0011360645294189453,0.0326960086822509,1,5,7,2,5,1654.42,1,410,84.0,1.0,1.0,7.0,1.0,221.0,63.75,1.0,16.5,79.25,2,1,3,1.1111111111111112,1.0,1.0,1.0,2,2,2.0,2.0,2.0,2.0,"Hypergraph(num_v=30, num_e=5)",False,0.031559944152831955
3899,JOB,2c-augF1-augA3,orig,0.001096963882446289,0.0296554565429687,1,5,7,2,5,1654.42,1,410,84.0,1.0,1.0,7.0,1.0,221.0,63.75,1.0,16.5,79.25,2,1,3,1.1111111111111112,1.0,1.0,1.0,1,3,2.0,2.0,1.5,2.5,"Hypergraph(num_v=30, num_e=5)",False,0.028558492660522412
3900,JOB,2c-augF1-augA4,orig,0.0011336803436279297,0.0300018787384033,1,5,7,2,5,1654.42,1,410,84.0,1.0,1.0,7.0,1.0,221.0,63.75,1.0,16.5,79.25,2,1,3,1.1111111111111112,1.0,1.0,1.0,2,2,2.0,2.0,2.0,2.0,"Hypergraph(num_v=30, num_e=5)",False,0.02886819839477537
3901,JOB,2c-augF2,orig,0.0010395050048828125,0.0323014259338378,1,5,7,2,5,1654.46,1,410,84.0,1.0,1.0,7.0,1.0,221.0,63.75,1.0,16.5,79.25,3,1,3,1.1111111111111112,1.0,1.0,1.0,1,2,1.3333333333333333,1.0,1.0,1.5,"Hypergraph(num_v=30, num_e=5)",False,0.03126192092895499
3902,JOB,2c-augF2-augA1,orig,0.001112222671508789,0.0106456279754638,1,5,7,2,5,1654.42,1,410,84.0,1.0,1.0,7.0,1.0,221.0,63.75,1.0,16.5,79.25,3,1,3,1.1111111111111112,1.0,1.0,1.0,1,2,1.3333333333333333,1.0,1.0,1.5,"Hypergraph(num_v=30, num_e=5)",False,0.00953340530395501
3903,JOB,2c-augF2-augA2,orig,0.0014271736145019531,1.5026562213897705,1,5,7,2,5,1654.42,1,410,84.0,1.0,1.0,7.0,1.0,221.0,63.75,1.0,16.5,79.25,2,1,3,1.1111111111111112,1.0,1.0,1.0,1,3,2.0,2.0,1.5,2.5,"Hypergraph(num_v=30, num_e=5)",False,1.5012290477752686
3904,JOB,2c-augF2-augA3,orig,0.0011794567108154297,0.0295166969299316,1,5,7,2,5,1654.42,1,410,84.0,1.0,1.0,7.0,1.0,221.0,63.75,1.0,16.5,79.25,2,1,3,1.1111111111111112,1.0,1.0,1.0,2,2,2.0,2.0,2.0,2.0,"Hypergraph(num_v=30, num_e=5)",False,0.02833724021911617
3905,JOB,2c-augF2-augA4,orig,0.001519918441772461,2.030667304992676,1,5,7,2,5,1654.42,1,410,84.0,1.0,1.0,7.0,1.0,221.0,63.75,1.0,16.5,79.25,2,1,3,1.1111111111111112,1.0,1.0,1.0,2,2,2.0,2.0,2.0,2.0,"Hypergraph(num_v=30, num_e=5)",False,2.0291473865509033
3906,JOB,2d,orig,0.26073551177978516,3.2084403038024902,1,5,7,2,5,1670.03,1,410,84.0,1.0,1.0,7.0,32.0,221.0,92.25,32.0,58.0,118.25,3,1,3,1.1111111111111112,1.0,1.0,1.0,1,2,1.3333333333333333,1.0,1.0,1.5,"Hypergraph(num_v=30, num_e=5)",True,2.947704792022705
3907,JOB,2d-augA1,orig,0.22775959968566895,0.2561306953430176,1,5,7,2,5,1669.21,1,410,84.0,1.0,1.0,7.0,32.0,221.0,92.25,32.0,58.0,118.25,3,1,3,1.1111111111111112,1.0,1.0,1.0,1,2,1.3333333333333333,1.0,1.0,1.5,"Hypergraph(num_v=30, num_e=5)",False,0.028371095657348633
3908,JOB,2d-augA2,orig,0.24761295318603516,4.586822748184204,1,5,7,2,5,1669.21,1,410,84.0,1.0,1.0,7.0,32.0,221.0,92.25,32.0,58.0,118.25,2,1,3,1.1111111111111112,1.0,1.0,1.0,1,3,2.0,2.0,1.5,2.5,"Hypergraph(num_v=30, num_e=5)",False,4.339209794998169
3909,JOB,2d-augA3,orig,0.23683524131774902,2.919372797012329,1,5,7,2,5,1669.21,1,410,84.0,1.0,1.0,7.0,32.0,221.0,92.25,32.0,58.0,118.25,2,1,3,1.1111111111111112,1.0,1.0,1.0,1,3,2.0,2.0,1.5,2.5,"Hypergraph(num_v=30, num_e=5)",False,2.68253755569458
3910,JOB,2d-augA4,orig,0.24353241920471191,3.2085392475128174,1,5,7,2,5,1669.21,1,410,84.0,1.0,1.0,7.0,32.0,221.0,92.25,32.0,58.0,118.25,2,1,3,1.1111111111111112,1.0,1.0,1.0,1,3,2.0,2.0,1.5,2.5,"Hypergraph(num_v=30, num_e=5)",False,2.9650068283081055
3911,JOB,2d-augF1,orig,0.001049041748046875,1.7683358192443848,1,5,7,2,5,1670.03,1,410,84.0,1.0,1.0,7.0,32.0,221.0,92.25,32.0,58.0,118.25,3,1,3,1.1111111111111112,1.0,1.0,1.0,1,2,1.3333333333333333,1.0,1.0,1.5,"Hypergraph(num_v=30, num_e=5)",False,1.767286777496338
3912,JOB,2d-augF1-augA1,orig,0.0012063980102539062,2.120500326156616,1,5,7,2,5,1669.21,1,410,84.0,1.0,1.0,7.0,32.0,221.0,92.25,32.0,58.0,118.25,3,1,3,1.1111111111111112,1.0,1.0,1.0,1,2,1.3333333333333333,1.0,1.0,1.5,"Hypergraph(num_v=30, num_e=5)",False,2.1192939281463623
3913,JOB,2d-augF1-augA2,orig,0.00128173828125,3.5473639965057373,1,5,7,2,5,1669.21,1,410,84.0,1.0,1.0,7.0,32.0,221.0,92.25,32.0,58.0,118.25,2,1,3,1.1111111111111112,1.0,1.0,1.0,2,2,2.0,2.0,2.0,2.0,"Hypergraph(num_v=30, num_e=5)",False,3.5460822582244873
3914,JOB,2d-augF1-augA3,orig,0.0010900497436523438,3.814438819885254,1,5,7,2,5,1669.21,1,410,84.0,1.0,1.0,7.0,32.0,221.0,92.25,32.0,58.0,118.25,2,1,3,1.1111111111111112,1.0,1.0,1.0,1,3,2.0,2.0,1.5,2.5,"Hypergraph(num_v=30, num_e=5)",False,3.8133487701416016
3915,JOB,2d-augF1-augA4,orig,0.001238107681274414,4.54381275177002,1,5,7,2,5,1669.21,1,410,84.0,1.0,1.0,7.0,32.0,221.0,92.25,32.0,58.0,118.25,2,1,3,1.1111111111111112,1.0,1.0,1.0,1,3,2.0,2.0,1.5,2.5,"Hypergraph(num_v=30, num_e=5)",False,4.542574644088746
3916,JOB,2d-augF2,orig,0.0010554790496826172,1.7445151805877686,1,5,7,2,5,1670.03,1,410,84.0,1.0,1.0,7.0,32.0,221.0,92.25,32.0,58.0,118.25,3,1,3,1.1111111111111112,1.0,1.0,1.0,1,2,1.3333333333333333,1.0,1.0,1.5,"Hypergraph(num_v=30, num_e=5)",False,1.743459701538086
3917,JOB,2d-augF2-augA1,orig,0.001249074935913086,1.4838039875030518,1,5,7,2,5,1669.21,1,410,84.0,1.0,1.0,7.0,32.0,221.0,92.25,32.0,58.0,118.25,3,1,3,1.1111111111111112,1.0,1.0,1.0,1,2,1.3333333333333333,1.0,1.0,1.5,"Hypergraph(num_v=30, num_e=5)",False,1.4825549125671387
3918,JOB,2d-augF2-augA2,orig,0.0012323856353759766,4.543692588806152,1,5,7,2,5,1669.21,1,410,84.0,1.0,1.0,7.0,32.0,221.0,92.25,32.0,58.0,118.25,2,1,3,1.1111111111111112,1.0,1.0,1.0,1,3,2.0,2.0,1.5,2.5,"Hypergraph(num_v=30, num_e=5)",False,4.542460203170776
3919,JOB,2d-augF2-augA3,orig,0.0011281967163085938,3.865967035293579,1,5,7,2,5,1669.21,1,410,84.0,1.0,1.0,7.0,32.0,221.0,92.25,32.0,58.0,118.25,2,1,3,1.1111111111111112,1.0,1.0,1.0,1,3,2.0,2.0,1.5,2.5,"Hypergraph(num_v=30, num_e=5)",False,3.8648388385772705
3920,JOB,2d-augF2-augA4,orig,0.0012578964233398438,3.558499574661255,1,5,7,2,5,1669.21,1,410,84.0,1.0,1.0,7.0,32.0,221.0,92.25,32.0,58.0,118.25,2,1,3,1.1111111111111112,1.0,1.0,1.0,2,2,2.0,2.0,2.0,2.0,"Hypergraph(num_v=30, num_e=5)",False,3.557241678237915
3921,JOB,3a,orig,0.06412267684936523,3.301518678665161,1,4,7,3,4,24543.17,1,410,106.5,1.0,7.5,113.0,89.0,446.0,260.3333333333333,167.5,246.0,346.0,2,1,3,1.15,1.0,1.0,1.0,1,2,1.5,1.5,1.25,1.75,"Hypergraph(num_v=23, num_e=4)",True,3.237396001815796
3922,JOB,3a-augA1,orig,0.059714555740356445,1.409271478652954,1,4,7,3,4,24543.17,1,410,106.5,1.0,7.5,113.0,89.0,446.0,260.3333333333333,167.5,246.0,346.0,1,1,3,1.15,1.0,1.0,1.0,3,3,3.0,3.0,3.0,3.0,"Hypergraph(num_v=23, num_e=4)",False,1.3495569229125977
3923,JOB,3a-augA2,orig,0.05744218826293945,1.4059224128723145,1,4,7,3,4,24543.17,1,410,106.5,1.0,7.5,113.0,89.0,446.0,260.3333333333333,167.5,246.0,346.0,2,1,3,1.15,1.0,1.0,1.0,1,2,1.5,1.5,1.25,1.75,"Hypergraph(num_v=23, num_e=4)",False,1.348480224609375
3924,JOB,3a-augA3,orig,0.06156754493713379,3.643034934997559,1,4,7,3,4,24543.17,1,410,106.5,1.0,7.5,113.0,89.0,446.0,260.3333333333333,167.5,246.0,346.0,1,1,3,1.15,1.0,1.0,1.0,3,3,3.0,3.0,3.0,3.0,"Hypergraph(num_v=23, num_e=4)",False,3.5814673900604252
3925,JOB,3a-augF1,orig,0.06338715553283691,3.252577781677246,1,4,7,3,4,24443.89,1,410,106.5,1.0,7.5,113.0,73.0,446.0,240.0,137.0,201.0,323.5,2,1,3,1.15,1.0,1.0,1.0,1,2,1.5,1.5,1.25,1.75,"Hypergraph(num_v=23, num_e=4)",False,3.189190626144409
3926,JOB,3a-augF1-augA1,orig,0.05833840370178223,1.3273165225982666,1,4,7,3,4,24443.89,1,410,106.5,1.0,7.5,113.0,73.0,446.0,240.0,137.0,201.0,323.5,1,1,3,1.15,1.0,1.0,1.0,3,3,3.0,3.0,3.0,3.0,"Hypergraph(num_v=23, num_e=4)",False,1.2689781188964844
3927,JOB,3a-augF1-augA2,orig,0.05758237838745117,1.327249526977539,1,4,7,3,4,24443.89,1,410,106.5,1.0,7.5,113.0,73.0,446.0,240.0,137.0,201.0,323.5,2,1,3,1.15,1.0,1.0,1.0,1,2,1.5,1.5,1.25,1.75,"Hypergraph(num_v=23, num_e=4)",False,1.269667148590088
3928,JOB,3a-augF1-augA3,orig,0.059589385986328125,3.629178524017334,1,4,7,3,4,24443.89,1,410,106.5,1.0,7.5,113.0,73.0,446.0,240.0,137.0,201.0,323.5,1,1,3,1.15,1.0,1.0,1.0,3,3,3.0,3.0,3.0,3.0,"Hypergraph(num_v=23, num_e=4)",False,3.569589138031006
3929,JOB,3a-augF2,orig,0.046976566314697266,1.3695108890533447,1,4,7,3,4,24455.4,1,410,106.5,1.0,7.5,113.0,35.0,446.0,242.3333333333333,140.5,246.0,346.0,2,1,3,1.15,1.0,1.0,1.0,1,2,1.5,1.5,1.25,1.75,"Hypergraph(num_v=23, num_e=4)",False,1.3225343227386475
3930,JOB,3a-augF2-augA1,orig,0.052442312240600586,2.0023715496063232,1,4,7,3,4,24455.4,1,410,106.5,1.0,7.5,113.0,35.0,446.0,242.3333333333333,140.5,246.0,346.0,1,1,3,1.15,1.0,1.0,1.0,3,3,3.0,3.0,3.0,3.0,"Hypergraph(num_v=23, num_e=4)",False,1.9499292373657227
3931,JOB,3a-augF2-augA2,orig,0.05889773368835449,1.4060041904449463,1,4,7,3,4,24455.4,1,410,106.5,1.0,7.5,113.0,35.0,446.0,242.3333333333333,140.5,246.0,346.0,2,1,3,1.15,1.0,1.0,1.0,1,2,1.5,1.5,1.25,1.75,"Hypergraph(num_v=23, num_e=4)",False,1.3471064567565918
3932,JOB,3a-augF2-augA3,orig,0.047330379486083984,1.371288537979126,1,4,7,3,4,24455.4,1,410,106.5,1.0,7.5,113.0,35.0,446.0,242.3333333333333,140.5,246.0,346.0,1,1,3,1.15,1.0,1.0,1.0,3,3,3.0,3.0,3.0,3.0,"Hypergraph(num_v=23, num_e=4)",False,1.323958158493042
3933,JOB,3b,orig,0.045027971267700195,0.8692021369934082,1,4,7,3,4,24297.31,1,410,106.5,1.0,7.5,113.0,1.0,446.0,204.66666666666663,84.0,167.0,306.5,2,1,3,1.15,1.0,1.0,1.0,1,2,1.5,1.5,1.25,1.75,"Hypergraph(num_v=23, num_e=4)",True,0.824174165725708
3934,JOB,3b-augA1,orig,0.04435276985168457,0.8698203563690186,1,4,7,3,4,24297.31,1,410,106.5,1.0,7.5,113.0,1.0,446.0,204.66666666666663,84.0,167.0,306.5,1,1,3,1.15,1.0,1.0,1.0,3,3,3.0,3.0,3.0,3.0,"Hypergraph(num_v=23, num_e=4)",False,0.825467586517334
3935,JOB,3b-augA2,orig,0.0572357177734375,0.518660306930542,1,4,7,3,4,24297.31,1,410,106.5,1.0,7.5,113.0,1.0,446.0,204.66666666666663,84.0,167.0,306.5,2,1,3,1.15,1.0,1.0,1.0,1,2,1.5,1.5,1.25,1.75,"Hypergraph(num_v=23, num_e=4)",False,0.4614245891571045
3936,JOB,3b-augA3,orig,0.045154571533203125,0.8665885925292969,1,4,7,3,4,24297.31,1,410,106.5,1.0,7.5,113.0,1.0,446.0,204.66666666666663,84.0,167.0,306.5,1,1,3,1.15,1.0,1.0,1.0,3,3,3.0,3.0,3.0,3.0,"Hypergraph(num_v=23, num_e=4)",False,0.8214340209960938
3937,JOB,3b-augF1,orig,0.06013607978820801,0.8746337890625,1,4,7,3,4,24523.12,1,410,106.5,1.0,7.5,113.0,1.0,446.0,247.0,147.5,294.0,370.0,2,1,3,1.15,1.0,1.0,1.0,1,2,1.5,1.5,1.25,1.75,"Hypergraph(num_v=23, num_e=4)",False,0.814497709274292
3938,JOB,3b-augF1-augA1,orig,0.06721282005310059,2.5992772579193115,1,4,7,3,4,24523.12,1,410,106.5,1.0,7.5,113.0,1.0,446.0,247.0,147.5,294.0,370.0,1,1,3,1.15,1.0,1.0,1.0,3,3,3.0,3.0,3.0,3.0,"Hypergraph(num_v=23, num_e=4)",False,2.532064437866211
3939,JOB,3b-augF1-augA2,orig,0.06429743766784668,0.3452961444854736,1,4,7,3,4,24523.12,1,410,106.5,1.0,7.5,113.0,1.0,446.0,247.0,147.5,294.0,370.0,2,1,3,1.15,1.0,1.0,1.0,1,2,1.5,1.5,1.25,1.75,"Hypergraph(num_v=23, num_e=4)",False,0.2809987068176269
3940,JOB,3b-augF1-augA3,orig,0.06735634803771973,2.3171002864837646,1,4,7,3,4,24523.12,1,410,106.5,1.0,7.5,113.0,1.0,446.0,247.0,147.5,294.0,370.0,1,1,3,1.15,1.0,1.0,1.0,3,3,3.0,3.0,3.0,3.0,"Hypergraph(num_v=23, num_e=4)",False,2.249743938446045
3941,JOB,3b-augF2,orig,0.08560800552368164,0.8739328384399414,1,4,7,3,4,24297.31,1,410,106.5,1.0,7.5,113.0,1.0,446.0,204.66666666666663,84.0,167.0,306.5,2,1,3,1.15,1.0,1.0,1.0,1,2,1.5,1.5,1.25,1.75,"Hypergraph(num_v=23, num_e=4)",False,0.7883248329162598
3942,JOB,3b-augF2-augA1,orig,0.0873253345489502,1.3400025367736816,1,4,7,3,4,24297.31,1,410,106.5,1.0,7.5,113.0,1.0,446.0,204.66666666666663,84.0,167.0,306.5,1,1,3,1.15,1.0,1.0,1.0,3,3,3.0,3.0,3.0,3.0,"Hypergraph(num_v=23, num_e=4)",False,1.2526772022247314
3943,JOB,3b-augF2-augA2,orig,0.08364415168762207,1.253833532333374,1,4,7,3,4,24297.31,1,410,106.5,1.0,7.5,113.0,1.0,446.0,204.66666666666663,84.0,167.0,306.5,2,1,3,1.15,1.0,1.0,1.0,1,2,1.5,1.5,1.25,1.75,"Hypergraph(num_v=23, num_e=4)",False,1.170189380645752
3944,JOB,3b-augF2-augA3,orig,0.07801985740661621,0.8766324520111084,1,4,7,3,4,24297.31,1,410,106.5,1.0,7.5,113.0,1.0,446.0,204.66666666666663,84.0,167.0,306.5,1,1,3,1.15,1.0,1.0,1.0,3,3,3.0,3.0,3.0,3.0,"Hypergraph(num_v=23, num_e=4)",False,0.7986125946044922
3945,JOB,3c,orig,0.07695889472961426,0.3779871463775635,1,4,7,3,4,24671.69,1,410,106.75,1.75,8.0,113.0,342.0,659.0,482.3333333333333,394.0,446.0,552.5,2,1,3,1.15,1.0,1.0,1.0,1,2,1.5,1.5,1.25,1.75,"Hypergraph(num_v=23, num_e=4)",True,0.3010282516479492
3946,JOB,3c-augA1,orig,0.0750436782836914,0.3594105243682861,1,4,7,3,4,24671.69,1,410,106.75,1.75,8.0,113.0,342.0,659.0,482.3333333333333,394.0,446.0,552.5,1,1,3,1.15,1.0,1.0,1.0,3,3,3.0,3.0,3.0,3.0,"Hypergraph(num_v=23, num_e=4)",False,0.28436684608459467
3947,JOB,3c-augA2,orig,0.07300901412963867,1.632197618484497,1,4,7,3,4,24671.69,1,410,106.75,1.75,8.0,113.0,342.0,659.0,482.3333333333333,394.0,446.0,552.5,2,1,3,1.15,1.0,1.0,1.0,1,2,1.5,1.5,1.25,1.75,"Hypergraph(num_v=23, num_e=4)",False,1.5591886043548584
3948,JOB,3c-augA3,orig,0.07598638534545898,0.3618221282958984,1,4,7,3,4,24671.69,1,410,106.75,1.75,8.0,113.0,342.0,659.0,482.3333333333333,394.0,446.0,552.5,1,1,3,1.15,1.0,1.0,1.0,3,3,3.0,3.0,3.0,3.0,"Hypergraph(num_v=23, num_e=4)",False,0.2858357429504394
3949,JOB,3c-augF1,orig,0.3226432800292969,5.42400598526001,1,4,7,3,4,24671.69,1,410,106.75,1.75,8.0,113.0,342.0,659.0,482.3333333333333,394.0,446.0,552.5,2,1,3,1.15,1.0,1.0,1.0,1,2,1.5,1.5,1.25,1.75,"Hypergraph(num_v=23, num_e=4)",False,5.101362705230713
3950,JOB,3c-augF1-augA1,orig,0.32535767555236816,7.544888973236084,1,4,7,3,4,24671.69,1,410,106.75,1.75,8.0,113.0,342.0,659.0,482.3333333333333,394.0,446.0,552.5,1,1,3,1.15,1.0,1.0,1.0,3,3,3.0,3.0,3.0,3.0,"Hypergraph(num_v=23, num_e=4)",False,7.219531297683716
3951,JOB,3c-augF1-augA2,orig,0.327897310256958,0.5957159996032715,1,4,7,3,4,24671.69,1,410,106.75,1.75,8.0,113.0,342.0,659.0,482.3333333333333,394.0,446.0,552.5,2,1,3,1.15,1.0,1.0,1.0,1,2,1.5,1.5,1.25,1.75,"Hypergraph(num_v=23, num_e=4)",False,0.2678186893463135
3952,JOB,3c-augF1-augA3,orig,0.3323099613189697,7.566734790802002,1,4,7,3,4,24671.69,1,410,106.75,1.75,8.0,113.0,342.0,659.0,482.3333333333333,394.0,446.0,552.5,1,1,3,1.15,1.0,1.0,1.0,3,3,3.0,3.0,3.0,3.0,"Hypergraph(num_v=23, num_e=4)",False,7.234424829483032
3953,JOB,3c-augF2,orig,0.07722687721252441,4.853997707366943,1,4,7,3,4,24614.09,1,410,106.75,1.75,8.0,113.0,342.0,534.0,440.6666666666667,394.0,446.0,490.0,2,1,3,1.15,1.0,1.0,1.0,1,2,1.5,1.5,1.25,1.75,"Hypergraph(num_v=23, num_e=4)",False,4.776770830154419
3954,JOB,3c-augF2-augA1,orig,0.07848906517028809,4.849407911300659,1,4,7,3,4,24614.09,1,410,106.75,1.75,8.0,113.0,342.0,534.0,440.6666666666667,394.0,446.0,490.0,1,1,3,1.15,1.0,1.0,1.0,3,3,3.0,3.0,3.0,3.0,"Hypergraph(num_v=23, num_e=4)",False,4.770918846130371
3955,JOB,3c-augF2-augA2,orig,0.07177042961120605,1.6303646564483645,1,4,7,3,4,24614.09,1,410,106.75,1.75,8.0,113.0,342.0,534.0,440.6666666666667,394.0,446.0,490.0,2,1,3,1.15,1.0,1.0,1.0,1,2,1.5,1.5,1.25,1.75,"Hypergraph(num_v=23, num_e=4)",False,1.5585942268371584
3956,JOB,3c-augF2-augA3,orig,0.06453108787536621,1.2280166149139404,1,4,7,3,4,24614.09,1,410,106.75,1.75,8.0,113.0,342.0,534.0,440.6666666666667,394.0,446.0,490.0,1,1,3,1.15,1.0,1.0,1.0,3,3,3.0,3.0,3.0,3.0,"Hypergraph(num_v=23, num_e=4)",False,1.1634855270385742
3957,JOB,5a,orig,0.21528005599975586,2.5622215270996094,1,5,10,5,5,68077.43,1,493,99.4,1.0,1.0,1.0,18.0,123.0,56.75,18.0,43.0,81.75,3,1,3,1.1304347826086956,1.0,1.0,1.0,1,2,1.3333333333333333,1.0,1.0,1.5,"Hypergraph(num_v=26, num_e=5)",True,2.3469414710998535
3958,JOB,5a-augA1,orig,0.21641111373901367,2.578707456588745,1,5,10,5,5,68077.43,1,493,99.4,1.0,1.0,1.0,18.0,123.0,56.75,18.0,43.0,81.75,2,1,3,1.1304347826086956,1.0,1.0,1.0,1,3,2.0,2.0,1.5,2.5,"Hypergraph(num_v=26, num_e=5)",False,2.3622963428497314
3959,JOB,5a-augA2,orig,0.2159740924835205,2.354642391204834,1,5,10,5,5,68077.43,1,493,99.4,1.0,1.0,1.0,18.0,123.0,56.75,18.0,43.0,81.75,2,1,3,1.1304347826086956,1.0,1.0,1.0,2,2,2.0,2.0,2.0,2.0,"Hypergraph(num_v=26, num_e=5)",False,2.1386682987213135
3960,JOB,5a-augA3,orig,0.21604180335998535,2.357653379440308,1,5,10,5,5,68077.43,1,493,99.4,1.0,1.0,1.0,18.0,123.0,56.75,18.0,43.0,81.75,2,1,3,1.1304347826086956,1.0,1.0,1.0,1,3,2.0,2.0,1.5,2.5,"Hypergraph(num_v=26, num_e=5)",False,2.1416115760803227
3961,JOB,5a-augA4,orig,0.21665430068969727,2.570039749145508,1,5,10,5,5,68077.43,1,493,99.4,1.0,1.0,1.0,18.0,123.0,56.75,18.0,43.0,81.75,2,1,3,1.1304347826086956,1.0,1.0,1.0,2,2,2.0,2.0,2.0,2.0,"Hypergraph(num_v=26, num_e=5)",False,2.3533854484558105
3962,JOB,5a-augF1,orig,0.21656370162963867,2.560155153274536,1,5,10,5,5,68031.95,1,493,99.4,1.0,1.0,1.0,12.0,123.0,48.25,12.0,29.0,65.25,3,1,3,1.1304347826086956,1.0,1.0,1.0,1,2,1.3333333333333333,1.0,1.0,1.5,"Hypergraph(num_v=26, num_e=5)",False,2.3435914516448975
3963,JOB,5a-augF1-augA1,orig,0.2167351245880127,2.4845080375671387,1,5,10,5,5,68031.95,1,493,99.4,1.0,1.0,1.0,12.0,123.0,48.25,12.0,29.0,65.25,2,1,3,1.1304347826086956,1.0,1.0,1.0,2,2,2.0,2.0,2.0,2.0,"Hypergraph(num_v=26, num_e=5)",False,2.267772912979126
3964,JOB,5a-augF1-augA2,orig,0.21744966506958008,2.5863308906555176,1,5,10,5,5,68031.95,1,493,99.4,1.0,1.0,1.0,12.0,123.0,48.25,12.0,29.0,65.25,2,1,3,1.1304347826086956,1.0,1.0,1.0,2,2,2.0,2.0,2.0,2.0,"Hypergraph(num_v=26, num_e=5)",False,2.3688812255859375
3965,JOB,5a-augF1-augA3,orig,0.21989679336547852,2.5628647804260254,1,5,10,5,5,68031.95,1,493,99.4,1.0,1.0,1.0,12.0,123.0,48.25,12.0,29.0,65.25,2,1,3,1.1304347826086956,1.0,1.0,1.0,1,3,2.0,2.0,1.5,2.5,"Hypergraph(num_v=26, num_e=5)",False,2.342967987060547
3966,JOB,5a-augF1-augA4,orig,0.21606755256652832,2.393690824508667,1,5,10,5,5,68031.95,1,493,99.4,1.0,1.0,1.0,12.0,123.0,48.25,12.0,29.0,65.25,2,1,3,1.1304347826086956,1.0,1.0,1.0,2,2,2.0,2.0,2.0,2.0,"Hypergraph(num_v=26, num_e=5)",False,2.1776232719421387
3967,JOB,5a-augF2,orig,0.22072362899780273,2.589831590652466,1,5,10,5,5,69117.88,1,944,212.0,1.0,1.0,113.0,35.0,236.0,109.0,35.0,82.5,156.5,3,1,3,1.1304347826086956,1.0,1.0,1.0,1,2,1.3333333333333333,1.0,1.0,1.5,"Hypergraph(num_v=26, num_e=5)",False,2.369107961654663
3968,JOB,5a-augF2-augA1,orig,0.2205038070678711,2.548755168914795,1,5,10,5,5,69117.88,1,944,212.0,1.0,1.0,113.0,35.0,236.0,109.0,35.0,82.5,156.5,2,1,3,1.1304347826086956,1.0,1.0,1.0,2,2,2.0,2.0,2.0,2.0,"Hypergraph(num_v=26, num_e=5)",False,2.328251361846924
3969,JOB,5a-augF2-augA2,orig,0.2201380729675293,3.0016801357269287,1,5,10,5,5,69117.88,1,944,212.0,1.0,1.0,113.0,35.0,236.0,109.0,35.0,82.5,156.5,2,1,3,1.1304347826086956,1.0,1.0,1.0,1,3,2.0,2.0,1.5,2.5,"Hypergraph(num_v=26, num_e=5)",False,2.7815420627593994
3970,JOB,5a-augF2-augA3,orig,0.22014546394348145,2.556919574737549,1,5,10,5,5,69117.88,1,944,212.0,1.0,1.0,113.0,35.0,236.0,109.0,35.0,82.5,156.5,2,1,3,1.1304347826086956,1.0,1.0,1.0,1,3,2.0,2.0,1.5,2.5,"Hypergraph(num_v=26, num_e=5)",False,2.3367741107940674
3971,JOB,5a-augF2-augA4,orig,0.2211322784423828,2.534902572631836,1,5,10,5,5,69117.88,1,944,212.0,1.0,1.0,113.0,35.0,236.0,109.0,35.0,82.5,156.5,2,1,3,1.1304347826086956,1.0,1.0,1.0,1,3,2.0,2.0,1.5,2.5,"Hypergraph(num_v=26, num_e=5)",False,2.313770294189453
3972,JOB,5b,orig,0.20633625984191895,1.5033166408538818,1,5,11,6,5,72091.68,1,19,4.8,1.0,1.0,2.0,2.0,5.0,2.75,2.0,2.0,2.75,3,1,3,1.1304347826086956,1.0,1.0,1.0,1,2,1.3333333333333333,1.0,1.0,1.5,"Hypergraph(num_v=26, num_e=5)",True,1.296980381011963
3973,JOB,5b-augA1,orig,0.2130286693572998,1.5003888607025146,1,5,11,6,5,72091.68,1,19,4.8,1.0,1.0,2.0,2.0,5.0,2.75,2.0,2.0,2.75,2,1,3,1.1304347826086956,1.0,1.0,1.0,1,3,2.0,2.0,1.5,2.5,"Hypergraph(num_v=26, num_e=5)",False,1.2873601913452148
3974,JOB,5b-augA2,orig,0.20689797401428223,1.6811554431915283,1,5,11,6,5,72091.68,1,19,4.8,1.0,1.0,2.0,2.0,5.0,2.75,2.0,2.0,2.75,2,1,3,1.1304347826086956,1.0,1.0,1.0,1,3,2.0,2.0,1.5,2.5,"Hypergraph(num_v=26, num_e=5)",False,1.474257469177246
3975,JOB,5b-augA3,orig,0.21054482460021973,1.5010130405426023,1,5,11,6,5,72091.68,1,19,4.8,1.0,1.0,2.0,2.0,5.0,2.75,2.0,2.0,2.75,2,1,3,1.1304347826086956,1.0,1.0,1.0,1,3,2.0,2.0,1.5,2.5,"Hypergraph(num_v=26, num_e=5)",False,1.2904682159423826
3976,JOB,5b-augA4,orig,0.20745158195495605,1.5219461917877195,1,5,11,6,5,72091.68,1,19,4.8,1.0,1.0,2.0,2.0,5.0,2.75,2.0,2.0,2.75,2,1,3,1.1304347826086956,1.0,1.0,1.0,2,2,2.0,2.0,2.0,2.0,"Hypergraph(num_v=26, num_e=5)",False,1.3144946098327634
3977,JOB,5b-augF1,orig,0.20673060417175293,1.5483942031860352,1,5,11,6,5,72100.15,1,22,5.4,1.0,1.0,2.0,2.0,6.0,3.0,2.0,2.0,3.0,3,1,3,1.1304347826086956,1.0,1.0,1.0,1,2,1.3333333333333333,1.0,1.0,1.5,"Hypergraph(num_v=26, num_e=5)",False,1.3416635990142822
3978,JOB,5b-augF1-augA1,orig,0.21929645538330078,1.4860448837280271,1,5,11,6,5,72100.15,1,22,5.4,1.0,1.0,2.0,2.0,6.0,3.0,2.0,2.0,3.0,2,1,3,1.1304347826086956,1.0,1.0,1.0,1,3,2.0,2.0,1.5,2.5,"Hypergraph(num_v=26, num_e=5)",False,1.2667484283447263
3979,JOB,5b-augF1-augA2,orig,0.2055835723876953,1.674100637435913,1,5,11,6,5,72100.15,1,22,5.4,1.0,1.0,2.0,2.0,6.0,3.0,2.0,2.0,3.0,2,1,3,1.1304347826086956,1.0,1.0,1.0,1,3,2.0,2.0,1.5,2.5,"Hypergraph(num_v=26, num_e=5)",False,1.4685170650482178
3980,JOB,5b-augF1-augA3,orig,0.21083784103393555,1.6271922588348389,1,5,11,6,5,72100.15,1,22,5.4,1.0,1.0,2.0,2.0,6.0,3.0,2.0,2.0,3.0,2,1,3,1.1304347826086956,1.0,1.0,1.0,1,3,2.0,2.0,1.5,2.5,"Hypergraph(num_v=26, num_e=5)",False,1.4163544178009033
3981,JOB,5b-augF1-augA4,orig,0.20758509635925293,1.8734986782073968,1,5,11,6,5,72100.15,1,22,5.4,1.0,1.0,2.0,2.0,6.0,3.0,2.0,2.0,3.0,2,1,3,1.1304347826086956,1.0,1.0,1.0,1,3,2.0,2.0,1.5,2.5,"Hypergraph(num_v=26, num_e=5)",False,1.6659135818481439
3982,JOB,5b-augF2,orig,0.2057666778564453,1.0536627769470217,1,5,11,6,5,72091.4,1,19,4.6,1.0,1.0,1.0,1.0,5.0,2.25,1.0,1.5,2.75,3,1,3,1.1304347826086956,1.0,1.0,1.0,1,2,1.3333333333333333,1.0,1.0,1.5,"Hypergraph(num_v=26, num_e=5)",False,0.8478960990905764
3983,JOB,5b-augF2-augA1,orig,0.20673561096191406,1.0548102855682373,1,5,11,6,5,72091.4,1,19,4.6,1.0,1.0,1.0,1.0,5.0,2.25,1.0,1.5,2.75,2,1,3,1.1304347826086956,1.0,1.0,1.0,1,3,2.0,2.0,1.5,2.5,"Hypergraph(num_v=26, num_e=5)",False,0.8480746746063232
3984,JOB,5b-augF2-augA2,orig,0.20731163024902344,1.0522537231445312,1,5,11,6,5,72091.4,1,19,4.6,1.0,1.0,1.0,1.0,5.0,2.25,1.0,1.5,2.75,2,1,3,1.1304347826086956,1.0,1.0,1.0,1,3,2.0,2.0,1.5,2.5,"Hypergraph(num_v=26, num_e=5)",False,0.8449420928955078
3985,JOB,5b-augF2-augA3,orig,0.20731067657470703,1.057386875152588,1,5,11,6,5,72091.4,1,19,4.6,1.0,1.0,1.0,1.0,5.0,2.25,1.0,1.5,2.75,2,1,3,1.1304347826086956,1.0,1.0,1.0,2,2,2.0,2.0,2.0,2.0,"Hypergraph(num_v=26, num_e=5)",False,0.8500761985778809
3986,JOB,5b-augF2-augA4,orig,0.20494937896728516,1.0547804832458496,1,5,11,6,5,72091.4,1,19,4.6,1.0,1.0,1.0,1.0,5.0,2.25,1.0,1.5,2.75,2,1,3,1.1304347826086956,1.0,1.0,1.0,2,2,2.0,2.0,2.0,2.0,"Hypergraph(num_v=26, num_e=5)",False,0.8498311042785645
3987,JOB,5c,orig,0.28604793548583984,2.900583028793335,1,5,10,5,5,145425.47,1,96912,19405.8,1.0,2.0,113.0,18592.0,26207.0,23808.5,22819.0,25217.5,26207.0,3,1,3,1.1304347826086956,1.0,1.0,1.0,1,2,1.3333333333333333,1.0,1.0,1.5,"Hypergraph(num_v=26, num_e=5)",True,2.614535093307495
3988,JOB,5c-augA1,orig,0.2563481330871582,2.486579179763794,1,5,10,5,5,145425.47,1,96912,19405.8,1.0,2.0,113.0,18592.0,26207.0,23808.5,22819.0,25217.5,26207.0,2,1,3,1.1304347826086956,1.0,1.0,1.0,2,2,2.0,2.0,2.0,2.0,"Hypergraph(num_v=26, num_e=5)",False,2.2302310466766357
3989,JOB,5c-augA2,orig,0.2558431625366211,2.344670534133911,1,5,10,5,5,145425.47,1,96912,19405.8,1.0,2.0,113.0,18592.0,26207.0,23808.5,22819.0,25217.5,26207.0,2,1,3,1.1304347826086956,1.0,1.0,1.0,1,3,2.0,2.0,1.5,2.5,"Hypergraph(num_v=26, num_e=5)",False,2.08882737159729
3990,JOB,5c-augA3,orig,0.2562429904937744,2.3791208267211914,1,5,10,5,5,145425.47,1,96912,19405.8,1.0,2.0,113.0,18592.0,26207.0,23808.5,22819.0,25217.5,26207.0,2,1,3,1.1304347826086956,1.0,1.0,1.0,2,2,2.0,2.0,2.0,2.0,"Hypergraph(num_v=26, num_e=5)",False,2.122877836227417
3991,JOB,5c-augA4,orig,0.2546200752258301,2.292622804641724,1,5,10,5,5,145425.47,1,96912,19405.8,1.0,2.0,113.0,18592.0,26207.0,23808.5,22819.0,25217.5,26207.0,2,1,3,1.1304347826086956,1.0,1.0,1.0,2,2,2.0,2.0,2.0,2.0,"Hypergraph(num_v=26, num_e=5)",False,2.038002729415894
3992,JOB,5c-augF1,orig,0.289259672164917,1.5157742500305176,1,5,10,5,5,141988.68,1,96912,19405.6,1.0,1.0,113.0,36.0,24228.0,10723.0,36.0,9314.0,20001.0,3,1,3,1.1304347826086956,1.0,1.0,1.0,1,2,1.3333333333333333,1.0,1.0,1.5,"Hypergraph(num_v=26, num_e=5)",False,1.2265145778656006
3993,JOB,5c-augF1-augA1,orig,0.2568647861480713,1.37223219871521,1,5,10,5,5,141988.68,1,96912,19405.6,1.0,1.0,113.0,36.0,24228.0,10723.0,36.0,9314.0,20001.0,2,1,3,1.1304347826086956,1.0,1.0,1.0,2,2,2.0,2.0,2.0,2.0,"Hypergraph(num_v=26, num_e=5)",False,1.1153674125671387
3994,JOB,5c-augF1-augA2,orig,0.2584652900695801,1.8499250411987305,1,5,10,5,5,141988.68,1,96912,19405.6,1.0,1.0,113.0,36.0,24228.0,10723.0,36.0,9314.0,20001.0,2,1,3,1.1304347826086956,1.0,1.0,1.0,2,2,2.0,2.0,2.0,2.0,"Hypergraph(num_v=26, num_e=5)",False,1.5914597511291504
3995,JOB,5c-augF1-augA3,orig,0.2551381587982178,1.3638105392456057,1,5,10,5,5,141988.68,1,96912,19405.6,1.0,1.0,113.0,36.0,24228.0,10723.0,36.0,9314.0,20001.0,2,1,3,1.1304347826086956,1.0,1.0,1.0,1,3,2.0,2.0,1.5,2.5,"Hypergraph(num_v=26, num_e=5)",False,1.108672380447388
3996,JOB,5c-augF1-augA4,orig,0.25710272789001465,1.35961651802063,1,5,10,5,5,141988.68,1,96912,19405.6,1.0,1.0,113.0,36.0,24228.0,10723.0,36.0,9314.0,20001.0,2,1,3,1.1304347826086956,1.0,1.0,1.0,2,2,2.0,2.0,2.0,2.0,"Hypergraph(num_v=26, num_e=5)",False,1.1025137901306155
3997,JOB,5c-augF2,orig,0.2849457263946533,1.9148647785186768,1,5,10,5,5,167414.09,1,135864,27196.2,1.0,2.0,113.0,26065.0,36739.0,33377.25,31990.75,35352.5,36739.0,3,1,3,1.1304347826086956,1.0,1.0,1.0,1,2,1.3333333333333333,1.0,1.0,1.5,"Hypergraph(num_v=26, num_e=5)",False,1.6299190521240234
3998,JOB,5c-augF2-augA1,orig,0.29950475692749023,3.6008102893829346,1,5,10,5,5,167414.09,1,135864,27196.2,1.0,2.0,113.0,26065.0,36739.0,33377.25,31990.75,35352.5,36739.0,2,1,3,1.1304347826086956,1.0,1.0,1.0,1,3,2.0,2.0,1.5,2.5,"Hypergraph(num_v=26, num_e=5)",False,3.3013055324554443
3999,JOB,5c-augF2-augA2,orig,0.30599164962768555,2.2648794651031494,1,5,10,5,5,167414.09,1,135864,27196.2,1.0,2.0,113.0,26065.0,36739.0,33377.25,31990.75,35352.5,36739.0,2,1,3,1.1304347826086956,1.0,1.0,1.0,1,3,2.0,2.0,1.5,2.5,"Hypergraph(num_v=26, num_e=5)",False,1.9588878154754639
4000,JOB,5c-augF2-augA3,orig,0.31589555740356445,2.683281421661377,1,5,10,5,5,167414.09,1,135864,27196.2,1.0,2.0,113.0,26065.0,36739.0,33377.25,31990.75,35352.5,36739.0,2,1,3,1.1304347826086956,1.0,1.0,1.0,2,2,2.0,2.0,2.0,2.0,"Hypergraph(num_v=26, num_e=5)",False,2.3673858642578125
4001,JOB,5c-augF2-augA4,orig,0.2979257106781006,2.6421148777008057,1,5,10,5,5,167414.09,1,135864,27196.2,1.0,2.0,113.0,26065.0,36739.0,33377.25,31990.75,35352.5,36739.0,2,1,3,1.1304347826086956,1.0,1.0,1.0,1,3,2.0,2.0,1.5,2.5,"Hypergraph(num_v=26, num_e=5)",False,2.344189167022705
4002,JOB,17d,orig,8.29122257232666,72.20369482040405,1,7,11,2,9,5558.77,1,410,65.42857142857143,1.0,1.0,22.0,1.0,1155.0,198.5,1.0,1.0,24.25,3,1,4,1.0952380952380951,1.0,1.0,1.0,1,2,1.5,1.5,1.0,2.0,"Hypergraph(num_v=46, num_e=7)",True,63.91247224807739
4003,JOB,17d-augA1,rewr,100.0,9.556659460067747,1,7,11,2,9,5558.77,1,410,65.42857142857143,1.0,1.0,22.0,1.0,1155.0,198.5,1.0,1.0,24.25,3,1,4,1.0952380952380951,1.0,1.0,1.0,2,2,2.0,2.0,2.0,2.0,"Hypergraph(num_v=46, num_e=7)",False,-100.0
4004,JOB,17d-augA2,orig,8.705922365188599,45.990248918533325,1,7,11,2,9,5559.6,1,410,65.42857142857143,1.0,1.0,22.0,1.0,1155.0,198.5,1.0,1.0,24.25,4,1,4,1.0952380952380951,1.0,1.0,1.0,1,3,1.5,1.0,1.0,1.5,"Hypergraph(num_v=46, num_e=7)",False,37.28432655334473
4005,JOB,17d-augA3,rewr,8.790815353393555,4.749046325683594,1,7,11,2,9,5558.77,1,410,65.42857142857143,1.0,1.0,22.0,1.0,1155.0,198.5,1.0,1.0,24.25,3,1,4,1.0952380952380951,1.0,1.0,1.0,1,3,2.0,2.0,1.5,2.5,"Hypergraph(num_v=46, num_e=7)",False,-4.041769027709961
4006,JOB,17d-augA4,rewr,8.322489738464355,4.296070098876953,1,7,11,2,9,5558.77,1,410,65.42857142857143,1.0,1.0,22.0,1.0,1155.0,198.5,1.0,1.0,24.25,3,1,4,1.0952380952380951,1.0,1.0,1.0,1,3,2.0,2.0,1.5,2.5,"Hypergraph(num_v=46, num_e=7)",False,-4.026419639587402
4007,JOB,17d-augA5,rewr,8.72742772102356,5.983423471450806,1,7,11,2,9,5558.77,1,410,65.42857142857143,1.0,1.0,22.0,1.0,1155.0,198.5,1.0,1.0,24.25,3,1,4,1.0952380952380951,1.0,1.0,1.0,2,2,2.0,2.0,2.0,2.0,"Hypergraph(num_v=46, num_e=7)",False,-2.744004249572754
4008,JOB,17d-augA6,rewr,8.263393640518188,7.430510520935059,1,7,11,2,9,5559.64,1,410,65.42857142857143,1.0,1.0,22.0,1.0,1155.0,198.5,1.0,1.0,24.25,3,1,4,1.0952380952380951,1.0,1.0,1.0,1,3,1.5,1.0,1.0,1.5,"Hypergraph(num_v=46, num_e=7)",False,-0.8328831195831299
4009,JOB,17d-augF1,orig,8.792150259017944,10.43265700340271,1,7,11,2,9,5690.36,1,410,65.42857142857143,1.0,1.0,22.0,12.0,1155.0,212.8333333333333,17.0,32.5,33.0,3,1,4,1.0952380952380951,1.0,1.0,1.0,1,2,1.5,1.5,1.0,2.0,"Hypergraph(num_v=46, num_e=7)",False,1.6405067443847656
4010,JOB,17d-augF1-augA1,orig,8.853744745254517,11.928260326385498,1,7,11,2,9,5690.36,1,410,65.42857142857143,1.0,1.0,22.0,12.0,1155.0,212.8333333333333,17.0,32.5,33.0,3,1,4,1.0952380952380951,1.0,1.0,1.0,2,2,2.0,2.0,2.0,2.0,"Hypergraph(num_v=46, num_e=7)",False,3.0745155811309814
4011,JOB,17d-augF1-augA2,rewr,8.47232985496521,4.270227670669556,1,7,11,2,9,5717.66,1,410,65.42857142857143,1.0,1.0,22.0,12.0,1155.0,212.8333333333333,17.0,32.5,33.0,4,1,4,1.0952380952380951,1.0,1.0,1.0,1,2,1.5,1.5,1.0,2.0,"Hypergraph(num_v=46, num_e=7)",False,-4.202102184295654
4012,JOB,17d-augF1-augA3,orig,8.474462509155273,52.84820199012756,1,7,11,2,9,5690.36,1,410,65.42857142857143,1.0,1.0,22.0,12.0,1155.0,212.8333333333333,17.0,32.5,33.0,2,1,4,1.0952380952380951,1.0,1.0,1.0,1,3,2.0,2.0,1.5,2.5,"Hypergraph(num_v=46, num_e=7)",False,44.37373948097229
4013,JOB,17d-augF1-augA4,orig,8.419201374053955,8.450384616851807,1,7,11,2,9,5690.36,1,410,65.42857142857143,1.0,1.0,22.0,12.0,1155.0,212.8333333333333,17.0,32.5,33.0,3,1,4,1.0952380952380951,1.0,1.0,1.0,1,3,2.0,2.0,1.5,2.5,"Hypergraph(num_v=46, num_e=7)",False,0.031183242797851562
4014,JOB,17d-augF1-augA5,orig,8.763402938842773,9.074887990951538,1,7,11,2,9,5690.36,1,410,65.42857142857143,1.0,1.0,22.0,12.0,1155.0,212.8333333333333,17.0,32.5,33.0,3,1,4,1.0952380952380951,1.0,1.0,1.0,2,2,2.0,2.0,2.0,2.0,"Hypergraph(num_v=46, num_e=7)",False,0.31148505210876465
4015,JOB,17d-augF1-augA6,rewr,8.406494617462158,7.629047155380249,1,7,11,2,9,5700.77,1,410,65.42857142857143,1.0,1.0,22.0,12.0,1155.0,212.8333333333333,17.0,32.5,33.0,4,1,4,1.0952380952380951,1.0,1.0,1.0,1,2,1.5,1.5,1.0,2.0,"Hypergraph(num_v=46, num_e=7)",False,-0.7774474620819092
4016,JOB,17d-augF2,orig,0.0048906803131103516,51.083513498306274,1,7,11,2,9,5558.77,1,410,65.42857142857143,1.0,1.0,22.0,1.0,1155.0,198.5,1.0,1.0,24.25,4,1,4,1.0952380952380951,1.0,1.0,1.0,1,2,1.5,1.5,1.0,2.0,"Hypergraph(num_v=46, num_e=7)",False,51.078622817993164
4017,JOB,17d-augF2-augA1,orig,0.007062435150146484,4.442245960235596,1,7,11,2,9,5558.77,1,410,65.42857142857143,1.0,1.0,22.0,1.0,1155.0,198.5,1.0,1.0,24.25,3,1,4,1.0952380952380951,1.0,1.0,1.0,1,3,2.0,2.0,1.5,2.5,"Hypergraph(num_v=46, num_e=7)",False,4.435183525085449
4018,JOB,17d-augF2-augA2,orig,0.007575273513793945,0.7137696743011475,1,7,11,2,9,5559.6,1,410,65.42857142857143,1.0,1.0,22.0,1.0,1155.0,198.5,1.0,1.0,24.25,3,1,4,1.0952380952380951,1.0,1.0,1.0,1,2,1.5,1.5,1.0,2.0,"Hypergraph(num_v=46, num_e=7)",False,0.7061944007873535
4019,JOB,17d-augF2-augA3,orig,0.005020618438720703,7.417397499084473,1,7,11,2,9,5558.77,1,410,65.42857142857143,1.0,1.0,22.0,1.0,1155.0,198.5,1.0,1.0,24.25,3,1,4,1.0952380952380951,1.0,1.0,1.0,1,3,2.0,2.0,1.5,2.5,"Hypergraph(num_v=46, num_e=7)",False,7.412376880645752
4020,JOB,17d-augF2-augA4,orig,0.0047190189361572266,3.8251025676727295,1,7,11,2,9,5558.77,1,410,65.42857142857143,1.0,1.0,22.0,1.0,1155.0,198.5,1.0,1.0,24.25,3,1,4,1.0952380952380951,1.0,1.0,1.0,2,2,2.0,2.0,2.0,2.0,"Hypergraph(num_v=46, num_e=7)",False,3.8203835487365723
4021,JOB,17d-augF2-augA5,orig,0.0047321319580078125,9.433368921279907,1,7,11,2,9,5558.77,1,410,65.42857142857143,1.0,1.0,22.0,1.0,1155.0,198.5,1.0,1.0,24.25,3,1,4,1.0952380952380951,1.0,1.0,1.0,2,2,2.0,2.0,2.0,2.0,"Hypergraph(num_v=46, num_e=7)",False,9.4286367893219
4022,JOB,17d-augF2-augA6,orig,0.004745006561279297,4.340342283248901,1,7,11,2,9,5559.64,1,410,65.42857142857143,1.0,1.0,22.0,1.0,1155.0,198.5,1.0,1.0,24.25,3,1,4,1.0952380952380951,1.0,1.0,1.0,1,3,1.5,1.0,1.0,1.5,"Hypergraph(num_v=46, num_e=7)",False,4.335597276687622
4023,JOB,17e,orig,2.457934856414795,4.258347988128662,1,7,11,2,9,8799.56,1,410,65.42857142857143,1.0,1.0,22.0,32.0,1263.0,482.5,45.0,152.5,1002.5,4,1,4,1.0952380952380951,1.0,1.0,1.0,1,3,1.5,1.0,1.0,1.5,"Hypergraph(num_v=46, num_e=7)",True,1.8004131317138672
4024,JOB,17e-augA1,orig,2.0277199745178223,54.68558478355408,1,7,11,2,9,7652.12,1,410,65.42857142857143,1.0,1.0,22.0,32.0,1263.0,482.5,45.0,152.5,1002.5,3,1,4,1.0952380952380951,1.0,1.0,1.0,1,3,2.0,2.0,1.5,2.5,"Hypergraph(num_v=46, num_e=7)",False,52.657864809036255
4025,JOB,17e-augA2,orig,2.074343681335449,86.08929133415222,1,7,11,2,9,7652.12,1,410,65.42857142857143,1.0,1.0,22.0,32.0,1263.0,482.5,45.0,152.5,1002.5,4,1,4,1.0952380952380951,1.0,1.0,1.0,1,3,1.5,1.0,1.0,1.5,"Hypergraph(num_v=46, num_e=7)",False,84.01494765281677
4029,JOB,17e-augA6,orig,2.1127560138702393,89.55866980552673,1,7,11,2,9,7680.26,1,410,65.42857142857143,1.0,1.0,22.0,32.0,1263.0,482.5,45.0,152.5,1002.5,4,1,4,1.0952380952380951,1.0,1.0,1.0,1,2,1.5,1.5,1.0,2.0,"Hypergraph(num_v=46, num_e=7)",False,87.4459137916565
4030,JOB,17e-augF1,orig,0.5717191696166992,2.404855251312256,1,7,11,2,9,2297.96,1,410,65.42857142857143,1.0,1.0,22.0,1.0,221.0,47.16666666666666,4.25,14.0,27.5,3,1,4,1.0952380952380951,1.0,1.0,1.0,1,2,1.5,1.5,1.0,2.0,"Hypergraph(num_v=46, num_e=7)",False,1.8331360816955566
4031,JOB,17e-augF1-augA1,orig,0.5582246780395508,56.84370851516724,1,7,11,2,9,2285.24,1,410,65.42857142857143,1.0,1.0,22.0,1.0,221.0,47.16666666666666,4.25,14.0,27.5,2,1,4,1.0952380952380951,1.0,1.0,1.0,1,3,2.0,2.0,1.5,2.5,"Hypergraph(num_v=46, num_e=7)",False,56.28548383712769
4032,JOB,17e-augF1-augA2,orig,0.5556061267852783,84.44349098205566,1,7,11,2,9,2285.24,1,410,65.42857142857143,1.0,1.0,22.0,1.0,221.0,47.16666666666666,4.25,14.0,27.5,4,1,4,1.0952380952380951,1.0,1.0,1.0,1,3,1.5,1.0,1.0,1.5,"Hypergraph(num_v=46, num_e=7)",False,83.88788485527039
4033,JOB,17e-augF1-augA3,orig,0.5715446472167969,58.372926235198975,1,7,11,2,9,2285.24,1,410,65.42857142857143,1.0,1.0,22.0,1.0,221.0,47.16666666666666,4.25,14.0,27.5,3,1,4,1.0952380952380951,1.0,1.0,1.0,1,3,2.0,2.0,1.5,2.5,"Hypergraph(num_v=46, num_e=7)",False,57.80138158798218
4034,JOB,17e-augF1-augA4,orig,0.5674660205841064,59.91409683227539,1,7,11,2,9,2285.24,1,410,65.42857142857143,1.0,1.0,22.0,1.0,221.0,47.16666666666666,4.25,14.0,27.5,3,1,4,1.0952380952380951,1.0,1.0,1.0,1,3,2.0,2.0,1.5,2.5,"Hypergraph(num_v=46, num_e=7)",False,59.346630811691284
4036,JOB,17e-augF1-augA6,orig,0.5688779354095459,56.22273111343384,1,7,11,2,9,2286.12,1,410,65.42857142857143,1.0,1.0,22.0,1.0,221.0,47.16666666666666,4.25,14.0,27.5,4,1,4,1.0952380952380951,1.0,1.0,1.0,1,2,1.5,1.5,1.0,2.0,"Hypergraph(num_v=46, num_e=7)",False,55.65385317802429
4037,JOB,17e-augF2,orig,0.03728771209716797,49.10324668884277,1,7,11,2,9,8799.56,1,410,65.42857142857143,1.0,1.0,22.0,32.0,1263.0,482.5,45.0,152.5,1002.5,4,1,4,1.0952380952380951,1.0,1.0,1.0,1,2,1.5,1.5,1.0,2.0,"Hypergraph(num_v=46, num_e=7)",False,49.065958976745605
4038,JOB,17e-augF2-augA1,orig,0.046495676040649414,55.78633761405945,1,7,11,2,9,7652.12,1,410,65.42857142857143,1.0,1.0,22.0,32.0,1263.0,482.5,45.0,152.5,1002.5,3,1,4,1.0952380952380951,1.0,1.0,1.0,1,3,2.0,2.0,1.5,2.5,"Hypergraph(num_v=46, num_e=7)",False,55.7398419380188
4039,JOB,17e-augF2-augA2,orig,0.03456902503967285,56.14360237121582,1,7,11,2,9,7652.12,1,410,65.42857142857143,1.0,1.0,22.0,32.0,1263.0,482.5,45.0,152.5,1002.5,4,1,4,1.0952380952380951,1.0,1.0,1.0,1,2,1.5,1.5,1.0,2.0,"Hypergraph(num_v=46, num_e=7)",False,56.10903334617615
4041,JOB,17e-augF2-augA4,orig,0.05204629898071289,59.34559679031372,1,7,11,2,9,7652.12,1,410,65.42857142857143,1.0,1.0,22.0,32.0,1263.0,482.5,45.0,152.5,1002.5,3,1,4,1.0952380952380951,1.0,1.0,1.0,1,3,2.0,2.0,1.5,2.5,"Hypergraph(num_v=46, num_e=7)",False,59.29355049133301
4042,JOB,17e-augF2-augA5,orig,0.04698920249938965,90.23242807388306,1,7,11,2,9,7652.12,1,410,65.42857142857143,1.0,1.0,22.0,32.0,1263.0,482.5,45.0,152.5,1002.5,3,1,4,1.0952380952380951,1.0,1.0,1.0,1,3,2.0,2.0,1.5,2.5,"Hypergraph(num_v=46, num_e=7)",False,90.18543887138367
4043,JOB,17e-augF2-augA6,orig,0.03571963310241699,57.12663531303406,1,7,11,2,9,7680.26,1,410,65.42857142857143,1.0,1.0,22.0,32.0,1263.0,482.5,45.0,152.5,1002.5,4,1,4,1.0952380952380951,1.0,1.0,1.0,1,2,1.5,1.5,1.0,2.0,"Hypergraph(num_v=46, num_e=7)",False,57.09091567993164
4044,JOB,17f,orig,2.404592752456665,9.238384246826172,1,7,11,2,9,7571.5,1,410,65.42857142857143,1.0,1.0,22.0,32.0,1155.0,412.0,70.75,360.0,533.0,4,1,4,1.0952380952380951,1.0,1.0,1.0,1,3,1.5,1.0,1.0,1.5,"Hypergraph(num_v=46, num_e=7)",True,6.833791494369507
4045,JOB,17f-augA1,orig,2.523289442062378,14.076211929321287,1,7,11,2,9,7571.5,1,410,65.42857142857143,1.0,1.0,22.0,32.0,1155.0,412.0,70.75,360.0,533.0,3,1,4,1.0952380952380951,1.0,1.0,1.0,2,2,2.0,2.0,2.0,2.0,"Hypergraph(num_v=46, num_e=7)",False,11.55292248725891
4046,JOB,17f-augA2,orig,2.451681613922119,15.968195915222168,1,7,11,2,9,8012.49,1,410,65.42857142857143,1.0,1.0,22.0,32.0,1155.0,412.0,70.75,360.0,533.0,4,1,4,1.0952380952380951,1.0,1.0,1.0,1,3,1.5,1.0,1.0,1.5,"Hypergraph(num_v=46, num_e=7)",False,13.516514301300049
4047,JOB,17f-augA3,orig,2.5279736518859863,26.106140613555908,1,7,11,2,9,7571.5,1,410,65.42857142857143,1.0,1.0,22.0,32.0,1155.0,412.0,70.75,360.0,533.0,3,1,4,1.0952380952380951,1.0,1.0,1.0,1,3,2.0,2.0,1.5,2.5,"Hypergraph(num_v=46, num_e=7)",False,23.578166961669922
4048,JOB,17f-augA4,orig,2.51524019241333,16.79669976234436,1,7,11,2,9,7571.5,1,410,65.42857142857143,1.0,1.0,22.0,32.0,1155.0,412.0,70.75,360.0,533.0,3,1,4,1.0952380952380951,1.0,1.0,1.0,1,3,2.0,2.0,1.5,2.5,"Hypergraph(num_v=46, num_e=7)",False,14.28145956993103
4049,JOB,17f-augA5,orig,2.457564353942871,59.70185136795044,1,7,11,2,9,7571.5,1,410,65.42857142857143,1.0,1.0,22.0,32.0,1155.0,412.0,70.75,360.0,533.0,3,1,4,1.0952380952380951,1.0,1.0,1.0,2,2,2.0,2.0,2.0,2.0,"Hypergraph(num_v=46, num_e=7)",False,57.24428701400757
4050,JOB,17f-augA6,orig,2.58807110786438,24.80498504638672,1,7,11,2,9,7599.64,1,410,65.42857142857143,1.0,1.0,22.0,32.0,1155.0,412.0,70.75,360.0,533.0,4,1,4,1.0952380952380951,1.0,1.0,1.0,1,2,1.5,1.5,1.0,2.0,"Hypergraph(num_v=46, num_e=7)",False,22.21691393852234
4051,JOB,17f-augF1,orig,2.4222373962402344,9.337298154830933,1,7,11,2,9,6949.18,1,410,65.42857142857143,1.0,1.0,22.0,32.0,1155.0,346.5,56.0,247.0,366.0,4,1,4,1.0952380952380951,1.0,1.0,1.0,1,3,1.5,1.0,1.0,1.5,"Hypergraph(num_v=46, num_e=7)",False,6.915060758590698
4052,JOB,17f-augF1-augA1,orig,2.4322011470794678,16.345131874084473,1,7,11,2,9,6949.18,1,410,65.42857142857143,1.0,1.0,22.0,32.0,1155.0,346.5,56.0,247.0,366.0,2,1,4,1.0952380952380951,1.0,1.0,1.0,1,3,2.0,2.0,1.5,2.5,"Hypergraph(num_v=46, num_e=7)",False,13.912930727005005
4053,JOB,17f-augF1-augA2,orig,2.383977174758911,10.655605792999268,1,7,11,2,9,7251.99,1,410,65.42857142857143,1.0,1.0,22.0,32.0,1155.0,346.5,56.0,247.0,366.0,4,1,4,1.0952380952380951,1.0,1.0,1.0,1,2,1.5,1.5,1.0,2.0,"Hypergraph(num_v=46, num_e=7)",False,8.271628618240356
4054,JOB,17f-augF1-augA3,orig,2.4513537883758545,20.81797790527344,1,7,11,2,9,6949.18,1,410,65.42857142857143,1.0,1.0,22.0,32.0,1155.0,346.5,56.0,247.0,366.0,2,1,4,1.0952380952380951,1.0,1.0,1.0,1,4,2.0,1.0,1.0,2.5,"Hypergraph(num_v=46, num_e=7)",False,18.366624116897587
4055,JOB,17f-augF1-augA4,orig,2.4431815147399902,14.393479585647585,1,7,11,2,9,6949.18,1,410,65.42857142857143,1.0,1.0,22.0,32.0,1155.0,346.5,56.0,247.0,366.0,3,1,4,1.0952380952380951,1.0,1.0,1.0,2,2,2.0,2.0,2.0,2.0,"Hypergraph(num_v=46, num_e=7)",False,11.950298070907595
4056,JOB,17f-augF1-augA5,orig,2.3641974925994873,23.233381748199463,1,7,11,2,9,6949.18,1,410,65.42857142857143,1.0,1.0,22.0,32.0,1155.0,346.5,56.0,247.0,366.0,3,1,4,1.0952380952380951,1.0,1.0,1.0,1,3,2.0,2.0,1.5,2.5,"Hypergraph(num_v=46, num_e=7)",False,20.869184255599976
4057,JOB,17f-augF1-augA6,orig,2.353585720062256,13.55862522125244,1,7,11,2,9,6977.31,1,410,65.42857142857143,1.0,1.0,22.0,32.0,1155.0,346.5,56.0,247.0,366.0,4,1,4,1.0952380952380951,1.0,1.0,1.0,1,2,1.5,1.5,1.0,2.0,"Hypergraph(num_v=46, num_e=7)",False,11.205039501190184
4058,JOB,17f-augF2,orig,0.0029549598693847656,3.533243179321289,1,7,11,2,9,7571.5,1,410,65.42857142857143,1.0,1.0,22.0,32.0,1155.0,412.0,70.75,360.0,533.0,4,1,4,1.0952380952380951,1.0,1.0,1.0,1,2,1.5,1.5,1.0,2.0,"Hypergraph(num_v=46, num_e=7)",False,3.5302882194519043
4059,JOB,17f-augF2-augA1,orig,0.0030128955841064453,22.19721007347107,1,7,11,2,9,7571.5,1,410,65.42857142857143,1.0,1.0,22.0,32.0,1155.0,412.0,70.75,360.0,533.0,3,1,4,1.0952380952380951,1.0,1.0,1.0,1,3,2.0,2.0,1.5,2.5,"Hypergraph(num_v=46, num_e=7)",False,22.194197177886963
4060,JOB,17f-augF2-augA2,orig,0.003377676010131836,61.01292872428894,1,7,11,2,9,8012.49,1,410,65.42857142857143,1.0,1.0,22.0,32.0,1155.0,412.0,70.75,360.0,533.0,3,1,4,1.0952380952380951,1.0,1.0,1.0,1,2,1.5,1.5,1.0,2.0,"Hypergraph(num_v=46, num_e=7)",False,61.00955104827881
4061,JOB,17f-augF2-augA3,orig,0.003570556640625,17.053802013397217,1,7,11,2,9,7571.5,1,410,65.42857142857143,1.0,1.0,22.0,32.0,1155.0,412.0,70.75,360.0,533.0,2,1,4,1.0952380952380951,1.0,1.0,1.0,1,3,2.0,2.0,1.5,2.5,"Hypergraph(num_v=46, num_e=7)",False,17.050231456756592
4062,JOB,17f-augF2-augA4,orig,0.003022432327270508,57.182615995407104,1,7,11,2,9,7571.5,1,410,65.42857142857143,1.0,1.0,22.0,32.0,1155.0,412.0,70.75,360.0,533.0,3,1,4,1.0952380952380951,1.0,1.0,1.0,2,2,2.0,2.0,2.0,2.0,"Hypergraph(num_v=46, num_e=7)",False,57.179593563079834
4063,JOB,17f-augF2-augA5,orig,0.0036461353302001953,13.500490427017212,1,7,11,2,9,7571.5,1,410,65.42857142857143,1.0,1.0,22.0,32.0,1155.0,412.0,70.75,360.0,533.0,2,1,4,1.0952380952380951,1.0,1.0,1.0,1,3,2.0,2.0,1.5,2.5,"Hypergraph(num_v=46, num_e=7)",False,13.496844291687012
4064,JOB,17f-augF2-augA6,orig,0.003036975860595703,24.54182505607605,1,7,11,2,9,7599.64,1,410,65.42857142857143,1.0,1.0,22.0,32.0,1155.0,412.0,70.75,360.0,533.0,4,1,4,1.0952380952380951,1.0,1.0,1.0,1,2,1.5,1.5,1.0,2.0,"Hypergraph(num_v=46, num_e=7)",False,24.538788080215454
4065,JOB,20a,orig,0.3979480266571045,7.179293632507324,1,10,19,7,12,12676.51,1,410,46.3,1.0,1.0,6.5,1.0,253.0,61.888888888888886,2.0,7.0,29.0,3,1,4,1.0851063829787233,1.0,1.0,1.0,1,4,2.25,2.0,1.75,2.5,"Hypergraph(num_v=51, num_e=10)",True,6.78134560585022
4066,JOB,20a-augA1,orig,0.38742542266845703,0.6748552322387695,1,10,19,7,12,12676.51,1,410,46.3,1.0,1.0,6.5,1.0,253.0,61.888888888888886,2.0,7.0,29.0,2,1,4,1.0851063829787233,1.0,1.0,1.0,1,5,2.25,1.5,1.0,2.75,"Hypergraph(num_v=51, num_e=10)",False,0.2874298095703125
4067,JOB,20a-augA2,orig,0.36465883255004883,51.762117862701416,1,10,19,7,12,12676.51,1,410,46.3,1.0,1.0,6.5,1.0,253.0,61.888888888888886,2.0,7.0,29.0,2,1,4,1.0851063829787233,1.0,1.0,1.0,1,5,2.25,1.5,1.0,2.75,"Hypergraph(num_v=51, num_e=10)",False,51.39745903015137
4068,JOB,20a-augA3,orig,0.38907885551452637,60.26446342468262,1,10,19,7,12,12676.51,1,410,46.3,1.0,1.0,6.5,1.0,253.0,61.888888888888886,2.0,7.0,29.0,3,1,4,1.0851063829787233,1.0,1.0,1.0,1,4,2.25,2.0,1.0,3.25,"Hypergraph(num_v=51, num_e=10)",False,59.87538456916809
4069,JOB,20a-augA4,orig,0.36911630630493164,59.81381607055664,1,10,19,7,12,12676.51,1,410,46.3,1.0,1.0,6.5,1.0,253.0,61.888888888888886,2.0,7.0,29.0,3,1,4,1.0851063829787233,1.0,1.0,1.0,1,4,1.8,1.0,1.0,2.0,"Hypergraph(num_v=51, num_e=10)",False,59.44469976425171
4070,JOB,20a-augA5,orig,0.37575769424438477,51.8815975189209,1,10,19,7,12,12676.51,1,410,46.3,1.0,1.0,6.5,1.0,253.0,61.888888888888886,2.0,7.0,29.0,3,1,4,1.0851063829787233,1.0,1.0,1.0,1,4,2.25,2.0,1.0,3.25,"Hypergraph(num_v=51, num_e=10)",False,51.505839824676514
4071,JOB,20a-augA6,orig,0.39641380310058594,0.7394042015075684,1,10,19,7,12,12676.51,1,410,46.3,1.0,1.0,6.5,1.0,253.0,61.888888888888886,2.0,7.0,29.0,3,1,4,1.0851063829787233,1.0,1.0,1.0,2,3,2.25,2.0,2.0,2.25,"Hypergraph(num_v=51, num_e=10)",False,0.3429903984069824
4072,JOB,20a-augA7,orig,0.3802177906036377,60.10251355171204,1,10,19,7,12,12676.51,1,410,46.3,1.0,1.0,6.5,1.0,253.0,61.888888888888886,2.0,7.0,29.0,3,1,4,1.0851063829787233,1.0,1.0,1.0,1,4,2.25,2.0,1.75,2.5,"Hypergraph(num_v=51, num_e=10)",False,59.722295761108406
4073,JOB,20a-augA8,orig,0.3935983180999756,52.107866287231445,1,10,19,7,12,12676.51,1,410,46.3,1.0,1.0,6.5,1.0,253.0,61.888888888888886,2.0,7.0,29.0,3,1,4,1.0851063829787233,1.0,1.0,1.0,2,3,2.25,2.0,2.0,2.25,"Hypergraph(num_v=51, num_e=10)",False,51.71426796913147
4074,JOB,20a-augA9,orig,0.39223265647888184,0.7396156787872314,1,10,19,7,12,12677.47,1,410,46.3,1.0,1.0,6.5,1.0,253.0,61.888888888888886,2.0,7.0,29.0,4,1,4,1.0851063829787233,1.0,1.0,1.0,1,3,1.8,2.0,1.0,2.0,"Hypergraph(num_v=51, num_e=10)",False,0.3473830223083496
4075,JOB,20a-augF1,orig,0.17577075958251953,0.5683395862579346,1,10,19,7,12,12676.51,1,410,46.3,1.0,1.0,6.5,1.0,253.0,61.888888888888886,2.0,7.0,29.0,2,1,4,1.0851063829787233,1.0,1.0,1.0,1,4,2.25,2.0,1.75,2.5,"Hypergraph(num_v=51, num_e=10)",False,0.39256882667541504
4076,JOB,20a-augF1-augA1,orig,0.16904020309448242,0.2177009582519531,1,10,19,7,12,12676.51,1,410,46.3,1.0,1.0,6.5,1.0,253.0,61.888888888888886,2.0,7.0,29.0,3,1,4,1.0851063829787233,1.0,1.0,1.0,1,4,2.25,2.0,1.0,3.25,"Hypergraph(num_v=51, num_e=10)",False,0.048660755157470675
4077,JOB,20a-augF1-augA2,orig,0.17740249633789062,0.5843548774719238,1,10,19,7,12,12676.51,1,410,46.3,1.0,1.0,6.5,1.0,253.0,61.888888888888886,2.0,7.0,29.0,3,1,4,1.0851063829787233,1.0,1.0,1.0,1,3,2.25,2.5,1.75,3.0,"Hypergraph(num_v=51, num_e=10)",False,0.4069523811340332
4078,JOB,20a-augF1-augA3,orig,0.18044304847717285,5.497936964035034,1,10,19,7,12,12676.51,1,410,46.3,1.0,1.0,6.5,1.0,253.0,61.888888888888886,2.0,7.0,29.0,3,1,4,1.0851063829787233,1.0,1.0,1.0,1,4,2.25,2.0,1.0,3.25,"Hypergraph(num_v=51, num_e=10)",False,5.317493915557861
4079,JOB,20a-augF1-augA4,orig,0.16714239120483398,49.06117868423462,1,10,19,7,12,12676.51,1,410,46.3,1.0,1.0,6.5,1.0,253.0,61.888888888888886,2.0,7.0,29.0,4,1,4,1.0851063829787233,1.0,1.0,1.0,1,4,1.8,1.0,1.0,2.0,"Hypergraph(num_v=51, num_e=10)",False,48.894036293029785
4080,JOB,20a-augF1-augA5,orig,0.1727907657623291,0.6772022247314453,1,10,19,7,12,12676.51,1,410,46.3,1.0,1.0,6.5,1.0,253.0,61.888888888888886,2.0,7.0,29.0,3,1,4,1.0851063829787233,1.0,1.0,1.0,1,3,2.25,2.5,1.75,3.0,"Hypergraph(num_v=51, num_e=10)",False,0.5044114589691162
4081,JOB,20a-augF1-augA6,orig,0.17409372329711914,0.5256237983703613,1,10,19,7,12,12676.51,1,410,46.3,1.0,1.0,6.5,1.0,253.0,61.888888888888886,2.0,7.0,29.0,3,1,4,1.0851063829787233,1.0,1.0,1.0,1,4,2.25,2.0,1.75,2.5,"Hypergraph(num_v=51, num_e=10)",False,0.3515300750732422
4082,JOB,20a-augF1-augA7,orig,0.16785669326782227,51.37363910675049,1,10,19,7,12,12676.51,1,410,46.3,1.0,1.0,6.5,1.0,253.0,61.888888888888886,2.0,7.0,29.0,3,1,4,1.0851063829787233,1.0,1.0,1.0,1,4,2.25,2.0,1.75,2.5,"Hypergraph(num_v=51, num_e=10)",False,51.205782413482666
4083,JOB,20a-augF1-augA8,orig,0.1876051425933838,0.7429714202880859,1,10,19,7,12,12676.51,1,410,46.3,1.0,1.0,6.5,1.0,253.0,61.888888888888886,2.0,7.0,29.0,3,1,4,1.0851063829787233,1.0,1.0,1.0,1,4,2.25,2.0,1.75,2.5,"Hypergraph(num_v=51, num_e=10)",False,0.5553662776947021
4084,JOB,20a-augF1-augA9,orig,0.16808843612670898,0.5773603916168213,1,10,19,7,12,12677.47,1,410,46.3,1.0,1.0,6.5,1.0,253.0,61.888888888888886,2.0,7.0,29.0,4,1,4,1.0851063829787233,1.0,1.0,1.0,1,4,1.8,1.0,1.0,2.0,"Hypergraph(num_v=51, num_e=10)",False,0.4092719554901123
4085,JOB,20a-augF2,orig,0.3639218807220459,51.38640451431274,1,10,19,7,12,12676.51,1,410,46.3,1.0,1.0,6.5,1.0,253.0,61.888888888888886,2.0,7.0,29.0,2,1,4,1.0851063829787233,1.0,1.0,1.0,1,4,2.25,2.0,1.75,2.5,"Hypergraph(num_v=51, num_e=10)",False,51.02248263359069
4086,JOB,20a-augF2-augA1,orig,0.36356282234191895,51.35212111473084,1,10,19,7,12,12676.51,1,410,46.3,1.0,1.0,6.5,1.0,253.0,61.888888888888886,2.0,7.0,29.0,3,1,4,1.0851063829787233,1.0,1.0,1.0,1,3,2.25,2.5,1.75,3.0,"Hypergraph(num_v=51, num_e=10)",False,50.98855829238892
4087,JOB,20a-augF2-augA2,orig,0.3736879825592041,51.56947636604309,1,10,19,7,12,12676.51,1,410,46.3,1.0,1.0,6.5,1.0,253.0,61.888888888888886,2.0,7.0,29.0,2,1,4,1.0851063829787233,1.0,1.0,1.0,1,5,2.25,1.5,1.0,2.75,"Hypergraph(num_v=51, num_e=10)",False,51.19578838348389
4088,JOB,20a-augF2-augA3,orig,0.3687620162963867,5.477745294570923,1,10,19,7,12,12676.51,1,410,46.3,1.0,1.0,6.5,1.0,253.0,61.888888888888886,2.0,7.0,29.0,3,1,4,1.0851063829787233,1.0,1.0,1.0,1,4,2.25,2.0,1.0,3.25,"Hypergraph(num_v=51, num_e=10)",False,5.108983278274536
4089,JOB,20a-augF2-augA4,orig,0.36980271339416504,56.29713797569275,1,10,19,7,12,12676.51,1,410,46.3,1.0,1.0,6.5,1.0,253.0,61.888888888888886,2.0,7.0,29.0,4,1,4,1.0851063829787233,1.0,1.0,1.0,1,3,1.8,2.0,1.0,2.0,"Hypergraph(num_v=51, num_e=10)",False,55.927335262298584
4090,JOB,20a-augF2-augA5,orig,0.3979525566101074,0.5927152633666992,1,10,19,7,12,12676.51,1,410,46.3,1.0,1.0,6.5,1.0,253.0,61.888888888888886,2.0,7.0,29.0,3,1,4,1.0851063829787233,1.0,1.0,1.0,1,4,2.25,2.0,1.0,3.25,"Hypergraph(num_v=51, num_e=10)",False,0.1947627067565918
4091,JOB,20a-augF2-augA6,orig,0.3936800956726074,52.15011501312256,1,10,19,7,12,12676.51,1,410,46.3,1.0,1.0,6.5,1.0,253.0,61.888888888888886,2.0,7.0,29.0,3,1,4,1.0851063829787233,1.0,1.0,1.0,2,3,2.25,2.0,2.0,2.25,"Hypergraph(num_v=51, num_e=10)",False,51.75643491744995
4092,JOB,20a-augF2-augA7,orig,0.38919639587402344,0.644404411315918,1,10,19,7,12,12676.51,1,410,46.3,1.0,1.0,6.5,1.0,253.0,61.888888888888886,2.0,7.0,29.0,2,1,4,1.0851063829787233,1.0,1.0,1.0,1,4,2.25,2.0,1.75,2.5,"Hypergraph(num_v=51, num_e=10)",False,0.25520801544189453
4093,JOB,20a-augF2-augA8,orig,0.38406825065612793,0.5491321086883545,1,10,19,7,12,12676.51,1,410,46.3,1.0,1.0,6.5,1.0,253.0,61.888888888888886,2.0,7.0,29.0,3,1,4,1.0851063829787233,1.0,1.0,1.0,1,4,2.25,2.0,1.75,2.5,"Hypergraph(num_v=51, num_e=10)",False,0.16506385803222656
4094,JOB,20a-augF2-augA9,orig,0.3776369094848633,0.595503568649292,1,10,19,7,12,12677.47,1,410,46.3,1.0,1.0,6.5,1.0,253.0,61.888888888888886,2.0,7.0,29.0,4,1,4,1.0851063829787233,1.0,1.0,1.0,1,3,1.8,2.0,1.0,2.0,"Hypergraph(num_v=51, num_e=10)",False,0.2178666591644287
4095,JOB,20b,orig,0.27054762840270996,0.5716390609741211,1,10,20,8,12,12604.86,1,410,46.3,1.0,1.0,6.5,1.0,253.0,52.333333333333336,1.0,5.0,21.0,3,1,4,1.0851063829787233,1.0,1.0,1.0,2,3,2.25,2.0,2.0,2.25,"Hypergraph(num_v=51, num_e=10)",True,0.30109143257141113
4096,JOB,20b-augA1,orig,0.26529979705810547,0.5881295204162598,1,10,20,8,12,12604.86,1,410,46.3,1.0,1.0,6.5,1.0,253.0,52.333333333333336,1.0,5.0,21.0,3,1,4,1.0851063829787233,1.0,1.0,1.0,1,3,2.25,2.5,1.75,3.0,"Hypergraph(num_v=51, num_e=10)",False,0.3228297233581543
4097,JOB,20b-augA2,orig,0.2651386260986328,0.7198772430419922,1,10,20,8,12,12604.86,1,410,46.3,1.0,1.0,6.5,1.0,253.0,52.333333333333336,1.0,5.0,21.0,3,1,4,1.0851063829787233,1.0,1.0,1.0,1,3,2.25,2.5,1.75,3.0,"Hypergraph(num_v=51, num_e=10)",False,0.4547386169433594
4098,JOB,20b-augA3,orig,0.2702794075012207,5.920523643493652,1,10,20,8,12,12604.86,1,410,46.3,1.0,1.0,6.5,1.0,253.0,52.333333333333336,1.0,5.0,21.0,3,1,4,1.0851063829787233,1.0,1.0,1.0,1,4,2.25,2.0,1.0,3.25,"Hypergraph(num_v=51, num_e=10)",False,5.650244235992432
4099,JOB,20b-augA4,orig,0.27344393730163574,0.5874276161193848,1,10,20,8,12,12604.86,1,410,46.3,1.0,1.0,6.5,1.0,253.0,52.333333333333336,1.0,5.0,21.0,4,1,4,1.0851063829787233,1.0,1.0,1.0,1,3,1.8,2.0,1.0,2.0,"Hypergraph(num_v=51, num_e=10)",False,0.313983678817749
4100,JOB,20b-augA5,orig,0.26746296882629395,0.7520694732666016,1,10,20,8,12,12604.86,1,410,46.3,1.0,1.0,6.5,1.0,253.0,52.333333333333336,1.0,5.0,21.0,3,1,4,1.0851063829787233,1.0,1.0,1.0,1,3,2.25,2.5,1.75,3.0,"Hypergraph(num_v=51, num_e=10)",False,0.4846065044403076
4101,JOB,20b-augA6,orig,0.27088284492492676,0.583216667175293,1,10,20,8,12,12604.86,1,410,46.3,1.0,1.0,6.5,1.0,253.0,52.333333333333336,1.0,5.0,21.0,2,1,4,1.0851063829787233,1.0,1.0,1.0,1,4,2.25,2.0,1.75,2.5,"Hypergraph(num_v=51, num_e=10)",False,0.3123338222503662
4102,JOB,20b-augA7,orig,0.2577025890350342,0.6042356491088867,1,10,20,8,12,12604.86,1,410,46.3,1.0,1.0,6.5,1.0,253.0,52.333333333333336,1.0,5.0,21.0,2,1,4,1.0851063829787233,1.0,1.0,1.0,1,4,2.25,2.0,1.75,2.5,"Hypergraph(num_v=51, num_e=10)",False,0.34653306007385254
4103,JOB,20b-augA8,orig,0.27277541160583496,0.5786066055297852,1,10,20,8,12,12604.86,1,410,46.3,1.0,1.0,6.5,1.0,253.0,52.333333333333336,1.0,5.0,21.0,3,1,4,1.0851063829787233,1.0,1.0,1.0,1,4,2.25,2.0,1.75,2.5,"Hypergraph(num_v=51, num_e=10)",False,0.3058311939239502
4104,JOB,20b-augA9,orig,0.2619469165802002,0.7055001258850098,1,10,20,8,12,12604.86,1,410,46.3,1.0,1.0,6.5,1.0,253.0,52.333333333333336,1.0,5.0,21.0,4,1,4,1.0851063829787233,1.0,1.0,1.0,1,4,1.8,1.0,1.0,2.0,"Hypergraph(num_v=51, num_e=10)",False,0.44355320930480957
4105,JOB,20b-augF1,orig,0.25877857208251953,3.191824436187744,1,10,20,8,12,12604.86,1,410,46.3,1.0,1.0,6.5,1.0,253.0,52.333333333333336,1.0,5.0,21.0,2,1,4,1.0851063829787233,1.0,1.0,1.0,1,4,2.25,2.0,1.75,2.5,"Hypergraph(num_v=51, num_e=10)",False,2.9330458641052246
4106,JOB,20b-augF1-augA1,orig,0.27974629402160645,0.6900904178619385,1,10,20,8,12,12604.86,1,410,46.3,1.0,1.0,6.5,1.0,253.0,52.333333333333336,1.0,5.0,21.0,3,1,4,1.0851063829787233,1.0,1.0,1.0,1,3,2.25,2.5,1.75,3.0,"Hypergraph(num_v=51, num_e=10)",False,0.41034412384033203
4107,JOB,20b-augF1-augA2,orig,0.26126742362976074,0.6946172714233398,1,10,20,8,12,12604.86,1,410,46.3,1.0,1.0,6.5,1.0,253.0,52.333333333333336,1.0,5.0,21.0,2,1,4,1.0851063829787233,1.0,1.0,1.0,1,5,2.25,1.5,1.0,2.75,"Hypergraph(num_v=51, num_e=10)",False,0.4333498477935791
4108,JOB,20b-augF1-augA3,orig,0.2683072090148926,5.720689535140991,1,10,20,8,12,12604.86,1,410,46.3,1.0,1.0,6.5,1.0,253.0,52.333333333333336,1.0,5.0,21.0,3,1,4,1.0851063829787233,1.0,1.0,1.0,1,4,2.25,2.0,1.0,3.25,"Hypergraph(num_v=51, num_e=10)",False,5.452382326126099
4109,JOB,20b-augF1-augA4,orig,0.2571535110473633,9.9723482131958,1,10,20,8,12,12604.86,1,410,46.3,1.0,1.0,6.5,1.0,253.0,52.333333333333336,1.0,5.0,21.0,3,1,4,1.0851063829787233,1.0,1.0,1.0,1,4,1.8,1.0,1.0,2.0,"Hypergraph(num_v=51, num_e=10)",False,9.715194702148438
4110,JOB,20b-augF1-augA5,orig,0.2620222568511963,0.675614595413208,1,10,20,8,12,12604.86,1,410,46.3,1.0,1.0,6.5,1.0,253.0,52.333333333333336,1.0,5.0,21.0,2,1,4,1.0851063829787233,1.0,1.0,1.0,1,5,2.25,1.5,1.0,2.75,"Hypergraph(num_v=51, num_e=10)",False,0.4135923385620117
4111,JOB,20b-augF1-augA6,orig,0.271012544631958,10.057148694992064,1,10,20,8,12,12604.86,1,410,46.3,1.0,1.0,6.5,1.0,253.0,52.333333333333336,1.0,5.0,21.0,3,1,4,1.0851063829787233,1.0,1.0,1.0,1,4,2.25,2.0,1.75,2.5,"Hypergraph(num_v=51, num_e=10)",False,9.786136150360106
4112,JOB,20b-augF1-augA7,orig,0.262770414352417,3.1258091926574707,1,10,20,8,12,12604.86,1,410,46.3,1.0,1.0,6.5,1.0,253.0,52.333333333333336,1.0,5.0,21.0,2,1,4,1.0851063829787233,1.0,1.0,1.0,1,4,2.25,2.0,1.75,2.5,"Hypergraph(num_v=51, num_e=10)",False,2.8630387783050537
4113,JOB,20b-augF1-augA8,orig,0.27274465560913086,0.7202024459838867,1,10,20,8,12,12604.86,1,410,46.3,1.0,1.0,6.5,1.0,253.0,52.333333333333336,1.0,5.0,21.0,3,1,4,1.0851063829787233,1.0,1.0,1.0,1,4,2.25,2.0,1.75,2.5,"Hypergraph(num_v=51, num_e=10)",False,0.44745779037475586
4114,JOB,20b-augF1-augA9,orig,0.2761497497558594,0.7503087520599365,1,10,20,8,12,12604.86,1,410,46.3,1.0,1.0,6.5,1.0,253.0,52.333333333333336,1.0,5.0,21.0,4,1,4,1.0851063829787233,1.0,1.0,1.0,1,3,1.8,2.0,1.0,2.0,"Hypergraph(num_v=51, num_e=10)",False,0.47415900230407715
4115,JOB,20b-augF2,orig,0.021176815032958984,0.5938754081726074,1,10,20,8,12,1667.92,1,410,45.6,1.0,1.0,1.75,1.0,32.0,7.0,1.0,1.0,3.0,3,1,4,1.0851063829787233,1.0,1.0,1.0,1,4,2.25,2.0,1.75,2.5,"Hypergraph(num_v=51, num_e=10)",False,0.5726985931396484
4116,JOB,20b-augF2-augA1,orig,0.020652055740356445,0.4111795425415039,1,10,20,8,12,1667.92,1,410,45.6,1.0,1.0,1.75,1.0,32.0,7.0,1.0,1.0,3.0,2,1,4,1.0851063829787233,1.0,1.0,1.0,1,5,2.25,1.5,1.0,2.75,"Hypergraph(num_v=51, num_e=10)",False,0.39052748680114746
4117,JOB,20b-augF2-augA2,orig,0.01972794532775879,0.4476571083068847,1,10,20,8,12,1667.92,1,410,45.6,1.0,1.0,1.75,1.0,32.0,7.0,1.0,1.0,3.0,3,1,4,1.0851063829787233,1.0,1.0,1.0,1,3,2.25,2.5,1.75,3.0,"Hypergraph(num_v=51, num_e=10)",False,0.4279291629791259
4118,JOB,20b-augF2-augA3,orig,0.019989967346191406,0.6032495498657227,1,10,20,8,12,1667.92,1,410,45.6,1.0,1.0,1.75,1.0,32.0,7.0,1.0,1.0,3.0,3,1,4,1.0851063829787233,1.0,1.0,1.0,1,3,2.25,2.5,1.75,3.0,"Hypergraph(num_v=51, num_e=10)",False,0.5832595825195312
4119,JOB,20b-augF2-augA4,orig,0.02013111114501953,0.477149486541748,1,10,20,8,12,1667.92,1,410,45.6,1.0,1.0,1.75,1.0,32.0,7.0,1.0,1.0,3.0,4,1,4,1.0851063829787233,1.0,1.0,1.0,1,3,1.8,2.0,1.0,2.0,"Hypergraph(num_v=51, num_e=10)",False,0.45701837539672846
4120,JOB,20b-augF2-augA5,orig,0.02095484733581543,0.4773995876312256,1,10,20,8,12,1667.92,1,410,45.6,1.0,1.0,1.75,1.0,32.0,7.0,1.0,1.0,3.0,3,1,4,1.0851063829787233,1.0,1.0,1.0,1,3,2.25,2.5,1.75,3.0,"Hypergraph(num_v=51, num_e=10)",False,0.45644474029541016
4121,JOB,20b-augF2-augA6,orig,0.02002406120300293,0.5626180171966553,1,10,20,8,12,1667.92,1,410,45.6,1.0,1.0,1.75,1.0,32.0,7.0,1.0,1.0,3.0,3,1,4,1.0851063829787233,1.0,1.0,1.0,1,4,2.25,2.0,1.75,2.5,"Hypergraph(num_v=51, num_e=10)",False,0.5425939559936523
4122,JOB,20b-augF2-augA7,orig,0.02183222770690918,0.4974558353424072,1,10,20,8,12,1667.92,1,410,45.6,1.0,1.0,1.75,1.0,32.0,7.0,1.0,1.0,3.0,2,1,4,1.0851063829787233,1.0,1.0,1.0,1,4,2.25,2.0,1.75,2.5,"Hypergraph(num_v=51, num_e=10)",False,0.47562360763549805
4123,JOB,20b-augF2-augA8,orig,0.021897077560424805,0.5131881237030029,1,10,20,8,12,1667.92,1,410,45.6,1.0,1.0,1.75,1.0,32.0,7.0,1.0,1.0,3.0,3,1,4,1.0851063829787233,1.0,1.0,1.0,2,3,2.25,2.0,2.0,2.25,"Hypergraph(num_v=51, num_e=10)",False,0.4912910461425781
4124,JOB,20b-augF2-augA9,orig,0.019780874252319336,0.6336758136749268,1,10,20,8,12,1667.92,1,410,45.6,1.0,1.0,1.75,1.0,32.0,7.0,1.0,1.0,3.0,4,1,4,1.0851063829787233,1.0,1.0,1.0,1,3,1.8,2.0,1.0,2.0,"Hypergraph(num_v=51, num_e=10)",False,0.6138949394226074
4125,LSQB,q1,rewr,8.887689352035522,7.61440372467041,1,10,9,0,9,377053.06,71,1361840,439919.7,3757.25,62848.5,934403.0,1343.0,19294682.0,2559988.5555555555,16080.0,530366.0,647110.0,7,1,3,1.1363636363636365,1.0,1.0,1.0,1,2,1.2857142857142858,1.0,1.0,1.5,"Hypergraph(num_v=25, num_e=10)",True,-1.2732856273651123
4126,LSQB,q1-augA1,rewr,8.824279069900513,7.501023292541504,1,10,9,0,9,377053.06,71,1361840,439919.7,3757.25,62848.5,934403.0,1343.0,19294682.0,2559988.5555555555,16080.0,530366.0,647110.0,6,1,3,1.1363636363636365,1.0,1.0,1.0,1,2,1.2857142857142858,1.0,1.0,1.5,"Hypergraph(num_v=25, num_e=10)",False,-1.3232557773590088
4127,LSQB,q1-augA2,rewr,8.777949810028076,7.7876057624816895,1,10,9,0,9,377053.06,71,1361840,439919.7,3757.25,62848.5,934403.0,1343.0,19294682.0,2559988.5555555555,16080.0,530366.0,647110.0,5,1,3,1.1363636363636365,1.0,1.0,1.0,1,2,1.2857142857142858,1.0,1.0,1.5,"Hypergraph(num_v=25, num_e=10)",False,-0.9903440475463867
4128,LSQB,q1-augA3,rewr,8.756199359893799,8.719117641448975,1,10,9,0,9,374393.06,71,1361840,439919.7,3757.25,62848.5,934403.0,1343.0,19294682.0,2559988.5555555555,16080.0,530366.0,647110.0,4,1,3,1.1363636363636365,1.0,1.0,1.0,1,3,1.2857142857142858,1.0,1.0,1.0,"Hypergraph(num_v=25, num_e=10)",False,-0.03708171844482422
4129,LSQB,q1-augA4,orig,8.830530405044556,9.380234003067017,1,10,9,0,9,374393.06,71,1361840,439919.7,3757.25,62848.5,934403.0,1343.0,19294682.0,2559988.5555555555,16080.0,530366.0,647110.0,4,1,3,1.1363636363636365,1.0,1.0,1.0,1,2,1.2857142857142858,1.0,1.0,1.5,"Hypergraph(num_v=25, num_e=10)",False,0.5497035980224609
4130,LSQB,q1-augA5,orig,9.70762300491333,9.773539066314695,1,10,9,0,9,376693.06,71,1361840,439919.7,3757.25,62848.5,934403.0,1343.0,19294682.0,2559988.5555555555,16080.0,530366.0,647110.0,4,1,3,1.1363636363636365,1.0,1.0,1.0,1,2,1.2857142857142858,1.0,1.0,1.5,"Hypergraph(num_v=25, num_e=10)",False,0.06591606140136541
4131,LSQB,q1-augA6,rewr,9.991657257080078,9.594871997833252,1,10,9,0,9,375657.06,71,1361840,439919.7,3757.25,62848.5,934403.0,1343.0,19294682.0,2559988.5555555555,16080.0,530366.0,647110.0,5,1,3,1.1363636363636365,1.0,1.0,1.0,1,2,1.2857142857142858,1.0,1.0,1.5,"Hypergraph(num_v=25, num_e=10)",False,-0.39678525924682617
4132,LSQB,q1-augA7,orig,10.002120733261108,10.47000789642334,1,10,9,0,9,375657.06,71,1361840,439919.7,3757.25,62848.5,934403.0,1343.0,19294682.0,2559988.5555555555,16080.0,530366.0,647110.0,5,1,3,1.1363636363636365,1.0,1.0,1.0,1,2,1.2857142857142858,1.0,1.0,1.5,"Hypergraph(num_v=25, num_e=10)",False,0.46788716316223145
4133,LSQB,q1-augA8,rewr,10.086712837219238,9.888925552368164,1,10,9,0,9,375657.06,71,1361840,439919.7,3757.25,62848.5,934403.0,1343.0,19294682.0,2559988.5555555555,16080.0,530366.0,647110.0,6,1,3,1.1363636363636365,1.0,1.0,1.0,1,2,1.2857142857142858,1.0,1.0,1.5,"Hypergraph(num_v=25, num_e=10)",False,-0.19778728485107422
4134,LSQB,q1-augA9,rewr,10.155710697174072,10.030827283859251,1,10,9,0,9,375657.06,71,1361840,439919.7,3757.25,62848.5,934403.0,1343.0,19294682.0,2559988.5555555555,16080.0,530366.0,647110.0,7,1,3,1.1363636363636365,1.0,1.0,1.0,1,2,1.2857142857142858,1.0,1.0,1.5,"Hypergraph(num_v=25, num_e=10)",False,-0.12488341331482111
4135,LSQB,q4,rewr,100.0,6.8850860595703125,1,4,3,0,3,8.739947793195878e+16,339669,1311799,670553.125,473017.75,537569.0,790039.0,20009643300.0,5.116066924280324e+18,1.7053556551988795e+18,20658157743.0,21306672186.0,2.558033472793498e+18,1,1,4,1.6,1.0,1.0,1.0,3,3,3.0,3.0,3.0,3.0,"Hypergraph(num_v=8, num_e=4)",True,-100.0
4136,LSQB,q4-augA1,rewr,100.0,8.098759889602661,1,4,3,0,3,8.739947793195878e+16,339669,1311799,670553.125,473017.75,537569.0,790039.0,20009643300.0,5.116066924280324e+18,1.7053556551988795e+18,20658157743.0,21306672186.0,2.558033472793498e+18,1,1,4,1.6,1.0,1.0,1.0,3,3,3.0,3.0,3.0,3.0,"Hypergraph(num_v=8, num_e=4)",False,-100.0
4137,LSQB,q4-augA2,rewr,100.0,10.179569721221924,1,4,3,0,3,8.739947797356474e+16,339669,1311799,670553.125,473017.75,537569.0,790039.0,20009643300.0,5.116066924280324e+18,1.7053556551988795e+18,20658157743.0,21306672186.0,2.558033472793498e+18,2,1,4,1.6,1.0,1.0,1.0,1,2,1.5,1.5,1.25,1.75,"Hypergraph(num_v=8, num_e=4)",False,-100.0
4138,LSQB,q4-augA3,rewr,100.0,12.515537023544312,1,4,3,0,3,8.739947797104218e+16,339669,1311799,670553.125,473017.75,537569.0,790039.0,20009643300.0,5.116066924280324e+18,1.7053556551988795e+18,20658157743.0,21306672186.0,2.558033472793498e+18,2,1,4,1.6,1.0,1.0,1.0,1,2,1.5,1.5,1.25,1.75,"Hypergraph(num_v=8, num_e=4)",False,-100.0
4139,HETIO,2-01-CbGaD,rewr,0.05355715751647949,0.0412466526031494,1,5,4,0,4,1175.3,1,25246,10015.6,137.0,1552.0,23142.0,626.0,2361.0,1200.75,626.0,908.0,1482.75,2,1,3,1.4285714285714286,1.0,1.0,1.5,1,3,2.0,2.0,1.5,2.5,"Hypergraph(num_v=10, num_e=5)",True,-0.012310504913330092
4140,HETIO,2-01-CbGaD-augA1,rewr,0.05347776412963867,0.0428895950317382,1,5,4,0,4,1175.3,1,25246,10015.6,137.0,1552.0,23142.0,626.0,2361.0,1200.75,626.0,908.0,1482.75,2,1,3,1.4285714285714286,1.0,1.0,1.5,2,2,2.0,2.0,2.0,2.0,"Hypergraph(num_v=10, num_e=5)",False,-0.010588169097900474
4141,HETIO,2-01-CbGaD-augA2,rewr,0.05199790000915527,0.0420143604278564,1,5,4,0,4,1175.3,1,25246,10015.6,137.0,1552.0,23142.0,626.0,2361.0,1200.75,626.0,908.0,1482.75,2,1,3,1.4285714285714286,1.0,1.0,1.5,2,2,2.0,2.0,2.0,2.0,"Hypergraph(num_v=10, num_e=5)",False,-0.009983539581298877
4142,HETIO,2-01-CbGaD-augA3,rewr,0.056374549865722656,0.0394902229309082,1,5,4,0,4,1175.3,1,25246,10015.6,137.0,1552.0,23142.0,626.0,2361.0,1200.75,626.0,908.0,1482.75,2,1,3,1.4285714285714286,1.0,1.0,1.5,2,2,2.0,2.0,2.0,2.0,"Hypergraph(num_v=10, num_e=5)",False,-0.016884326934814453
4143,HETIO,2-01-CbGaD-augA4,rewr,0.05558586120605469,0.0394597053527832,1,5,4,0,4,1175.3,1,25246,10015.6,137.0,1552.0,23142.0,626.0,2361.0,1200.75,626.0,908.0,1482.75,2,1,3,1.4285714285714286,1.0,1.0,1.5,1,3,2.0,2.0,1.5,2.5,"Hypergraph(num_v=10, num_e=5)",False,-0.016126155853271484
4144,HETIO,2-02-CdGuD,orig,0.04907512664794922,0.1539547443389892,1,5,4,0,4,9555.1,1,154076,60408.4,137.0,1552.0,146276.0,1811.0,346571.0,93296.5,1811.0,12402.0,103887.5,2,1,3,1.4285714285714286,1.0,1.0,1.5,2,2,2.0,2.0,2.0,2.0,"Hypergraph(num_v=10, num_e=5)",True,0.10487961769103998
4145,HETIO,2-02-CdGuD-augA1,orig,0.049304962158203125,0.1531822681427002,1,5,4,0,4,9555.1,1,154076,60408.4,137.0,1552.0,146276.0,1811.0,346571.0,93296.5,1811.0,12402.0,103887.5,2,1,3,1.4285714285714286,1.0,1.0,1.5,2,2,2.0,2.0,2.0,2.0,"Hypergraph(num_v=10, num_e=5)",False,0.10387730598449707
4146,HETIO,2-02-CdGuD-augA2,orig,0.04858994483947754,0.1525030136108398,1,5,4,0,4,9555.1,1,154076,60408.4,137.0,1552.0,146276.0,1811.0,346571.0,93296.5,1811.0,12402.0,103887.5,2,1,3,1.4285714285714286,1.0,1.0,1.5,2,2,2.0,2.0,2.0,2.0,"Hypergraph(num_v=10, num_e=5)",False,0.10391306877136225
4147,HETIO,2-02-CdGuD-augA3,orig,0.049294233322143555,0.1527497768402099,1,5,4,0,4,9555.1,1,154076,60408.4,137.0,1552.0,146276.0,1811.0,346571.0,93296.5,1811.0,12402.0,103887.5,2,1,3,1.4285714285714286,1.0,1.0,1.5,1,3,2.0,2.0,1.5,2.5,"Hypergraph(num_v=10, num_e=5)",False,0.10345554351806635
4148,HETIO,2-02-CdGuD-augA4,orig,0.04924774169921875,0.1517426967620849,1,5,4,0,4,9555.1,1,154076,60408.4,137.0,1552.0,146276.0,1811.0,346571.0,93296.5,1811.0,12402.0,103887.5,2,1,3,1.4285714285714286,1.0,1.0,1.5,1,3,2.0,2.0,1.5,2.5,"Hypergraph(num_v=10, num_e=5)",False,0.10249495506286616
4149,HETIO,2-03-CrCtD,orig,0.005754709243774414,0.0262629985809326,1,5,4,0,4,467.06,137,14058,3761.8,1510.0,1552.0,1552.0,446.0,4595.0,2520.5,446.0,2520.5,4595.0,2,1,3,1.4285714285714286,1.0,1.0,1.5,1,3,2.0,2.0,1.5,2.5,"Hypergraph(num_v=10, num_e=5)",True,0.020508289337158186
4150,HETIO,2-03-CrCtD-augA1,orig,0.005761146545410156,0.0190088748931884,1,5,4,0,4,467.06,137,14058,3761.8,1510.0,1552.0,1552.0,446.0,4595.0,2520.5,446.0,2520.5,4595.0,2,1,3,1.4285714285714286,1.0,1.0,1.5,2,2,2.0,2.0,2.0,2.0,"Hypergraph(num_v=10, num_e=5)",False,0.013247728347778244
4151,HETIO,2-03-CrCtD-augA2,orig,0.005865573883056641,0.0189559459686279,1,5,4,0,4,467.06,137,14058,3761.8,1510.0,1552.0,1552.0,446.0,4595.0,2520.5,446.0,2520.5,4595.0,2,1,3,1.4285714285714286,1.0,1.0,1.5,2,2,2.0,2.0,2.0,2.0,"Hypergraph(num_v=10, num_e=5)",False,0.013090372085571258
4152,HETIO,2-03-CrCtD-augA3,orig,0.005910634994506836,0.0190436840057373,1,5,4,0,4,467.06,137,14058,3761.8,1510.0,1552.0,1552.0,446.0,4595.0,2520.5,446.0,2520.5,4595.0,2,1,3,1.4285714285714286,1.0,1.0,1.5,2,2,2.0,2.0,2.0,2.0,"Hypergraph(num_v=10, num_e=5)",False,0.013133049011230465
4153,HETIO,2-03-CrCtD-augA4,orig,0.005984306335449219,0.0272917747497558,1,5,4,0,4,467.06,137,14058,3761.8,1510.0,1552.0,1552.0,446.0,4595.0,2520.5,446.0,2520.5,4595.0,2,1,3,1.4285714285714286,1.0,1.0,1.5,2,2,2.0,2.0,2.0,2.0,"Hypergraph(num_v=10, num_e=5)",False,0.02130746841430658
4154,HETIO,2-04-CtDrD,orig,0.0050280094146728516,0.0110952854156494,1,5,4,0,4,353.33,137,14058,3478.8,137.0,1510.0,1552.0,133.0,1366.0,598.25,368.5,447.0,676.75,2,1,3,1.4285714285714286,1.0,1.0,1.5,1,3,2.0,2.0,1.5,2.5,"Hypergraph(num_v=10, num_e=5)",True,0.006067276000976549
4155,HETIO,2-04-CtDrD-augA1,orig,0.004995822906494141,0.0116639137268066,1,5,4,0,4,353.33,137,14058,3478.8,137.0,1510.0,1552.0,133.0,1366.0,598.25,368.5,447.0,676.75,2,1,3,1.4285714285714286,1.0,1.0,1.5,1,3,2.0,2.0,1.5,2.5,"Hypergraph(num_v=10, num_e=5)",False,0.00666809082031246
4156,HETIO,2-04-CtDrD-augA2,orig,0.005105018615722656,0.0116868019104003,1,5,4,0,4,353.33,137,14058,3478.8,137.0,1510.0,1552.0,133.0,1366.0,598.25,368.5,447.0,676.75,2,1,3,1.4285714285714286,1.0,1.0,1.5,1,3,2.0,2.0,1.5,2.5,"Hypergraph(num_v=10, num_e=5)",False,0.006581783294677644
4157,HETIO,2-04-CtDrD-augA3,orig,0.005166292190551758,0.0108227729797363,1,5,4,0,4,353.33,137,14058,3478.8,137.0,1510.0,1552.0,133.0,1366.0,598.25,368.5,447.0,676.75,2,1,3,1.4285714285714286,1.0,1.0,1.5,1,3,2.0,2.0,1.5,2.5,"Hypergraph(num_v=10, num_e=5)",False,0.0056564807891845426
4158,HETIO,2-04-CtDrD-augA4,orig,0.005215167999267578,0.0110864639282226,1,5,4,0,4,353.33,137,14058,3478.8,137.0,1510.0,1552.0,133.0,1366.0,598.25,368.5,447.0,676.75,2,1,3,1.4285714285714286,1.0,1.0,1.5,1,3,2.0,2.0,1.5,2.5,"Hypergraph(num_v=10, num_e=5)",False,0.005871295928955023
4159,HETIO,2-05-CuGdD,orig,0.04153609275817871,0.1534218788146972,1,5,4,0,4,9585.57,137,154076,64597.2,1552.0,20945.0,146276.0,2029.0,346572.0,92786.25,2029.0,11272.0,102029.25,2,1,3,1.4285714285714286,1.0,1.0,1.5,2,2,2.0,2.0,2.0,2.0,"Hypergraph(num_v=10, num_e=5)",True,0.1118857860565185
4160,HETIO,2-05-CuGdD-augA1,orig,0.04185891151428223,0.0873348712921142,1,5,4,0,4,9585.57,137,154076,64597.2,1552.0,20945.0,146276.0,2029.0,346572.0,92786.25,2029.0,11272.0,102029.25,2,1,3,1.4285714285714286,1.0,1.0,1.5,2,2,2.0,2.0,2.0,2.0,"Hypergraph(num_v=10, num_e=5)",False,0.045475959777831976
4161,HETIO,2-05-CuGdD-augA2,orig,0.04092001914978027,0.1492626667022705,1,5,4,0,4,9585.57,137,154076,64597.2,1552.0,20945.0,146276.0,2029.0,346572.0,92786.25,2029.0,11272.0,102029.25,2,1,3,1.4285714285714286,1.0,1.0,1.5,1,3,2.0,2.0,1.5,2.5,"Hypergraph(num_v=10, num_e=5)",False,0.10834264755249023
4162,HETIO,2-05-CuGdD-augA3,orig,0.04156160354614258,0.0920178890228271,1,5,4,0,4,9585.57,137,154076,64597.2,1552.0,20945.0,146276.0,2029.0,346572.0,92786.25,2029.0,11272.0,102029.25,2,1,3,1.4285714285714286,1.0,1.0,1.5,2,2,2.0,2.0,2.0,2.0,"Hypergraph(num_v=10, num_e=5)",False,0.05045628547668453
4163,HETIO,2-05-CuGdD-augA4,orig,0.04157304763793945,0.1530752182006836,1,5,4,0,4,9585.57,137,154076,64597.2,1552.0,20945.0,146276.0,2029.0,346572.0,92786.25,2029.0,11272.0,102029.25,2,1,3,1.4285714285714286,1.0,1.0,1.5,1,3,2.0,2.0,1.5,2.5,"Hypergraph(num_v=10, num_e=5)",False,0.11150217056274414
4164,HETIO,3-01-CbGbCtD,rewr,0.1780846118927002,0.049889326095581,1,7,6,0,6,1621.68,1,23142,7290.857142857143,823.5,1552.0,12347.0,446.0,32425.0,7962.0,682.75,1393.0,9100.0,3,1,3,1.2727272727272727,1.0,1.0,1.0,1,3,2.0,2.0,1.5,2.5,"Hypergraph(num_v=14, num_e=7)",True,-0.1281952857971192
4165,HETIO,3-01-CbGbCtD-augA1,rewr,0.17734432220458984,0.0421512126922607,1,7,6,0,6,1621.68,1,23142,7290.857142857143,823.5,1552.0,12347.0,446.0,32425.0,7962.0,682.75,1393.0,9100.0,3,1,3,1.2727272727272727,1.0,1.0,1.0,1,3,2.0,2.0,1.5,2.5,"Hypergraph(num_v=14, num_e=7)",False,-0.13519310951232916
4166,HETIO,3-01-CbGbCtD-augA2,rewr,0.14654135704040527,0.0511558055877685,1,7,6,0,6,1621.68,1,23142,7290.857142857143,823.5,1552.0,12347.0,446.0,32425.0,7962.0,682.75,1393.0,9100.0,2,1,3,1.2727272727272727,1.0,1.0,1.0,1,3,2.0,2.0,1.5,2.5,"Hypergraph(num_v=14, num_e=7)",False,-0.09538555145263677
4167,HETIO,3-01-CbGbCtD-augA3,rewr,0.18659400939941406,0.0421085357666015,1,7,6,0,6,1621.68,1,23142,7290.857142857143,823.5,1552.0,12347.0,446.0,32425.0,7962.0,682.75,1393.0,9100.0,2,1,3,1.2727272727272727,1.0,1.0,1.0,1,3,2.0,2.0,1.5,2.5,"Hypergraph(num_v=14, num_e=7)",False,-0.14448547363281256
4168,HETIO,3-01-CbGbCtD-augA4,rewr,0.19004034996032715,0.0515003204345703,1,7,6,0,6,1621.68,1,23142,7290.857142857143,823.5,1552.0,12347.0,446.0,32425.0,7962.0,682.75,1393.0,9100.0,2,1,3,1.2727272727272727,1.0,1.0,1.0,1,4,2.0,1.0,1.0,2.5,"Hypergraph(num_v=14, num_e=7)",False,-0.13854002952575684
4169,HETIO,3-01-CbGbCtD-augA5,rewr,0.188629150390625,0.0470070838928222,1,7,6,0,6,1621.68,1,23142,7290.857142857143,823.5,1552.0,12347.0,446.0,32425.0,7962.0,682.75,1393.0,9100.0,2,1,3,1.2727272727272727,1.0,1.0,1.0,1,3,2.0,2.0,1.5,2.5,"Hypergraph(num_v=14, num_e=7)",False,-0.1416220664978028
4170,HETIO,3-01-CbGbCtD-augA6,rewr,0.19405794143676758,0.0463407039642334,1,7,6,0,6,1621.68,1,23142,7290.857142857143,823.5,1552.0,12347.0,446.0,32425.0,7962.0,682.75,1393.0,9100.0,3,1,3,1.2727272727272727,1.0,1.0,1.0,1,3,2.0,2.0,1.5,2.5,"Hypergraph(num_v=14, num_e=7)",False,-0.14771723747253418
4171,HETIO,3-02-CbGeAlD,rewr,2.9699323177337646,0.8716132640838623,1,7,6,0,6,16894.27,137,438672,70293.42857142857,977.0,7204.0,22043.5,1859.0,15822.0,9577.166666666666,8907.25,9742.0,11187.25,3,1,3,1.2727272727272727,1.0,1.0,1.0,1,3,2.0,2.0,1.5,2.5,"Hypergraph(num_v=14, num_e=7)",True,-2.0983190536499023
4172,HETIO,3-02-CbGeAlD-augA1,rewr,2.9708051681518555,0.5020656585693359,1,7,6,0,6,16894.27,137,438672,70293.42857142857,977.0,7204.0,22043.5,1859.0,15822.0,9577.166666666666,8907.25,9742.0,11187.25,3,1,3,1.2727272727272727,1.0,1.0,1.0,1,3,2.0,2.0,1.5,2.5,"Hypergraph(num_v=14, num_e=7)",False,-2.4687395095825195
4173,HETIO,3-02-CbGeAlD-augA2,rewr,2.8939015865325928,0.4810757637023926,1,7,6,0,6,16894.27,137,438672,70293.42857142857,977.0,7204.0,22043.5,1859.0,15822.0,9577.166666666666,8907.25,9742.0,11187.25,2,1,3,1.2727272727272727,1.0,1.0,1.0,1,3,2.0,2.0,1.5,2.5,"Hypergraph(num_v=14, num_e=7)",False,-2.4128258228302
4174,HETIO,3-02-CbGeAlD-augA3,rewr,3.1681973934173584,0.4463295936584472,1,7,6,0,6,16894.27,137,438672,70293.42857142857,977.0,7204.0,22043.5,1859.0,15822.0,9577.166666666666,8907.25,9742.0,11187.25,2,1,3,1.2727272727272727,1.0,1.0,1.0,2,2,2.0,2.0,2.0,2.0,"Hypergraph(num_v=14, num_e=7)",False,-2.721867799758911
4175,HETIO,3-02-CbGeAlD-augA4,rewr,3.1652114391326904,0.7555193901062012,1,7,6,0,6,16894.27,137,438672,70293.42857142857,977.0,7204.0,22043.5,1859.0,15822.0,9577.166666666666,8907.25,9742.0,11187.25,2,1,3,1.2727272727272727,1.0,1.0,1.0,1,4,2.0,1.0,1.0,2.5,"Hypergraph(num_v=14, num_e=7)",False,-2.4096920490264893
4176,HETIO,3-02-CbGeAlD-augA5,rewr,3.0721778869628906,0.199380874633789,1,7,6,0,6,16894.27,137,438672,70293.42857142857,977.0,7204.0,22043.5,1859.0,15822.0,9577.166666666666,8907.25,9742.0,11187.25,3,1,3,1.2727272727272727,1.0,1.0,1.0,1,3,2.0,2.0,1.5,2.5,"Hypergraph(num_v=14, num_e=7)",False,-2.8727970123291016
4177,HETIO,3-02-CbGeAlD-augA6,rewr,3.0866551399230957,0.1994514465332031,1,7,6,0,6,16894.27,137,438672,70293.42857142857,977.0,7204.0,22043.5,1859.0,15822.0,9577.166666666666,8907.25,9742.0,11187.25,3,1,3,1.2727272727272727,1.0,1.0,1.0,1,3,2.0,2.0,1.5,2.5,"Hypergraph(num_v=14, num_e=7)",False,-2.8872036933898926
4178,HETIO,3-03-CbGiGaD2,orig,0.4045536518096924,0.474933385848999,1,7,6,0,6,7959.55,1,294328,52193.0,844.5,20945.0,24194.0,626.0,25205.0,13026.666666666666,3386.75,15843.0,20017.0,3,1,3,1.2727272727272727,1.0,1.0,1.0,1,3,2.0,2.0,1.5,2.5,"Hypergraph(num_v=14, num_e=7)",True,0.07037973403930664
4179,HETIO,3-03-CbGiGaD2-augA1,orig,0.404569149017334,0.4795677661895752,1,7,6,0,6,7959.55,1,294328,52193.0,844.5,20945.0,24194.0,626.0,25205.0,13026.666666666666,3386.75,15843.0,20017.0,3,1,3,1.2727272727272727,1.0,1.0,1.0,1,3,2.0,2.0,1.5,2.5,"Hypergraph(num_v=14, num_e=7)",False,0.07499861717224121
4180,HETIO,3-03-CbGiGaD2-augA2,rewr,0.38283205032348633,0.1671380996704101,1,7,6,0,6,7959.55,1,294328,52193.0,844.5,20945.0,24194.0,626.0,25205.0,13026.666666666666,3386.75,15843.0,20017.0,2,1,3,1.2727272727272727,1.0,1.0,1.0,2,2,2.0,2.0,2.0,2.0,"Hypergraph(num_v=14, num_e=7)",False,-0.21569395065307623
4181,HETIO,3-03-CbGiGaD2-augA3,orig,0.3847329616546631,0.4664678573608398,1,7,6,0,6,7959.55,1,294328,52193.0,844.5,20945.0,24194.0,626.0,25205.0,13026.666666666666,3386.75,15843.0,20017.0,2,1,3,1.2727272727272727,1.0,1.0,1.0,1,4,2.0,1.0,1.0,2.5,"Hypergraph(num_v=14, num_e=7)",False,0.0817348957061767
4182,HETIO,3-03-CbGiGaD2-augA4,rewr,0.39670848846435547,0.3146500587463379,1,7,6,0,6,7959.55,1,294328,52193.0,844.5,20945.0,24194.0,626.0,25205.0,13026.666666666666,3386.75,15843.0,20017.0,2,1,3,1.2727272727272727,1.0,1.0,1.0,1,3,2.0,2.0,1.5,2.5,"Hypergraph(num_v=14, num_e=7)",False,-0.08205842971801758
4183,HETIO,3-03-CbGiGaD2-augA5,rewr,0.4630012512207031,0.1153576374053955,1,7,6,0,6,7959.55,1,294328,52193.0,844.5,20945.0,24194.0,626.0,25205.0,13026.666666666666,3386.75,15843.0,20017.0,3,1,3,1.2727272727272727,1.0,1.0,1.0,1,3,2.0,2.0,1.5,2.5,"Hypergraph(num_v=14, num_e=7)",False,-0.3476436138153076
4184,HETIO,3-03-CbGiGaD2-augA6,rewr,0.4609706401824951,0.4144148826599121,1,7,6,0,6,7959.55,1,294328,52193.0,844.5,20945.0,24194.0,626.0,25205.0,13026.666666666666,3386.75,15843.0,20017.0,3,1,3,1.2727272727272727,1.0,1.0,1.0,1,3,2.0,2.0,1.5,2.5,"Hypergraph(num_v=14, num_e=7)",False,-0.04655575752258301
4185,HETIO,3-04-CcSEcCtD,rewr,3.367985725402832,0.3682036399841308,1,7,6,0,6,12382.8,137,163464,48201.857142857145,1531.0,1552.0,84599.0,446.0,602716.0,115004.83333333331,2501.0,8666.0,53983.25,3,1,3,1.2727272727272727,1.0,1.0,1.0,1,3,2.0,2.0,1.5,2.5,"Hypergraph(num_v=14, num_e=7)",True,-2.999782085418701
4186,HETIO,3-04-CcSEcCtD-augA1,rewr,3.2982513904571533,0.2852010726928711,1,7,6,0,6,12382.8,137,163464,48201.857142857145,1531.0,1552.0,84599.0,446.0,602716.0,115004.83333333331,2501.0,8666.0,53983.25,3,1,3,1.2727272727272727,1.0,1.0,1.0,1,3,2.0,2.0,1.5,2.5,"Hypergraph(num_v=14, num_e=7)",False,-3.0130503177642822
4187,HETIO,3-04-CcSEcCtD-augA2,rewr,3.2132186889648438,0.3547837734222412,1,7,6,0,6,12382.8,137,163464,48201.857142857145,1531.0,1552.0,84599.0,446.0,602716.0,115004.83333333331,2501.0,8666.0,53983.25,2,1,3,1.2727272727272727,1.0,1.0,1.0,1,4,2.0,1.0,1.0,2.5,"Hypergraph(num_v=14, num_e=7)",False,-2.8584349155426025
4188,HETIO,3-04-CcSEcCtD-augA3,rewr,3.4746387004852295,0.3955581188201904,1,7,6,0,6,12382.8,137,163464,48201.857142857145,1531.0,1552.0,84599.0,446.0,602716.0,115004.83333333331,2501.0,8666.0,53983.25,2,1,3,1.2727272727272727,1.0,1.0,1.0,1,3,2.0,2.0,1.5,2.5,"Hypergraph(num_v=14, num_e=7)",False,-3.079080581665039
4189,HETIO,3-04-CcSEcCtD-augA4,rewr,3.5924692153930664,0.3813261985778808,1,7,6,0,6,12382.8,137,163464,48201.857142857145,1531.0,1552.0,84599.0,446.0,602716.0,115004.83333333331,2501.0,8666.0,53983.25,2,1,3,1.2727272727272727,1.0,1.0,1.0,1,4,2.0,1.0,1.0,2.5,"Hypergraph(num_v=14, num_e=7)",False,-3.2111430168151855
4190,HETIO,3-04-CcSEcCtD-augA5,rewr,3.5827019214630127,0.284341812133789,1,7,6,0,6,12382.8,137,163464,48201.857142857145,1531.0,1552.0,84599.0,446.0,602716.0,115004.83333333331,2501.0,8666.0,53983.25,2,1,3,1.2727272727272727,1.0,1.0,1.0,2,2,2.0,2.0,2.0,2.0,"Hypergraph(num_v=14, num_e=7)",False,-3.2983601093292236
4191,HETIO,3-04-CcSEcCtD-augA6,rewr,3.6634700298309326,0.4303832054138183,1,7,6,0,6,12382.8,137,163464,48201.857142857145,1531.0,1552.0,84599.0,446.0,602716.0,115004.83333333331,2501.0,8666.0,53983.25,3,1,3,1.2727272727272727,1.0,1.0,1.0,1,3,2.0,2.0,1.5,2.5,"Hypergraph(num_v=14, num_e=7)",False,-3.2330868244171143
4192,HETIO,3-05-CdGdCtD,rewr,0.16768288612365723,0.1288080215454101,1,7,6,0,6,10330.82,137,154076,47692.57142857143,1531.0,1552.0,87510.5,446.0,439016.0,77864.16666666667,870.0,2142.0,17780.25,3,1,3,1.2727272727272727,1.0,1.0,1.0,1,3,2.0,2.0,1.5,2.5,"Hypergraph(num_v=14, num_e=7)",True,-0.038874864578247126
4193,HETIO,3-05-CdGdCtD-augA1,orig,0.17245769500732422,0.192063570022583,1,7,6,0,6,10330.82,137,154076,47692.57142857143,1531.0,1552.0,87510.5,446.0,439016.0,77864.16666666667,870.0,2142.0,17780.25,3,1,3,1.2727272727272727,1.0,1.0,1.0,1,3,2.0,2.0,1.5,2.5,"Hypergraph(num_v=14, num_e=7)",False,0.01960587501525879
4194,HETIO,3-05-CdGdCtD-augA2,rewr,0.14705419540405273,0.1244146823883056,1,7,6,0,6,10330.82,137,154076,47692.57142857143,1531.0,1552.0,87510.5,446.0,439016.0,77864.16666666667,870.0,2142.0,17780.25,2,1,3,1.2727272727272727,1.0,1.0,1.0,1,4,2.0,1.0,1.0,2.5,"Hypergraph(num_v=14, num_e=7)",False,-0.02263951301574714
4195,HETIO,3-05-CdGdCtD-augA3,orig,0.17730450630187988,0.1962230205535888,1,7,6,0,6,10330.82,137,154076,47692.57142857143,1531.0,1552.0,87510.5,446.0,439016.0,77864.16666666667,870.0,2142.0,17780.25,2,1,3,1.2727272727272727,1.0,1.0,1.0,1,4,2.0,1.0,1.0,2.5,"Hypergraph(num_v=14, num_e=7)",False,0.01891851425170893
4196,HETIO,3-05-CdGdCtD-augA4,orig,0.18298959732055664,0.1908767223358154,1,7,6,0,6,10330.82,137,154076,47692.57142857143,1531.0,1552.0,87510.5,446.0,439016.0,77864.16666666667,870.0,2142.0,17780.25,2,1,3,1.2727272727272727,1.0,1.0,1.0,1,4,2.0,1.0,1.0,2.5,"Hypergraph(num_v=14, num_e=7)",False,0.007887125015258761
4197,HETIO,3-05-CdGdCtD-augA5,rewr,0.17792916297912598,0.1340203285217285,1,7,6,0,6,10330.82,137,154076,47692.57142857143,1531.0,1552.0,87510.5,446.0,439016.0,77864.16666666667,870.0,2142.0,17780.25,2,1,3,1.2727272727272727,1.0,1.0,1.0,1,3,2.0,2.0,1.5,2.5,"Hypergraph(num_v=14, num_e=7)",False,-0.04390883445739749
4198,HETIO,3-05-CdGdCtD-augA6,rewr,0.18166399002075195,0.129840612411499,1,7,6,0,6,10330.82,137,154076,47692.57142857143,1531.0,1552.0,87510.5,446.0,439016.0,77864.16666666667,870.0,2142.0,17780.25,3,1,3,1.2727272727272727,1.0,1.0,1.0,1,3,2.0,2.0,1.5,2.5,"Hypergraph(num_v=14, num_e=7)",False,-0.05182337760925296
4199,HETIO,3-06-CdGuCtD,orig,0.08364319801330566,0.1706907749176025,1,7,6,0,6,10283.64,137,154076,46578.28571428572,1531.0,1552.0,83610.5,446.0,493338.0,87063.16666666667,979.0,2578.0,17889.25,3,1,3,1.2727272727272727,1.0,1.0,1.0,2,2,2.0,2.0,2.0,2.0,"Hypergraph(num_v=14, num_e=7)",True,0.08704757690429685
4200,HETIO,3-06-CdGuCtD-augA1,orig,0.08145976066589355,0.1176278591156005,1,7,6,0,6,10283.64,137,154076,46578.28571428572,1531.0,1552.0,83610.5,446.0,493338.0,87063.16666666667,979.0,2578.0,17889.25,3,1,3,1.2727272727272727,1.0,1.0,1.0,1,3,2.0,2.0,1.5,2.5,"Hypergraph(num_v=14, num_e=7)",False,0.03616809844970695
4201,HETIO,3-06-CdGuCtD-augA2,orig,0.0768120288848877,0.1741163730621338,1,7,6,0,6,10283.64,137,154076,46578.28571428572,1531.0,1552.0,83610.5,446.0,493338.0,87063.16666666667,979.0,2578.0,17889.25,2,1,3,1.2727272727272727,1.0,1.0,1.0,1,3,2.0,2.0,1.5,2.5,"Hypergraph(num_v=14, num_e=7)",False,0.0973043441772461
4202,HETIO,3-06-CdGuCtD-augA3,orig,0.08337116241455078,0.1815578937530517,1,7,6,0,6,10283.64,137,154076,46578.28571428572,1531.0,1552.0,83610.5,446.0,493338.0,87063.16666666667,979.0,2578.0,17889.25,2,1,3,1.2727272727272727,1.0,1.0,1.0,1,4,2.0,1.0,1.0,2.5,"Hypergraph(num_v=14, num_e=7)",False,0.09818673133850092
4203,HETIO,3-06-CdGuCtD-augA4,orig,0.0828084945678711,0.1871633529663086,1,7,6,0,6,10283.64,137,154076,46578.28571428572,1531.0,1552.0,83610.5,446.0,493338.0,87063.16666666667,979.0,2578.0,17889.25,2,1,3,1.2727272727272727,1.0,1.0,1.0,1,4,2.0,1.0,1.0,2.5,"Hypergraph(num_v=14, num_e=7)",False,0.1043548583984375
4204,HETIO,3-06-CdGuCtD-augA5,orig,0.08412313461303711,0.1229097843170166,1,7,6,0,6,10283.64,137,154076,46578.28571428572,1531.0,1552.0,83610.5,446.0,493338.0,87063.16666666667,979.0,2578.0,17889.25,2,1,3,1.2727272727272727,1.0,1.0,1.0,1,4,2.0,1.0,1.0,2.5,"Hypergraph(num_v=14, num_e=7)",False,0.03878664970397949
4205,HETIO,3-06-CdGuCtD-augA6,orig,0.08338761329650879,0.1281459331512451,1,7,6,0,6,10283.64,137,154076,46578.28571428572,1531.0,1552.0,83610.5,446.0,493338.0,87063.16666666667,979.0,2578.0,17889.25,3,1,3,1.2727272727272727,1.0,1.0,1.0,2,2,2.0,2.0,2.0,2.0,"Hypergraph(num_v=14, num_e=7)",False,0.0447583198547363
4206,HETIO,3-07-CiPCiCtD,rewr,0.28469133377075195,0.0187437534332275,1,7,6,0,5,8170.09,137,2058,1316.0,927.5,1552.0,1805.0,219.0,451707.0,150659.5,275.75,555.0,338192.5,3,1,3,1.2727272727272727,1.0,1.0,1.0,1,3,2.0,2.0,1.5,2.5,"Hypergraph(num_v=14, num_e=7)",True,-0.26594758033752447
4207,HETIO,3-07-CiPCiCtD-augA1,rewr,0.3318037986755371,0.0196919441223144,1,7,6,0,5,8170.09,137,2058,1316.0,927.5,1552.0,1805.0,219.0,451707.0,150659.5,275.75,555.0,338192.5,4,1,3,1.2727272727272727,1.0,1.0,1.0,1,3,1.5,1.0,1.0,1.5,"Hypergraph(num_v=14, num_e=7)",False,-0.3121118545532227
4208,HETIO,3-07-CiPCiCtD-augA2,rewr,0.35100460052490234,0.0190660953521728,1,7,6,0,5,8170.09,137,2058,1316.0,927.5,1552.0,1805.0,219.0,451707.0,150659.5,275.75,555.0,338192.5,2,1,3,1.2727272727272727,1.0,1.0,1.0,1,4,2.0,1.0,1.0,2.5,"Hypergraph(num_v=14, num_e=7)",False,-0.33193850517272955
4209,HETIO,3-07-CiPCiCtD-augA3,rewr,0.3495609760284424,0.0187318325042724,1,7,6,0,5,8170.09,137,2058,1316.0,927.5,1552.0,1805.0,219.0,451707.0,150659.5,275.75,555.0,338192.5,2,1,3,1.2727272727272727,1.0,1.0,1.0,1,4,2.0,1.0,1.0,2.5,"Hypergraph(num_v=14, num_e=7)",False,-0.33082914352417
4210,HETIO,3-07-CiPCiCtD-augA4,rewr,0.31921935081481934,0.0181050300598144,1,7,6,0,5,8170.09,137,2058,1316.0,927.5,1552.0,1805.0,219.0,451707.0,150659.5,275.75,555.0,338192.5,2,1,3,1.2727272727272727,1.0,1.0,1.0,1,3,2.0,2.0,1.5,2.5,"Hypergraph(num_v=14, num_e=7)",False,-0.30111432075500494
4211,HETIO,3-07-CiPCiCtD-augA5,rewr,0.3179757595062256,0.0213379859924316,1,7,6,0,5,8170.09,137,2058,1316.0,927.5,1552.0,1805.0,219.0,451707.0,150659.5,275.75,555.0,338192.5,2,1,3,1.2727272727272727,1.0,1.0,1.0,1,4,2.0,1.0,1.0,2.5,"Hypergraph(num_v=14, num_e=7)",False,-0.296637773513794
4212,HETIO,3-07-CiPCiCtD-augA6,rewr,0.32426953315734863,0.0174202919006347,1,7,6,0,5,8170.09,137,2058,1316.0,927.5,1552.0,1805.0,219.0,451707.0,150659.5,275.75,555.0,338192.5,2,1,3,1.2727272727272727,1.0,1.0,1.0,1,3,2.0,2.0,1.5,2.5,"Hypergraph(num_v=14, num_e=7)",False,-0.3068492412567139
4213,HETIO,3-08-CpDpCtD,orig,0.0038077831268310547,0.0140321254730224,1,7,6,0,6,209.97,137,1552,921.1428571428572,458.5,780.0,1531.0,394.0,4830.0,1237.5,446.0,487.5,717.25,3,1,3,1.2727272727272727,1.0,1.0,1.0,1,3,2.0,2.0,1.5,2.5,"Hypergraph(num_v=14, num_e=7)",True,0.010224342346191346
4214,HETIO,3-08-CpDpCtD-augA1,orig,0.003799915313720703,0.015425682067871,1,7,6,0,6,209.97,137,1552,921.1428571428572,458.5,780.0,1531.0,394.0,4830.0,1237.5,446.0,487.5,717.25,3,1,3,1.2727272727272727,1.0,1.0,1.0,1,3,2.0,2.0,1.5,2.5,"Hypergraph(num_v=14, num_e=7)",False,0.011625766754150297
4215,HETIO,3-08-CpDpCtD-augA2,orig,0.003999948501586914,0.0158054828643798,1,7,6,0,6,209.97,137,1552,921.1428571428572,458.5,780.0,1531.0,394.0,4830.0,1237.5,446.0,487.5,717.25,2,1,3,1.2727272727272727,1.0,1.0,1.0,1,3,2.0,2.0,1.5,2.5,"Hypergraph(num_v=14, num_e=7)",False,0.011805534362792885
4216,HETIO,3-08-CpDpCtD-augA3,orig,0.003832578659057617,0.0150926113128662,1,7,6,0,6,209.97,137,1552,921.1428571428572,458.5,780.0,1531.0,394.0,4830.0,1237.5,446.0,487.5,717.25,2,1,3,1.2727272727272727,1.0,1.0,1.0,1,3,2.0,2.0,1.5,2.5,"Hypergraph(num_v=14, num_e=7)",False,0.011260032653808583
4217,HETIO,3-08-CpDpCtD-augA4,orig,0.0038683414459228516,0.0152246952056884,1,7,6,0,6,209.97,137,1552,921.1428571428572,458.5,780.0,1531.0,394.0,4830.0,1237.5,446.0,487.5,717.25,2,1,3,1.2727272727272727,1.0,1.0,1.0,1,4,2.0,1.0,1.0,2.5,"Hypergraph(num_v=14, num_e=7)",False,0.011356353759765549
4218,HETIO,3-08-CpDpCtD-augA5,orig,0.003841400146484375,0.0158123970031738,1,7,6,0,6,209.97,137,1552,921.1428571428572,458.5,780.0,1531.0,394.0,4830.0,1237.5,446.0,487.5,717.25,2,1,3,1.2727272727272727,1.0,1.0,1.0,1,4,2.0,1.0,1.0,2.5,"Hypergraph(num_v=14, num_e=7)",False,0.011970996856689425
4219,HETIO,3-08-CpDpCtD-augA6,orig,0.0039038658142089844,0.0155637264251708,1,7,6,0,6,209.97,137,1552,921.1428571428572,458.5,780.0,1531.0,394.0,4830.0,1237.5,446.0,487.5,717.25,3,1,3,1.2727272727272727,1.0,1.0,1.0,1,3,2.0,2.0,1.5,2.5,"Hypergraph(num_v=14, num_e=7)",False,0.011659860610961815
4220,HETIO,3-09-CrCrCtD,orig,0.04019641876220703,0.0453360080718994,1,7,6,0,6,1487.53,137,14058,4917.0,1531.0,1552.0,7805.0,446.0,67979.0,15353.166666666666,1483.25,4595.0,11692.25,3,1,3,1.2727272727272727,1.0,1.0,1.0,1,3,2.0,2.0,1.5,2.5,"Hypergraph(num_v=14, num_e=7)",True,0.005139589309692369
4221,HETIO,3-09-CrCrCtD-augA1,rewr,0.03984975814819336,0.0383944511413574,1,7,6,0,6,1487.53,137,14058,4917.0,1531.0,1552.0,7805.0,446.0,67979.0,15353.166666666666,1483.25,4595.0,11692.25,3,1,3,1.2727272727272727,1.0,1.0,1.0,1,3,2.0,2.0,1.5,2.5,"Hypergraph(num_v=14, num_e=7)",False,-0.0014553070068359583
4222,HETIO,3-09-CrCrCtD-augA2,rewr,0.04000258445739746,0.0378921031951904,1,7,6,0,6,1487.53,137,14058,4917.0,1531.0,1552.0,7805.0,446.0,67979.0,15353.166666666666,1483.25,4595.0,11692.25,2,1,3,1.2727272727272727,1.0,1.0,1.0,2,2,2.0,2.0,2.0,2.0,"Hypergraph(num_v=14, num_e=7)",False,-0.002110481262207059
4223,HETIO,3-09-CrCrCtD-augA3,orig,0.04073452949523926,0.0456435680389404,1,7,6,0,6,1487.53,137,14058,4917.0,1531.0,1552.0,7805.0,446.0,67979.0,15353.166666666666,1483.25,4595.0,11692.25,2,1,3,1.2727272727272727,1.0,1.0,1.0,2,2,2.0,2.0,2.0,2.0,"Hypergraph(num_v=14, num_e=7)",False,0.004909038543701144
4224,HETIO,3-09-CrCrCtD-augA4,orig,0.04172468185424805,0.0497806072235107,1,7,6,0,6,1487.53,137,14058,4917.0,1531.0,1552.0,7805.0,446.0,67979.0,15353.166666666666,1483.25,4595.0,11692.25,2,1,3,1.2727272727272727,1.0,1.0,1.0,1,4,2.0,1.0,1.0,2.5,"Hypergraph(num_v=14, num_e=7)",False,0.008055925369262654
4225,HETIO,3-09-CrCrCtD-augA5,orig,0.04204058647155762,0.0442969799041748,1,7,6,0,6,1487.53,137,14058,4917.0,1531.0,1552.0,7805.0,446.0,67979.0,15353.166666666666,1483.25,4595.0,11692.25,2,1,3,1.2727272727272727,1.0,1.0,1.0,2,2,2.0,2.0,2.0,2.0,"Hypergraph(num_v=14, num_e=7)",False,0.0022563934326171806
4226,HETIO,3-09-CrCrCtD-augA6,orig,0.04232048988342285,0.0433337688446044,1,7,6,0,6,1487.53,137,14058,4917.0,1531.0,1552.0,7805.0,446.0,67979.0,15353.166666666666,1483.25,4595.0,11692.25,3,1,3,1.2727272727272727,1.0,1.0,1.0,1,3,2.0,2.0,1.5,2.5,"Hypergraph(num_v=14, num_e=7)",False,0.0010132789611815504
4227,HETIO,3-10-CrCbGaD,rewr,0.20392847061157227,0.0679666996002197,1,7,6,0,6,1664.25,1,25246,9384.0,844.5,1552.0,18600.0,626.0,10335.0,4245.5,767.0,1775.5,8341.5,3,1,3,1.2727272727272727,1.0,1.0,1.0,1,3,2.0,2.0,1.5,2.5,"Hypergraph(num_v=14, num_e=7)",True,-0.13596177101135257
4228,HETIO,3-10-CrCbGaD-augA1,rewr,0.204559326171875,0.0667595863342285,1,7,6,0,6,1664.25,1,25246,9384.0,844.5,1552.0,18600.0,626.0,10335.0,4245.5,767.0,1775.5,8341.5,3,1,3,1.2727272727272727,1.0,1.0,1.0,1,3,2.0,2.0,1.5,2.5,"Hypergraph(num_v=14, num_e=7)",False,-0.13779973983764648
4229,HETIO,3-10-CrCbGaD-augA2,rewr,0.21139216423034668,0.0655431747436523,1,7,6,0,6,1664.25,1,25246,9384.0,844.5,1552.0,18600.0,626.0,10335.0,4245.5,767.0,1775.5,8341.5,2,1,3,1.2727272727272727,1.0,1.0,1.0,1,4,2.0,1.0,1.0,2.5,"Hypergraph(num_v=14, num_e=7)",False,-0.1458489894866944
4230,HETIO,3-10-CrCbGaD-augA3,rewr,0.21596264839172363,0.0663850307464599,1,7,6,0,6,1664.25,1,25246,9384.0,844.5,1552.0,18600.0,626.0,10335.0,4245.5,767.0,1775.5,8341.5,2,1,3,1.2727272727272727,1.0,1.0,1.0,2,2,2.0,2.0,2.0,2.0,"Hypergraph(num_v=14, num_e=7)",False,-0.14957761764526373
4231,HETIO,3-10-CrCbGaD-augA4,rewr,0.19761228561401367,0.0677525997161865,1,7,6,0,6,1664.25,1,25246,9384.0,844.5,1552.0,18600.0,626.0,10335.0,4245.5,767.0,1775.5,8341.5,2,1,3,1.2727272727272727,1.0,1.0,1.0,1,3,2.0,2.0,1.5,2.5,"Hypergraph(num_v=14, num_e=7)",False,-0.12985968589782718
4232,HETIO,3-10-CrCbGaD-augA5,rewr,0.22335243225097656,0.064601182937622,1,7,6,0,6,1664.25,1,25246,9384.0,844.5,1552.0,18600.0,626.0,10335.0,4245.5,767.0,1775.5,8341.5,3,1,3,1.2727272727272727,1.0,1.0,1.0,1,3,2.0,2.0,1.5,2.5,"Hypergraph(num_v=14, num_e=7)",False,-0.15875124931335455
4233,HETIO,3-10-CrCbGaD-augA6,rewr,0.2244713306427002,0.0664389133453369,1,7,6,0,6,1664.25,1,25246,9384.0,844.5,1552.0,18600.0,626.0,10335.0,4245.5,767.0,1775.5,8341.5,3,1,3,1.2727272727272727,1.0,1.0,1.0,1,3,2.0,2.0,1.5,2.5,"Hypergraph(num_v=14, num_e=7)",False,-0.15803241729736328
4234,HETIO,3-11-CtDdGdD,orig,0.06164860725402832,0.200512409210205,1,7,6,0,6,9810.92,137,154076,47490.42857142857,823.5,1552.0,87510.5,1510.0,258073.0,46679.66666666666,2035.25,2054.0,11282.0,3,1,3,1.2727272727272727,1.0,1.0,1.0,1,3,2.0,2.0,1.5,2.5,"Hypergraph(num_v=14, num_e=7)",True,0.13886380195617667
4235,HETIO,3-11-CtDdGdD-augA1,orig,0.0623631477355957,0.1996304988861084,1,7,6,0,6,9810.92,137,154076,47490.42857142857,823.5,1552.0,87510.5,1510.0,258073.0,46679.66666666666,2035.25,2054.0,11282.0,3,1,3,1.2727272727272727,1.0,1.0,1.0,1,3,2.0,2.0,1.5,2.5,"Hypergraph(num_v=14, num_e=7)",False,0.1372673511505127
4236,HETIO,3-11-CtDdGdD-augA2,orig,0.06304144859313965,0.1200225353240966,1,7,6,0,6,9810.92,137,154076,47490.42857142857,823.5,1552.0,87510.5,1510.0,258073.0,46679.66666666666,2035.25,2054.0,11282.0,2,1,3,1.2727272727272727,1.0,1.0,1.0,2,2,2.0,2.0,2.0,2.0,"Hypergraph(num_v=14, num_e=7)",False,0.05698108673095695
4237,HETIO,3-11-CtDdGdD-augA3,orig,0.0646672248840332,0.1972041130065918,1,7,6,0,6,9810.92,137,154076,47490.42857142857,823.5,1552.0,87510.5,1510.0,258073.0,46679.66666666666,2035.25,2054.0,11282.0,2,1,3,1.2727272727272727,1.0,1.0,1.0,2,2,2.0,2.0,2.0,2.0,"Hypergraph(num_v=14, num_e=7)",False,0.1325368881225586
4238,HETIO,3-11-CtDdGdD-augA4,orig,0.05895709991455078,0.1616885662078857,1,7,6,0,6,9810.92,137,154076,47490.42857142857,823.5,1552.0,87510.5,1510.0,258073.0,46679.66666666666,2035.25,2054.0,11282.0,2,1,3,1.2727272727272727,1.0,1.0,1.0,1,3,2.0,2.0,1.5,2.5,"Hypergraph(num_v=14, num_e=7)",False,0.1027314662933349
4239,HETIO,3-11-CtDdGdD-augA5,orig,0.05906867980957031,0.1969161033630371,1,7,6,0,6,9810.92,137,154076,47490.42857142857,823.5,1552.0,87510.5,1510.0,258073.0,46679.66666666666,2035.25,2054.0,11282.0,2,1,3,1.2727272727272727,1.0,1.0,1.0,2,2,2.0,2.0,2.0,2.0,"Hypergraph(num_v=14, num_e=7)",False,0.1378474235534668
4240,HETIO,3-11-CtDdGdD-augA6,orig,0.06366109848022461,0.1578145027160644,1,7,6,0,6,9810.92,137,154076,47490.42857142857,823.5,1552.0,87510.5,1510.0,258073.0,46679.66666666666,2035.25,2054.0,11282.0,3,1,3,1.2727272727272727,1.0,1.0,1.0,2,2,2.0,2.0,2.0,2.0,"Hypergraph(num_v=14, num_e=7)",False,0.09415340423583979
4241,HETIO,3-12-CtDdGuD,orig,0.062035322189331055,0.1242780685424804,1,7,6,0,6,9477.69,1,154076,43384.142857142855,137.0,1510.0,73914.0,1510.0,213036.0,39092.16666666666,1810.0,1919.5,11275.75,3,1,3,1.2727272727272727,1.0,1.0,1.0,1,3,2.0,2.0,1.5,2.5,"Hypergraph(num_v=14, num_e=7)",True,0.062242746353149345
4242,HETIO,3-12-CtDdGuD-augA1,orig,0.06020045280456543,0.0916452407836914,1,7,6,0,6,9477.69,1,154076,43384.142857142855,137.0,1510.0,73914.0,1510.0,213036.0,39092.16666666666,1810.0,1919.5,11275.75,3,1,3,1.2727272727272727,1.0,1.0,1.0,1,3,2.0,2.0,1.5,2.5,"Hypergraph(num_v=14, num_e=7)",False,0.03144478797912598
4243,HETIO,3-12-CtDdGuD-augA2,orig,0.06102442741394043,0.171231985092163,1,7,6,0,6,9477.69,1,154076,43384.142857142855,137.0,1510.0,73914.0,1510.0,213036.0,39092.16666666666,1810.0,1919.5,11275.75,2,1,3,1.2727272727272727,1.0,1.0,1.0,1,3,2.0,2.0,1.5,2.5,"Hypergraph(num_v=14, num_e=7)",False,0.11020755767822257
4244,HETIO,3-12-CtDdGuD-augA3,orig,0.06262397766113281,0.0942845344543457,1,7,6,0,6,9477.69,1,154076,43384.142857142855,137.0,1510.0,73914.0,1510.0,213036.0,39092.16666666666,1810.0,1919.5,11275.75,2,1,3,1.2727272727272727,1.0,1.0,1.0,1,3,2.0,2.0,1.5,2.5,"Hypergraph(num_v=14, num_e=7)",False,0.03166055679321289
4245,HETIO,3-12-CtDdGuD-augA4,orig,0.059929609298706055,0.1696736812591552,1,7,6,0,6,9477.69,1,154076,43384.142857142855,137.0,1510.0,73914.0,1510.0,213036.0,39092.16666666666,1810.0,1919.5,11275.75,2,1,3,1.2727272727272727,1.0,1.0,1.0,1,4,2.0,1.0,1.0,2.5,"Hypergraph(num_v=14, num_e=7)",False,0.10974407196044914
4246,HETIO,3-12-CtDdGuD-augA5,orig,0.05934882164001465,0.1584558486938476,1,7,6,0,6,9477.69,1,154076,43384.142857142855,137.0,1510.0,73914.0,1510.0,213036.0,39092.16666666666,1810.0,1919.5,11275.75,2,1,3,1.2727272727272727,1.0,1.0,1.0,1,3,2.0,2.0,1.5,2.5,"Hypergraph(num_v=14, num_e=7)",False,0.09910702705383295
4247,HETIO,3-12-CtDdGuD-augA6,orig,0.06020307540893555,0.098419189453125,1,7,6,0,6,9477.69,1,154076,43384.142857142855,137.0,1510.0,73914.0,1510.0,213036.0,39092.16666666666,1810.0,1919.5,11275.75,3,1,3,1.2727272727272727,1.0,1.0,1.0,1,3,2.0,2.0,1.5,2.5,"Hypergraph(num_v=14, num_e=7)",False,0.03821611404418945
4248,HETIO,3-13-CtDlAlD,rewr,0.07141947746276855,0.0274674892425537,1,7,6,0,6,963.45,137,7204,2592.285714285714,269.5,1510.0,4378.0,1407.0,47314.0,10571.5,1597.25,1859.0,7574.75,3,1,3,1.2727272727272727,1.0,1.0,1.0,1,3,2.0,2.0,1.5,2.5,"Hypergraph(num_v=14, num_e=7)",True,-0.04395198822021486
4249,HETIO,3-13-CtDlAlD-augA1,rewr,0.07144355773925781,0.0281178951263427,1,7,6,0,6,963.45,137,7204,2592.285714285714,269.5,1510.0,4378.0,1407.0,47314.0,10571.5,1597.25,1859.0,7574.75,3,1,3,1.2727272727272727,1.0,1.0,1.0,1,3,2.0,2.0,1.5,2.5,"Hypergraph(num_v=14, num_e=7)",False,-0.04332566261291511
4250,HETIO,3-13-CtDlAlD-augA2,rewr,0.07394695281982422,0.0262417793273925,1,7,6,0,6,963.45,137,7204,2592.285714285714,269.5,1510.0,4378.0,1407.0,47314.0,10571.5,1597.25,1859.0,7574.75,2,1,3,1.2727272727272727,1.0,1.0,1.0,1,4,2.0,1.0,1.0,2.5,"Hypergraph(num_v=14, num_e=7)",False,-0.047705173492431724
4251,HETIO,3-13-CtDlAlD-augA3,rewr,0.07382535934448242,0.0253026485443115,1,7,6,0,6,963.45,137,7204,2592.285714285714,269.5,1510.0,4378.0,1407.0,47314.0,10571.5,1597.25,1859.0,7574.75,2,1,3,1.2727272727272727,1.0,1.0,1.0,2,2,2.0,2.0,2.0,2.0,"Hypergraph(num_v=14, num_e=7)",False,-0.048522710800170926
4252,HETIO,3-13-CtDlAlD-augA4,rewr,0.09773468971252441,0.0254573822021484,1,7,6,0,6,963.45,137,7204,2592.285714285714,269.5,1510.0,4378.0,1407.0,47314.0,10571.5,1597.25,1859.0,7574.75,2,1,3,1.2727272727272727,1.0,1.0,1.0,2,2,2.0,2.0,2.0,2.0,"Hypergraph(num_v=14, num_e=7)",False,-0.07227730751037602
4253,HETIO,3-13-CtDlAlD-augA5,rewr,0.07672476768493652,0.0279271602630615,1,7,6,0,6,963.45,137,7204,2592.285714285714,269.5,1510.0,4378.0,1407.0,47314.0,10571.5,1597.25,1859.0,7574.75,3,1,3,1.2727272727272727,1.0,1.0,1.0,1,3,2.0,2.0,1.5,2.5,"Hypergraph(num_v=14, num_e=7)",False,-0.04879760742187503
4254,HETIO,3-13-CtDlAlD-augA6,rewr,0.07672572135925293,0.0266177654266357,1,7,6,0,6,963.45,137,7204,2592.285714285714,269.5,1510.0,4378.0,1407.0,47314.0,10571.5,1597.25,1859.0,7574.75,3,1,3,1.2727272727272727,1.0,1.0,1.0,1,3,2.0,2.0,1.5,2.5,"Hypergraph(num_v=14, num_e=7)",False,-0.05010795593261723
4255,HETIO,3-14-CtDpSpD,rewr,0.07503509521484375,0.0232925415039062,1,7,6,0,6,826.35,137,6714,2457.428571428572,287.5,1510.0,4133.0,1342.0,40601.0,9139.666666666666,1552.0,1678.0,6441.25,3,1,3,1.2727272727272727,1.0,1.0,1.0,1,3,2.0,2.0,1.5,2.5,"Hypergraph(num_v=14, num_e=7)",True,-0.05174255371093755
4256,HETIO,3-14-CtDpSpD-augA1,rewr,0.07496380805969238,0.0257997512817382,1,7,6,0,6,826.35,137,6714,2457.428571428572,287.5,1510.0,4133.0,1342.0,40601.0,9139.666666666666,1552.0,1678.0,6441.25,3,1,3,1.2727272727272727,1.0,1.0,1.0,1,3,2.0,2.0,1.5,2.5,"Hypergraph(num_v=14, num_e=7)",False,-0.049164056777954185
4257,HETIO,3-14-CtDpSpD-augA2,rewr,0.07749080657958984,0.0261335372924804,1,7,6,0,6,826.35,137,6714,2457.428571428572,287.5,1510.0,4133.0,1342.0,40601.0,9139.666666666666,1552.0,1678.0,6441.25,2,1,3,1.2727272727272727,1.0,1.0,1.0,1,4,2.0,1.0,1.0,2.5,"Hypergraph(num_v=14, num_e=7)",False,-0.051357269287109444
4258,HETIO,3-14-CtDpSpD-augA3,rewr,0.07744073867797852,0.0247220993041992,1,7,6,0,6,826.35,137,6714,2457.428571428572,287.5,1510.0,4133.0,1342.0,40601.0,9139.666666666666,1552.0,1678.0,6441.25,2,1,3,1.2727272727272727,1.0,1.0,1.0,1,4,2.0,1.0,1.0,2.5,"Hypergraph(num_v=14, num_e=7)",False,-0.05271863937377931
4259,HETIO,3-14-CtDpSpD-augA4,rewr,0.07300043106079102,0.0222690105438232,1,7,6,0,6,826.35,137,6714,2457.428571428572,287.5,1510.0,4133.0,1342.0,40601.0,9139.666666666666,1552.0,1678.0,6441.25,2,1,3,1.2727272727272727,1.0,1.0,1.0,2,2,2.0,2.0,2.0,2.0,"Hypergraph(num_v=14, num_e=7)",False,-0.050731420516967815
4260,HETIO,3-14-CtDpSpD-augA5,rewr,0.0800771713256836,0.0248160362243652,1,7,6,0,6,826.35,137,6714,2457.428571428572,287.5,1510.0,4133.0,1342.0,40601.0,9139.666666666666,1552.0,1678.0,6441.25,3,1,3,1.2727272727272727,1.0,1.0,1.0,1,3,2.0,2.0,1.5,2.5,"Hypergraph(num_v=14, num_e=7)",False,-0.055261135101318394
4261,HETIO,3-14-CtDpSpD-augA6,rewr,0.08093762397766113,0.0245146751403808,1,7,6,0,6,826.35,137,6714,2457.428571428572,287.5,1510.0,4133.0,1342.0,40601.0,9139.666666666666,1552.0,1678.0,6441.25,3,1,3,1.2727272727272727,1.0,1.0,1.0,2,2,2.0,2.0,2.0,2.0,"Hypergraph(num_v=14, num_e=7)",False,-0.05642294883728033
4262,HETIO,3-15-CtDuGdD,orig,0.053536176681518555,0.1002681255340576,1,7,6,0,6,9754.79,137,154076,46376.142857142855,823.5,1552.0,83610.5,1510.0,309861.0,55946.16666666666,1871.75,2054.0,14303.75,3,1,3,1.2727272727272727,1.0,1.0,1.0,1,3,2.0,2.0,1.5,2.5,"Hypergraph(num_v=14, num_e=7)",True,0.04673194885253905
4263,HETIO,3-15-CtDuGdD-augA1,orig,0.05287671089172363,0.0935108661651611,1,7,6,0,6,9754.79,137,154076,46376.142857142855,823.5,1552.0,83610.5,1510.0,309861.0,55946.16666666666,1871.75,2054.0,14303.75,3,1,3,1.2727272727272727,1.0,1.0,1.0,1,3,2.0,2.0,1.5,2.5,"Hypergraph(num_v=14, num_e=7)",False,0.04063415527343747
4264,HETIO,3-15-CtDuGdD-augA2,orig,0.05370473861694336,0.0912036895751953,1,7,6,0,6,9754.79,137,154076,46376.142857142855,823.5,1552.0,83610.5,1510.0,309861.0,55946.16666666666,1871.75,2054.0,14303.75,2,1,3,1.2727272727272727,1.0,1.0,1.0,1,3,2.0,2.0,1.5,2.5,"Hypergraph(num_v=14, num_e=7)",False,0.03749895095825194
4265,HETIO,3-15-CtDuGdD-augA3,orig,0.052672624588012695,0.0963366031646728,1,7,6,0,6,9754.79,137,154076,46376.142857142855,823.5,1552.0,83610.5,1510.0,309861.0,55946.16666666666,1871.75,2054.0,14303.75,2,1,3,1.2727272727272727,1.0,1.0,1.0,1,4,2.0,1.0,1.0,2.5,"Hypergraph(num_v=14, num_e=7)",False,0.0436639785766601
4266,HETIO,3-15-CtDuGdD-augA4,orig,0.05194354057312012,0.089515209197998,1,7,6,0,6,9754.79,137,154076,46376.142857142855,823.5,1552.0,83610.5,1510.0,309861.0,55946.16666666666,1871.75,2054.0,14303.75,2,1,3,1.2727272727272727,1.0,1.0,1.0,2,2,2.0,2.0,2.0,2.0,"Hypergraph(num_v=14, num_e=7)",False,0.03757166862487789
4267,HETIO,3-15-CtDuGdD-augA5,orig,0.05256199836730957,0.1953375339508056,1,7,6,0,6,9754.79,137,154076,46376.142857142855,823.5,1552.0,83610.5,1510.0,309861.0,55946.16666666666,1871.75,2054.0,14303.75,2,1,3,1.2727272727272727,1.0,1.0,1.0,2,2,2.0,2.0,2.0,2.0,"Hypergraph(num_v=14, num_e=7)",False,0.14277553558349604
4268,HETIO,3-15-CtDuGdD-augA6,orig,0.05558323860168457,0.1627533435821533,1,7,6,0,6,9754.79,137,154076,46376.142857142855,823.5,1552.0,83610.5,1510.0,309861.0,55946.16666666666,1871.75,2054.0,14303.75,3,1,3,1.2727272727272727,1.0,1.0,1.0,1,3,2.0,2.0,1.5,2.5,"Hypergraph(num_v=14, num_e=7)",False,0.10717010498046872
4269,HETIO,3-16-CtDuGuD,orig,0.06496810913085938,0.0918352603912353,1,7,6,0,6,9453.49,1,146276,42269.857142857145,137.0,1510.0,73914.0,1510.0,277784.0,50518.66666666666,1810.0,1810.5,14243.0,3,1,3,1.2727272727272727,1.0,1.0,1.0,1,3,2.0,2.0,1.5,2.5,"Hypergraph(num_v=14, num_e=7)",True,0.02686715126037592
4270,HETIO,3-16-CtDuGuD-augA1,orig,0.06933283805847168,0.0916910171508789,1,7,6,0,6,9453.49,1,146276,42269.857142857145,137.0,1510.0,73914.0,1510.0,277784.0,50518.66666666666,1810.0,1810.5,14243.0,3,1,3,1.2727272727272727,1.0,1.0,1.0,1,3,2.0,2.0,1.5,2.5,"Hypergraph(num_v=14, num_e=7)",False,0.022358179092407227
4271,HETIO,3-16-CtDuGuD-augA2,orig,0.07071495056152344,0.1879396438598632,1,7,6,0,6,9453.49,1,146276,42269.857142857145,137.0,1510.0,73914.0,1510.0,277784.0,50518.66666666666,1810.0,1810.5,14243.0,2,1,3,1.2727272727272727,1.0,1.0,1.0,1,3,2.0,2.0,1.5,2.5,"Hypergraph(num_v=14, num_e=7)",False,0.11722469329833976
4272,HETIO,3-16-CtDuGuD-augA3,orig,0.06833243370056152,0.0876049995422363,1,7,6,0,6,9453.49,1,146276,42269.857142857145,137.0,1510.0,73914.0,1510.0,277784.0,50518.66666666666,1810.0,1810.5,14243.0,2,1,3,1.2727272727272727,1.0,1.0,1.0,2,2,2.0,2.0,2.0,2.0,"Hypergraph(num_v=14, num_e=7)",False,0.019272565841674777
4273,HETIO,3-16-CtDuGuD-augA4,orig,0.06485271453857422,0.0956237316131591,1,7,6,0,6,9453.49,1,146276,42269.857142857145,137.0,1510.0,73914.0,1510.0,277784.0,50518.66666666666,1810.0,1810.5,14243.0,2,1,3,1.2727272727272727,1.0,1.0,1.0,1,4,2.0,1.0,1.0,2.5,"Hypergraph(num_v=14, num_e=7)",False,0.030771017074584878
4274,HETIO,3-16-CtDuGuD-augA5,orig,0.06639289855957031,0.1600594520568847,1,7,6,0,6,9453.49,1,146276,42269.857142857145,137.0,1510.0,73914.0,1510.0,277784.0,50518.66666666666,1810.0,1810.5,14243.0,2,1,3,1.2727272727272727,1.0,1.0,1.0,1,4,2.0,1.0,1.0,2.5,"Hypergraph(num_v=14, num_e=7)",False,0.0936665534973144
4275,HETIO,3-16-CtDuGuD-augA6,orig,0.07052016258239746,0.1613385677337646,1,7,6,0,6,9453.49,1,146276,42269.857142857145,137.0,1510.0,73914.0,1510.0,277784.0,50518.66666666666,1810.0,1810.5,14243.0,3,1,3,1.2727272727272727,1.0,1.0,1.0,1,3,2.0,2.0,1.5,2.5,"Hypergraph(num_v=14, num_e=7)",False,0.09081840515136713
4276,HETIO,3-17-CuGdCtD,orig,0.08609819412231445,0.1721527576446533,1,7,6,0,6,9957.28,137,154076,46578.28571428572,1531.0,1552.0,83610.5,446.0,365726.0,65236.16666666666,870.0,2142.0,15921.75,3,1,3,1.2727272727272727,1.0,1.0,1.0,1,3,2.0,2.0,1.5,2.5,"Hypergraph(num_v=14, num_e=7)",True,0.08605456352233884
4277,HETIO,3-17-CuGdCtD-augA1,orig,0.08722233772277832,0.1723859310150146,1,7,6,0,6,9957.28,137,154076,46578.28571428572,1531.0,1552.0,83610.5,446.0,365726.0,65236.16666666666,870.0,2142.0,15921.75,3,1,3,1.2727272727272727,1.0,1.0,1.0,1,3,2.0,2.0,1.5,2.5,"Hypergraph(num_v=14, num_e=7)",False,0.08516359329223627
4278,HETIO,3-17-CuGdCtD-augA2,orig,0.08072090148925781,0.1215972900390625,1,7,6,0,6,9957.28,137,154076,46578.28571428572,1531.0,1552.0,83610.5,446.0,365726.0,65236.16666666666,870.0,2142.0,15921.75,2,1,3,1.2727272727272727,1.0,1.0,1.0,1,3,2.0,2.0,1.5,2.5,"Hypergraph(num_v=14, num_e=7)",False,0.04087638854980469
4279,HETIO,3-17-CuGdCtD-augA3,orig,0.08843350410461426,0.1251595020294189,1,7,6,0,6,9957.28,137,154076,46578.28571428572,1531.0,1552.0,83610.5,446.0,365726.0,65236.16666666666,870.0,2142.0,15921.75,2,1,3,1.2727272727272727,1.0,1.0,1.0,1,3,2.0,2.0,1.5,2.5,"Hypergraph(num_v=14, num_e=7)",False,0.03672599792480463
4280,HETIO,3-17-CuGdCtD-augA4,orig,0.09097528457641602,0.185953140258789,1,7,6,0,6,9957.28,137,154076,46578.28571428572,1531.0,1552.0,83610.5,446.0,365726.0,65236.16666666666,870.0,2142.0,15921.75,2,1,3,1.2727272727272727,1.0,1.0,1.0,1,4,2.0,1.0,1.0,2.5,"Hypergraph(num_v=14, num_e=7)",False,0.09497785568237299
4281,HETIO,3-17-CuGdCtD-augA5,orig,0.09029912948608398,0.1315464973449707,1,7,6,0,6,9957.28,137,154076,46578.28571428572,1531.0,1552.0,83610.5,446.0,365726.0,65236.16666666666,870.0,2142.0,15921.75,2,1,3,1.2727272727272727,1.0,1.0,1.0,2,2,2.0,2.0,2.0,2.0,"Hypergraph(num_v=14, num_e=7)",False,0.04124736785888672
4282,HETIO,3-17-CuGdCtD-augA6,orig,0.09090590476989746,0.1919012069702148,1,7,6,0,6,9957.28,137,154076,46578.28571428572,1531.0,1552.0,83610.5,446.0,365726.0,65236.16666666666,870.0,2142.0,15921.75,3,1,3,1.2727272727272727,1.0,1.0,1.0,1,3,2.0,2.0,1.5,2.5,"Hypergraph(num_v=14, num_e=7)",False,0.10099530220031733
4283,HETIO,3-18-CuGuCtD,rewr,0.12949109077453613,0.1215410232543945,1,7,6,0,6,9977.48,137,146276,45464.0,1531.0,1552.0,83610.5,446.0,447209.0,78962.0,979.0,2578.0,16030.75,3,1,3,1.2727272727272727,1.0,1.0,1.0,1,3,2.0,2.0,1.5,2.5,"Hypergraph(num_v=14, num_e=7)",True,-0.00795006752014163
4284,HETIO,3-18-CuGuCtD-augA1,rewr,0.13027739524841309,0.117156982421875,1,7,6,0,6,9977.48,137,146276,45464.0,1531.0,1552.0,83610.5,446.0,447209.0,78962.0,979.0,2578.0,16030.75,3,1,3,1.2727272727272727,1.0,1.0,1.0,1,3,2.0,2.0,1.5,2.5,"Hypergraph(num_v=14, num_e=7)",False,-0.013120412826538086
4285,HETIO,3-18-CuGuCtD-augA2,orig,0.11417746543884277,0.1934089660644531,1,7,6,0,6,9977.48,137,146276,45464.0,1531.0,1552.0,83610.5,446.0,447209.0,78962.0,979.0,2578.0,16030.75,2,1,3,1.2727272727272727,1.0,1.0,1.0,1,3,2.0,2.0,1.5,2.5,"Hypergraph(num_v=14, num_e=7)",False,0.07923150062561032
4286,HETIO,3-18-CuGuCtD-augA3,rewr,0.13440608978271484,0.1060473918914794,1,7,6,0,6,9977.48,137,146276,45464.0,1531.0,1552.0,83610.5,446.0,447209.0,78962.0,979.0,2578.0,16030.75,2,1,3,1.2727272727272727,1.0,1.0,1.0,2,2,2.0,2.0,2.0,2.0,"Hypergraph(num_v=14, num_e=7)",False,-0.02835869789123545
4287,HETIO,3-18-CuGuCtD-augA4,orig,0.1362776756286621,0.1814057826995849,1,7,6,0,6,9977.48,137,146276,45464.0,1531.0,1552.0,83610.5,446.0,447209.0,78962.0,979.0,2578.0,16030.75,2,1,3,1.2727272727272727,1.0,1.0,1.0,1,3,2.0,2.0,1.5,2.5,"Hypergraph(num_v=14, num_e=7)",False,0.045128107070922796
4288,HETIO,3-18-CuGuCtD-augA5,rewr,0.12853360176086426,0.1246516704559326,1,7,6,0,6,9977.48,137,146276,45464.0,1531.0,1552.0,83610.5,446.0,447209.0,78962.0,979.0,2578.0,16030.75,2,1,3,1.2727272727272727,1.0,1.0,1.0,1,4,2.0,1.0,1.0,2.5,"Hypergraph(num_v=14, num_e=7)",False,-0.0038819313049316545
4289,HETIO,3-18-CuGuCtD-augA6,rewr,0.13939833641052246,0.1230926513671875,1,7,6,0,6,9977.48,137,146276,45464.0,1531.0,1552.0,83610.5,446.0,447209.0,78962.0,979.0,2578.0,16030.75,3,1,3,1.2727272727272727,1.0,1.0,1.0,1,3,2.0,2.0,1.5,2.5,"Hypergraph(num_v=14, num_e=7)",False,-0.01630568504333496
4290,HETIO,4-01-CbGiGiGaD,rewr,7.440816402435303,0.7109439373016357,1,9,8,0,8,47408.62,1,173134,48692.88888888889,1552.0,20945.0,25246.0,626.0,5203347.0,703849.625,8908.25,11695.0,184351.75,4,1,3,1.2,1.0,1.0,1.0,1,3,2.0,2.0,1.0,3.0,"Hypergraph(num_v=18, num_e=9)",True,-6.729872465133667
4291,HETIO,4-01-CbGiGiGaD-augA1,rewr,7.4237964153289795,0.8606100082397461,1,9,8,0,8,47408.62,1,173134,48692.88888888889,1552.0,20945.0,25246.0,626.0,5203347.0,703849.625,8908.25,11695.0,184351.75,4,1,3,1.2,1.0,1.0,1.0,1,3,2.0,2.0,1.75,2.25,"Hypergraph(num_v=18, num_e=9)",False,-6.563186407089233
4292,HETIO,4-01-CbGiGiGaD-augA2,rewr,5.807950019836426,0.5827863216400146,1,9,8,0,8,47408.62,1,173134,48692.88888888889,1552.0,20945.0,25246.0,626.0,5203347.0,703849.625,8908.25,11695.0,184351.75,3,1,3,1.2,1.0,1.0,1.0,1,3,2.0,2.0,1.75,2.25,"Hypergraph(num_v=18, num_e=9)",False,-5.225163698196411
4293,HETIO,4-01-CbGiGiGaD-augA3,rewr,5.839886903762817,0.3990421295166015,1,9,8,0,8,47408.62,1,173134,48692.88888888889,1552.0,20945.0,25246.0,626.0,5203347.0,703849.625,8908.25,11695.0,184351.75,3,1,3,1.2,1.0,1.0,1.0,1,3,2.0,2.0,1.75,2.25,"Hypergraph(num_v=18, num_e=9)",False,-5.440844774246216
4294,HETIO,4-01-CbGiGiGaD-augA4,rewr,5.846685171127319,0.418344497680664,1,9,8,0,8,47408.62,1,173134,48692.88888888889,1552.0,20945.0,25246.0,626.0,5203347.0,703849.625,8908.25,11695.0,184351.75,3,1,3,1.2,1.0,1.0,1.0,2,2,2.0,2.0,2.0,2.0,"Hypergraph(num_v=18, num_e=9)",False,-5.428340673446655
4295,HETIO,4-01-CbGiGiGaD-augA5,rewr,6.062340497970581,0.5497441291809082,1,9,8,0,8,47408.62,1,173134,48692.88888888889,1552.0,20945.0,25246.0,626.0,5203347.0,703849.625,8908.25,11695.0,184351.75,3,1,3,1.2,1.0,1.0,1.0,1,4,2.0,1.5,1.0,2.5,"Hypergraph(num_v=18, num_e=9)",False,-5.512596368789673
4296,HETIO,4-01-CbGiGiGaD-augA6,rewr,6.284013509750366,0.7484130859375,1,9,8,0,8,47408.62,1,173134,48692.88888888889,1552.0,20945.0,25246.0,626.0,5203347.0,703849.625,8908.25,11695.0,184351.75,3,1,3,1.2,1.0,1.0,1.0,1,4,2.0,1.5,1.0,2.5,"Hypergraph(num_v=18, num_e=9)",False,-5.535600423812866
4297,HETIO,4-01-CbGiGiGaD-augA7,rewr,8.135018110275269,0.6282057762145996,1,9,8,0,8,47408.62,1,173134,48692.88888888889,1552.0,20945.0,25246.0,626.0,5203347.0,703849.625,8908.25,11695.0,184351.75,4,1,3,1.2,1.0,1.0,1.0,1,3,2.0,2.0,1.0,3.0,"Hypergraph(num_v=18, num_e=9)",False,-7.506812334060669
4298,HETIO,4-01-CbGiGiGaD-augA8,rewr,8.171457767486572,0.6736660003662109,1,9,8,0,8,47408.62,1,173134,48692.88888888889,1552.0,20945.0,25246.0,626.0,5203347.0,703849.625,8908.25,11695.0,184351.75,4,1,3,1.2,1.0,1.0,1.0,1,3,2.0,2.0,1.0,3.0,"Hypergraph(num_v=18, num_e=9)",False,-7.497791767120361
4299,HETIO,4-02-CbGpBPpGaD,rewr,53.3453209400177,1.871887683868408,1,9,8,0,8,82388.16,1,678887,159061.55555555556,1552.0,12321.0,25246.0,626.0,2746165.0,435352.5,5304.5,14696.5,187604.0,4,1,3,1.2,1.0,1.0,1.0,1,3,2.0,2.0,1.75,2.25,"Hypergraph(num_v=18, num_e=9)",True,-51.47343325614929
4300,HETIO,4-02-CbGpBPpGaD-augA1,rewr,53.14834904670715,1.960263967514038,1,9,8,0,8,82388.16,1,678887,159061.55555555556,1552.0,12321.0,25246.0,626.0,2746165.0,435352.5,5304.5,14696.5,187604.0,4,1,3,1.2,1.0,1.0,1.0,1,3,2.0,2.0,1.0,3.0,"Hypergraph(num_v=18, num_e=9)",False,-51.188085079193115
4301,HETIO,4-02-CbGpBPpGaD-augA2,rewr,41.9917106628418,1.5230576992034912,1,9,8,0,8,82374.16,1,678887,159061.55555555556,1552.0,12321.0,25246.0,626.0,2746165.0,435352.5,5304.5,14696.5,187604.0,3,1,3,1.2,1.0,1.0,1.0,1,3,2.0,2.0,1.75,2.25,"Hypergraph(num_v=18, num_e=9)",False,-40.468652963638306
4302,HETIO,4-02-CbGpBPpGaD-augA3,rewr,41.79217576980591,1.5894250869750977,1,9,8,0,8,82374.16,1,678887,159061.55555555556,1552.0,12321.0,25246.0,626.0,2746165.0,435352.5,5304.5,14696.5,187604.0,3,1,3,1.2,1.0,1.0,1.0,1,4,2.0,1.5,1.0,2.5,"Hypergraph(num_v=18, num_e=9)",False,-40.20275068283081
4303,HETIO,4-02-CbGpBPpGaD-augA4,rewr,58.02048420906067,1.5702464580535889,1,9,8,0,8,82374.16,1,678887,159061.55555555556,1552.0,12321.0,25246.0,626.0,2746165.0,435352.5,5304.5,14696.5,187604.0,3,1,3,1.2,1.0,1.0,1.0,1,4,2.0,1.5,1.0,2.5,"Hypergraph(num_v=18, num_e=9)",False,-56.45023775100708
4304,HETIO,4-02-CbGpBPpGaD-augA5,rewr,42.939168214797974,1.5600440502166748,1,9,8,0,8,82374.16,1,678887,159061.55555555556,1552.0,12321.0,25246.0,626.0,2746165.0,435352.5,5304.5,14696.5,187604.0,3,1,3,1.2,1.0,1.0,1.0,1,3,2.0,2.0,1.75,2.25,"Hypergraph(num_v=18, num_e=9)",False,-41.3791241645813
4305,HETIO,4-02-CbGpBPpGaD-augA6,rewr,43.22877264022827,1.9548206329345703,1,9,8,0,8,82374.16,1,678887,159061.55555555556,1552.0,12321.0,25246.0,626.0,2746165.0,435352.5,5304.5,14696.5,187604.0,3,1,3,1.2,1.0,1.0,1.0,1,4,2.0,1.5,1.0,2.5,"Hypergraph(num_v=18, num_e=9)",False,-41.2739520072937
4306,HETIO,4-02-CbGpBPpGaD-augA7,rewr,58.163872957229614,1.216125726699829,1,9,8,0,8,82374.16,1,678887,159061.55555555556,1552.0,12321.0,25246.0,626.0,2746165.0,435352.5,5304.5,14696.5,187604.0,4,1,3,1.2,1.0,1.0,1.0,1,3,2.0,2.0,1.75,2.25,"Hypergraph(num_v=18, num_e=9)",False,-56.947747230529785
4307,HETIO,4-02-CbGpBPpGaD-augA8,rewr,58.23214387893677,2.002742052078247,1,9,8,0,8,82374.16,1,678887,159061.55555555556,1552.0,12321.0,25246.0,626.0,2746165.0,435352.5,5304.5,14696.5,187604.0,4,1,3,1.2,1.0,1.0,1.0,1,3,2.0,2.0,1.75,2.25,"Hypergraph(num_v=18, num_e=9)",False,-56.22940182685852
4308,HETIO,4-03-CbGpPWpGaD,rewr,6.941082000732422,0.8779788017272949,1,9,8,0,8,49570.96,1,678887,157999.44444444444,1552.0,12321.0,25246.0,626.0,439638.0,79343.625,5304.5,18652.0,74696.75,4,1,3,1.2,1.0,1.0,1.0,1,3,2.0,2.0,1.75,2.25,"Hypergraph(num_v=18, num_e=9)",True,-6.063103199005127
4309,HETIO,4-03-CbGpPWpGaD-augA1,rewr,6.845003128051758,0.8466382026672363,1,9,8,0,8,49570.96,1,678887,157999.44444444444,1552.0,12321.0,25246.0,626.0,439638.0,79343.625,5304.5,18652.0,74696.75,4,1,3,1.2,1.0,1.0,1.0,1,3,2.0,2.0,1.75,2.25,"Hypergraph(num_v=18, num_e=9)",False,-5.9983649253845215
4310,HETIO,4-03-CbGpPWpGaD-augA2,rewr,5.543470859527588,0.804074764251709,1,9,8,0,8,49570.96,1,678887,157999.44444444444,1552.0,12321.0,25246.0,626.0,439638.0,79343.625,5304.5,18652.0,74696.75,3,1,3,1.2,1.0,1.0,1.0,1,3,2.0,2.0,1.75,2.25,"Hypergraph(num_v=18, num_e=9)",False,-4.739396095275879
4311,HETIO,4-03-CbGpPWpGaD-augA3,rewr,5.554512977600098,0.8004076480865479,1,9,8,0,8,49570.96,1,678887,157999.44444444444,1552.0,12321.0,25246.0,626.0,439638.0,79343.625,5304.5,18652.0,74696.75,3,1,3,1.2,1.0,1.0,1.0,1,3,2.0,2.0,1.75,2.25,"Hypergraph(num_v=18, num_e=9)",False,-4.75410532951355
4312,HETIO,4-03-CbGpPWpGaD-augA4,rewr,6.622844934463501,1.1955628395080566,1,9,8,0,8,49570.96,1,678887,157999.44444444444,1552.0,12321.0,25246.0,626.0,439638.0,79343.625,5304.5,18652.0,74696.75,3,1,3,1.2,1.0,1.0,1.0,1,3,2.0,2.0,1.75,2.25,"Hypergraph(num_v=18, num_e=9)",False,-5.427282094955444
4313,HETIO,4-03-CbGpPWpGaD-augA5,rewr,5.754040002822876,1.0645945072174072,1,9,8,0,8,49570.96,1,678887,157999.44444444444,1552.0,12321.0,25246.0,626.0,439638.0,79343.625,5304.5,18652.0,74696.75,3,1,3,1.2,1.0,1.0,1.0,1,3,2.0,2.0,1.75,2.25,"Hypergraph(num_v=18, num_e=9)",False,-4.689445495605469
4314,HETIO,4-03-CbGpPWpGaD-augA6,rewr,5.766204118728638,0.7467586994171143,1,9,8,0,8,49570.96,1,678887,157999.44444444444,1552.0,12321.0,25246.0,626.0,439638.0,79343.625,5304.5,18652.0,74696.75,3,1,3,1.2,1.0,1.0,1.0,2,2,2.0,2.0,2.0,2.0,"Hypergraph(num_v=18, num_e=9)",False,-5.019445419311523
4315,HETIO,4-03-CbGpPWpGaD-augA7,rewr,7.462066173553467,0.6840038299560547,1,9,8,0,8,49570.96,1,678887,157999.44444444444,1552.0,12321.0,25246.0,626.0,439638.0,79343.625,5304.5,18652.0,74696.75,4,1,3,1.2,1.0,1.0,1.0,1,3,2.0,2.0,1.75,2.25,"Hypergraph(num_v=18, num_e=9)",False,-6.778062343597412
4316,HETIO,4-03-CbGpPWpGaD-augA8,rewr,7.472859621047974,0.9899358749389648,1,9,8,0,8,49570.96,1,678887,157999.44444444444,1552.0,12321.0,25246.0,626.0,439638.0,79343.625,5304.5,18652.0,74696.75,4,1,3,1.2,1.0,1.0,1.0,1,3,2.0,2.0,1.0,3.0,"Hypergraph(num_v=18, num_e=9)",False,-6.482923746109009
4317,HETIO,5-01-DaGaD,orig,0.00863194465637207,0.0156600475311279,1,5,6,2,4,923.76,1,25246,10099.0,1.0,1.0,25246.0,1.0,5.0,3.0,1.0,3.0,5.0,3,1,3,1.4285714285714286,1.0,1.0,1.5,1,2,1.3333333333333333,1.0,1.0,1.5,"Hypergraph(num_v=10, num_e=5)",True,0.007028102874755828
4318,HETIO,5-01-DaGaD-augA1,orig,0.008923768997192383,0.025447130203247,1,5,6,2,4,923.74,1,25246,10099.0,1.0,1.0,25246.0,1.0,5.0,3.0,1.0,3.0,5.0,2,1,3,1.4285714285714286,1.0,1.0,1.5,2,2,2.0,2.0,2.0,2.0,"Hypergraph(num_v=10, num_e=5)",False,0.016523361206054618
4319,HETIO,5-01-DaGaD-augA2,orig,0.008807659149169922,0.014686107635498,1,5,6,2,4,923.74,1,25246,10099.0,1.0,1.0,25246.0,1.0,5.0,3.0,1.0,3.0,5.0,2,1,3,1.4285714285714286,1.0,1.0,1.5,1,3,2.0,2.0,1.5,2.5,"Hypergraph(num_v=10, num_e=5)",False,0.005878448486328078
4320,HETIO,5-01-DaGaD-augA3,orig,0.008888483047485352,0.0251321792602539,1,5,6,2,4,923.74,1,25246,10099.0,1.0,1.0,25246.0,1.0,5.0,3.0,1.0,3.0,5.0,2,1,3,1.4285714285714286,1.0,1.0,1.5,2,2,2.0,2.0,2.0,2.0,"Hypergraph(num_v=10, num_e=5)",False,0.016243696212768548
4321,HETIO,5-01-DaGaD-augA4,orig,0.008814811706542969,0.0254437923431396,1,5,6,2,4,923.74,1,25246,10099.0,1.0,1.0,25246.0,1.0,5.0,3.0,1.0,3.0,5.0,2,1,3,1.4285714285714286,1.0,1.0,1.5,1,3,2.0,2.0,1.5,2.5,"Hypergraph(num_v=10, num_e=5)",False,0.01662898063659663
4322,HETIO,5-01-DaGaD-augF1,orig,0.00932455062866211,0.0164713859558105,1,5,6,2,4,923.76,1,25246,10099.0,1.0,1.0,25246.0,1.0,5.0,3.0,1.0,3.0,5.0,3,1,3,1.4285714285714286,1.0,1.0,1.5,1,2,1.3333333333333333,1.0,1.0,1.5,"Hypergraph(num_v=10, num_e=5)",False,0.007146835327148389
4323,HETIO,5-01-DaGaD-augF1-augA1,orig,0.009529352188110352,0.0250937938690185,1,5,6,2,4,923.74,1,25246,10099.0,1.0,1.0,25246.0,1.0,5.0,3.0,1.0,3.0,5.0,2,1,3,1.4285714285714286,1.0,1.0,1.5,1,3,2.0,2.0,1.5,2.5,"Hypergraph(num_v=10, num_e=5)",False,0.015564441680908148
4324,HETIO,5-01-DaGaD-augF1-augA2,orig,0.009710550308227539,0.0251641273498535,1,5,6,2,4,923.74,1,25246,10099.0,1.0,1.0,25246.0,1.0,5.0,3.0,1.0,3.0,5.0,2,1,3,1.4285714285714286,1.0,1.0,1.5,1,3,2.0,2.0,1.5,2.5,"Hypergraph(num_v=10, num_e=5)",False,0.01545357704162596
4325,HETIO,5-01-DaGaD-augF1-augA3,orig,0.009760856628417969,0.0153484344482421,1,5,6,2,4,923.74,1,25246,10099.0,1.0,1.0,25246.0,1.0,5.0,3.0,1.0,3.0,5.0,2,1,3,1.4285714285714286,1.0,1.0,1.5,2,2,2.0,2.0,2.0,2.0,"Hypergraph(num_v=10, num_e=5)",False,0.005587577819824132
4326,HETIO,5-01-DaGaD-augF1-augA4,orig,0.009521007537841797,0.0249035358428955,1,5,6,2,4,923.74,1,25246,10099.0,1.0,1.0,25246.0,1.0,5.0,3.0,1.0,3.0,5.0,2,1,3,1.4285714285714286,1.0,1.0,1.5,1,3,2.0,2.0,1.5,2.5,"Hypergraph(num_v=10, num_e=5)",False,0.015382528305053704
4327,HETIO,5-01-DaGaD-augF2,orig,0.005723476409912109,0.0140435695648193,1,5,6,2,4,923.76,1,25246,10099.0,1.0,1.0,25246.0,1.0,5.0,3.0,1.0,3.0,5.0,3,1,3,1.4285714285714286,1.0,1.0,1.5,1,2,1.3333333333333333,1.0,1.0,1.5,"Hypergraph(num_v=10, num_e=5)",False,0.00832009315490719
4328,HETIO,5-01-DaGaD-augF2-augA1,orig,0.005861520767211914,0.0250329971313476,1,5,6,2,4,923.74,1,25246,10099.0,1.0,1.0,25246.0,1.0,5.0,3.0,1.0,3.0,5.0,2,1,3,1.4285714285714286,1.0,1.0,1.5,2,2,2.0,2.0,2.0,2.0,"Hypergraph(num_v=10, num_e=5)",False,0.019171476364135687
4329,HETIO,5-01-DaGaD-augF2-augA2,orig,0.005922079086303711,0.0249567031860351,1,5,6,2,4,923.74,1,25246,10099.0,1.0,1.0,25246.0,1.0,5.0,3.0,1.0,3.0,5.0,2,1,3,1.4285714285714286,1.0,1.0,1.5,1,3,2.0,2.0,1.5,2.5,"Hypergraph(num_v=10, num_e=5)",False,0.01903462409973139
4330,HETIO,5-01-DaGaD-augF2-augA3,orig,0.00593256950378418,0.0141694545745849,1,5,6,2,4,923.74,1,25246,10099.0,1.0,1.0,25246.0,1.0,5.0,3.0,1.0,3.0,5.0,2,1,3,1.4285714285714286,1.0,1.0,1.5,2,2,2.0,2.0,2.0,2.0,"Hypergraph(num_v=10, num_e=5)",False,0.00823688507080072
4331,HETIO,5-01-DaGaD-augF2-augA4,orig,0.005928516387939453,0.0132343769073486,1,5,6,2,4,923.74,1,25246,10099.0,1.0,1.0,25246.0,1.0,5.0,3.0,1.0,3.0,5.0,2,1,3,1.4285714285714286,1.0,1.0,1.5,2,2,2.0,2.0,2.0,2.0,"Hypergraph(num_v=10, num_e=5)",False,0.007305860519409147
4332,HETIO,6-01-BPpGeA,orig,0.11252188682556152,1.154932737350464,1,5,6,2,4,31466.46,1,678887,223512.4,1.0,1.0,438672.0,1.0,41.0,20.5,1.0,20.0,39.5,3,1,3,1.4285714285714286,1.0,1.0,1.5,1,2,1.3333333333333333,1.0,1.0,1.5,"Hypergraph(num_v=10, num_e=5)",True,1.0424108505249026
4333,HETIO,6-01-BPpGeA-augA1,orig,0.10910415649414062,0.1175558567047119,1,5,6,2,4,31466.46,1,678887,223512.4,1.0,1.0,438672.0,1.0,41.0,20.5,1.0,20.0,39.5,2,1,3,1.4285714285714286,1.0,1.0,1.5,1,3,2.0,2.0,1.5,2.5,"Hypergraph(num_v=10, num_e=5)",False,0.008451700210571275
4334,HETIO,6-01-BPpGeA-augA2,orig,0.10951709747314453,0.4824793338775635,1,5,6,2,4,31466.46,1,678887,223512.4,1.0,1.0,438672.0,1.0,41.0,20.5,1.0,20.0,39.5,2,1,3,1.4285714285714286,1.0,1.0,1.5,1,3,2.0,2.0,1.5,2.5,"Hypergraph(num_v=10, num_e=5)",False,0.37296223640441895
4335,HETIO,6-01-BPpGeA-augA3,orig,0.10961127281188965,0.1275804042816162,1,5,6,2,4,31466.46,1,678887,223512.4,1.0,1.0,438672.0,1.0,41.0,20.5,1.0,20.0,39.5,2,1,3,1.4285714285714286,1.0,1.0,1.5,1,3,2.0,2.0,1.5,2.5,"Hypergraph(num_v=10, num_e=5)",False,0.017969131469726562
4336,HETIO,6-01-BPpGeA-augA4,orig,0.1128542423248291,0.6903700828552246,1,5,6,2,4,31466.46,1,678887,223512.4,1.0,1.0,438672.0,1.0,41.0,20.5,1.0,20.0,39.5,2,1,3,1.4285714285714286,1.0,1.0,1.5,2,2,2.0,2.0,2.0,2.0,"Hypergraph(num_v=10, num_e=5)",False,0.5775158405303955
4337,HETIO,6-01-BPpGeA-augF1,orig,0.11458373069763184,0.5308694839477539,1,5,6,2,4,31466.46,1,678887,223512.4,1.0,1.0,438672.0,1.0,41.0,20.5,1.0,20.0,39.5,3,1,3,1.4285714285714286,1.0,1.0,1.5,1,2,1.3333333333333333,1.0,1.0,1.5,"Hypergraph(num_v=10, num_e=5)",False,0.41628575325012207
4338,HETIO,6-01-BPpGeA-augF1-augA1,orig,0.11501169204711914,0.678534746170044,1,5,6,2,4,31466.46,1,678887,223512.4,1.0,1.0,438672.0,1.0,41.0,20.5,1.0,20.0,39.5,2,1,3,1.4285714285714286,1.0,1.0,1.5,2,2,2.0,2.0,2.0,2.0,"Hypergraph(num_v=10, num_e=5)",False,0.5635230541229248
4339,HETIO,6-01-BPpGeA-augF1-augA2,orig,0.1155710220336914,0.6837782859802246,1,5,6,2,4,31466.46,1,678887,223512.4,1.0,1.0,438672.0,1.0,41.0,20.5,1.0,20.0,39.5,2,1,3,1.4285714285714286,1.0,1.0,1.5,2,2,2.0,2.0,2.0,2.0,"Hypergraph(num_v=10, num_e=5)",False,0.5682072639465332
4340,HETIO,6-01-BPpGeA-augF1-augA3,orig,0.11521077156066895,0.4812173843383789,1,5,6,2,4,31466.46,1,678887,223512.4,1.0,1.0,438672.0,1.0,41.0,20.5,1.0,20.0,39.5,2,1,3,1.4285714285714286,1.0,1.0,1.5,1,3,2.0,2.0,1.5,2.5,"Hypergraph(num_v=10, num_e=5)",False,0.36600661277770996
4341,HETIO,6-01-BPpGeA-augF1-augA4,orig,0.11395978927612305,0.1153545379638671,1,5,6,2,4,31466.46,1,678887,223512.4,1.0,1.0,438672.0,1.0,41.0,20.5,1.0,20.0,39.5,2,1,3,1.4285714285714286,1.0,1.0,1.5,2,2,2.0,2.0,2.0,2.0,"Hypergraph(num_v=10, num_e=5)",False,0.0013947486877440574
4342,HETIO,6-01-BPpGeA-augF2,orig,0.11218738555908203,1.100560426712036,1,5,6,2,4,31466.46,1,678887,223512.4,1.0,1.0,438672.0,1.0,41.0,20.5,1.0,20.0,39.5,3,1,3,1.4285714285714286,1.0,1.0,1.5,1,2,1.3333333333333333,1.0,1.0,1.5,"Hypergraph(num_v=10, num_e=5)",False,0.9883730411529539
4343,HETIO,6-01-BPpGeA-augF2-augA1,orig,0.1134791374206543,0.4790883064270019,1,5,6,2,4,31466.46,1,678887,223512.4,1.0,1.0,438672.0,1.0,41.0,20.5,1.0,20.0,39.5,2,1,3,1.4285714285714286,1.0,1.0,1.5,1,3,2.0,2.0,1.5,2.5,"Hypergraph(num_v=10, num_e=5)",False,0.3656091690063476
4344,HETIO,6-01-BPpGeA-augF2-augA2,orig,0.11285090446472168,0.48287034034729,1,5,6,2,4,31466.46,1,678887,223512.4,1.0,1.0,438672.0,1.0,41.0,20.5,1.0,20.0,39.5,2,1,3,1.4285714285714286,1.0,1.0,1.5,2,2,2.0,2.0,2.0,2.0,"Hypergraph(num_v=10, num_e=5)",False,0.3700194358825683
4345,HETIO,6-01-BPpGeA-augF2-augA3,orig,0.11282515525817871,0.1261205673217773,1,5,6,2,4,31466.46,1,678887,223512.4,1.0,1.0,438672.0,1.0,41.0,20.5,1.0,20.0,39.5,2,1,3,1.4285714285714286,1.0,1.0,1.5,1,3,2.0,2.0,1.5,2.5,"Hypergraph(num_v=10, num_e=5)",False,0.013295412063598577
4346,HETIO,6-01-BPpGeA-augF2-augA4,orig,0.11293411254882812,0.4759683609008789,1,5,6,2,4,31466.46,1,678887,223512.4,1.0,1.0,438672.0,1.0,41.0,20.5,1.0,20.0,39.5,2,1,3,1.4285714285714286,1.0,1.0,1.5,1,3,2.0,2.0,1.5,2.5,"Hypergraph(num_v=10, num_e=5)",False,0.3630342483520508
4347,HETIO,7-01-DaGiGpBP,orig,0.10915064811706543,0.2699227333068847,1,7,8,2,6,23630.65,1,678887,125324.42857142857,1.0,1.0,99190.0,1.0,94.0,24.5,2.0,5.0,32.0,4,1,3,1.2727272727272727,1.0,1.0,1.0,1,2,1.5,1.5,1.0,2.0,"Hypergraph(num_v=14, num_e=7)",True,0.16077208518981928
4348,HETIO,7-01-DaGiGpBP-augA1,orig,0.10862207412719727,0.6842148303985596,1,7,8,2,6,23630.65,1,678887,125324.42857142857,1.0,1.0,99190.0,1.0,94.0,24.5,2.0,5.0,32.0,3,1,3,1.2727272727272727,1.0,1.0,1.0,1,3,2.0,2.0,1.5,2.5,"Hypergraph(num_v=14, num_e=7)",False,0.5755927562713623
4349,HETIO,7-01-DaGiGpBP-augA2,orig,0.1081075668334961,0.8317770957946777,1,7,8,2,6,23630.65,1,678887,125324.42857142857,1.0,1.0,99190.0,1.0,94.0,24.5,2.0,5.0,32.0,2,1,3,1.2727272727272727,1.0,1.0,1.0,1,3,2.0,2.0,1.5,2.5,"Hypergraph(num_v=14, num_e=7)",False,0.7236695289611816
4350,HETIO,7-01-DaGiGpBP-augA3,orig,0.10848522186279297,0.2727000713348388,1,7,8,2,6,23630.65,1,678887,125324.42857142857,1.0,1.0,99190.0,1.0,94.0,24.5,2.0,5.0,32.0,2,1,3,1.2727272727272727,1.0,1.0,1.0,1,3,2.0,2.0,1.5,2.5,"Hypergraph(num_v=14, num_e=7)",False,0.16421484947204584
4351,HETIO,7-01-DaGiGpBP-augA4,orig,0.10816574096679688,0.6767446994781494,1,7,8,2,6,23630.65,1,678887,125324.42857142857,1.0,1.0,99190.0,1.0,94.0,24.5,2.0,5.0,32.0,2,1,3,1.2727272727272727,1.0,1.0,1.0,2,2,2.0,2.0,2.0,2.0,"Hypergraph(num_v=14, num_e=7)",False,0.5685789585113525
4352,HETIO,7-01-DaGiGpBP-augA5,orig,0.1077573299407959,0.1204752922058105,1,7,8,2,6,23630.65,1,678887,125324.42857142857,1.0,1.0,99190.0,1.0,94.0,24.5,2.0,5.0,32.0,2,1,3,1.2727272727272727,1.0,1.0,1.0,2,2,2.0,2.0,2.0,2.0,"Hypergraph(num_v=14, num_e=7)",False,0.012717962265014607
4353,HETIO,7-01-DaGiGpBP-augA6,orig,0.10730481147766113,0.1217756271362304,1,7,8,2,6,23630.65,1,678887,125324.42857142857,1.0,1.0,99190.0,1.0,94.0,24.5,2.0,5.0,32.0,3,1,3,1.2727272727272727,1.0,1.0,1.0,1,3,2.0,2.0,1.5,2.5,"Hypergraph(num_v=14, num_e=7)",False,0.014470815658569267
4354,HETIO,7-01-DaGiGpBP-augF1,orig,0.1100931167602539,0.423487901687622,1,7,8,2,6,23630.65,1,678887,125324.42857142857,1.0,1.0,99190.0,1.0,94.0,24.5,2.0,5.0,32.0,4,1,3,1.2727272727272727,1.0,1.0,1.0,1,3,1.5,1.0,1.0,1.5,"Hypergraph(num_v=14, num_e=7)",False,0.3133947849273681
4355,HETIO,7-01-DaGiGpBP-augF1-augA1,orig,0.10946035385131836,0.4170780181884765,1,7,8,2,6,23630.65,1,678887,125324.42857142857,1.0,1.0,99190.0,1.0,94.0,24.5,2.0,5.0,32.0,3,1,3,1.2727272727272727,1.0,1.0,1.0,1,3,2.0,2.0,1.5,2.5,"Hypergraph(num_v=14, num_e=7)",False,0.30761766433715815
4356,HETIO,7-01-DaGiGpBP-augF1-augA2,orig,0.10941529273986816,0.261160135269165,1,7,8,2,6,23630.65,1,678887,125324.42857142857,1.0,1.0,99190.0,1.0,94.0,24.5,2.0,5.0,32.0,2,1,3,1.2727272727272727,1.0,1.0,1.0,1,3,2.0,2.0,1.5,2.5,"Hypergraph(num_v=14, num_e=7)",False,0.15174484252929682
4357,HETIO,7-01-DaGiGpBP-augF1-augA3,orig,0.10906124114990234,0.1227731704711914,1,7,8,2,6,23630.65,1,678887,125324.42857142857,1.0,1.0,99190.0,1.0,94.0,24.5,2.0,5.0,32.0,2,1,3,1.2727272727272727,1.0,1.0,1.0,2,2,2.0,2.0,2.0,2.0,"Hypergraph(num_v=14, num_e=7)",False,0.013711929321289062
4358,HETIO,7-01-DaGiGpBP-augF1-augA4,orig,0.10865187644958496,0.421576976776123,1,7,8,2,6,23630.65,1,678887,125324.42857142857,1.0,1.0,99190.0,1.0,94.0,24.5,2.0,5.0,32.0,2,1,3,1.2727272727272727,1.0,1.0,1.0,1,4,2.0,1.0,1.0,2.5,"Hypergraph(num_v=14, num_e=7)",False,0.31292510032653803
4359,HETIO,7-01-DaGiGpBP-augF1-augA5,orig,0.10960841178894043,0.1102745532989502,1,7,8,2,6,23630.65,1,678887,125324.42857142857,1.0,1.0,99190.0,1.0,94.0,24.5,2.0,5.0,32.0,2,1,3,1.2727272727272727,1.0,1.0,1.0,2,2,2.0,2.0,2.0,2.0,"Hypergraph(num_v=14, num_e=7)",False,0.0006661415100097656
4360,HETIO,7-01-DaGiGpBP-augF1-augA6,orig,0.10853457450866699,0.6800932884216309,1,7,8,2,6,23630.65,1,678887,125324.42857142857,1.0,1.0,99190.0,1.0,94.0,24.5,2.0,5.0,32.0,3,1,3,1.2727272727272727,1.0,1.0,1.0,1,3,2.0,2.0,1.5,2.5,"Hypergraph(num_v=14, num_e=7)",False,0.5715587139129639
4361,HETIO,7-01-DaGiGpBP-augF2,orig,0.10760140419006348,0.4185605049133301,1,7,8,2,6,23630.65,1,678887,125324.42857142857,1.0,1.0,99190.0,1.0,94.0,24.5,2.0,5.0,32.0,4,1,3,1.2727272727272727,1.0,1.0,1.0,1,3,1.5,1.0,1.0,1.5,"Hypergraph(num_v=14, num_e=7)",False,0.3109591007232666
4362,HETIO,7-01-DaGiGpBP-augF2-augA1,orig,0.10708451271057129,0.1071290969848632,1,7,8,2,6,23630.65,1,678887,125324.42857142857,1.0,1.0,99190.0,1.0,94.0,24.5,2.0,5.0,32.0,3,1,3,1.2727272727272727,1.0,1.0,1.0,1,3,2.0,2.0,1.5,2.5,"Hypergraph(num_v=14, num_e=7)",False,4.458427429190892e-05
4363,HETIO,7-01-DaGiGpBP-augF2-augA2,orig,0.10740876197814941,0.4178957939147949,1,7,8,2,6,23630.65,1,678887,125324.42857142857,1.0,1.0,99190.0,1.0,94.0,24.5,2.0,5.0,32.0,2,1,3,1.2727272727272727,1.0,1.0,1.0,1,4,2.0,1.0,1.0,2.5,"Hypergraph(num_v=14, num_e=7)",False,0.3104870319366455
4364,HETIO,7-01-DaGiGpBP-augF2-augA3,orig,0.10647320747375488,0.4139728546142578,1,7,8,2,6,23630.65,1,678887,125324.42857142857,1.0,1.0,99190.0,1.0,94.0,24.5,2.0,5.0,32.0,2,1,3,1.2727272727272727,1.0,1.0,1.0,1,4,2.0,1.0,1.0,2.5,"Hypergraph(num_v=14, num_e=7)",False,0.30749964714050293
4365,HETIO,7-01-DaGiGpBP-augF2-augA4,orig,0.10743427276611328,0.8305833339691162,1,7,8,2,6,23630.65,1,678887,125324.42857142857,1.0,1.0,99190.0,1.0,94.0,24.5,2.0,5.0,32.0,2,1,3,1.2727272727272727,1.0,1.0,1.0,1,3,2.0,2.0,1.5,2.5,"Hypergraph(num_v=14, num_e=7)",False,0.7231490612030029
4366,HETIO,7-01-DaGiGpBP-augF2-augA5,orig,0.1072385311126709,0.257573127746582,1,7,8,2,6,23630.65,1,678887,125324.42857142857,1.0,1.0,99190.0,1.0,94.0,24.5,2.0,5.0,32.0,2,1,3,1.2727272727272727,1.0,1.0,1.0,1,3,2.0,2.0,1.5,2.5,"Hypergraph(num_v=14, num_e=7)",False,0.15033459663391108
4367,HETIO,7-01-DaGiGpBP-augF2-augA6,orig,0.10672640800476074,0.1080639362335205,1,7,8,2,6,23630.65,1,678887,125324.42857142857,1.0,1.0,99190.0,1.0,94.0,24.5,2.0,5.0,32.0,3,1,3,1.2727272727272727,1.0,1.0,1.0,1,3,2.0,2.0,1.5,2.5,"Hypergraph(num_v=14, num_e=7)",False,0.0013375282287597517
4368,HETIO,8-01-CCpGdCcSE,orig,0.11826896667480469,0.2575747966766357,1,7,7,1,6,27530.61,1,678887,143387.85714285713,776.5,5734.0,158770.0,41.0,3542.0,1368.8333333333333,64.75,523.5,2884.25,3,1,3,1.2727272727272727,1.0,1.0,1.0,1,3,2.0,2.0,1.5,2.5,"Hypergraph(num_v=14, num_e=7)",True,0.139305830001831
4369,HETIO,8-01-CCpGdCcSE-augA1,orig,0.1202244758605957,0.2458152770996093,1,7,7,1,6,27530.61,1,678887,143387.85714285713,776.5,5734.0,158770.0,41.0,3542.0,1368.8333333333333,64.75,523.5,2884.25,2,1,3,1.2727272727272727,1.0,1.0,1.0,1,4,2.0,1.0,1.0,2.5,"Hypergraph(num_v=14, num_e=7)",False,0.1255908012390136
4370,HETIO,8-01-CCpGdCcSE-augA2,orig,0.12085556983947754,0.2626235485076904,1,7,7,1,6,27530.61,1,678887,143387.85714285713,776.5,5734.0,158770.0,41.0,3542.0,1368.8333333333333,64.75,523.5,2884.25,2,1,3,1.2727272727272727,1.0,1.0,1.0,1,4,2.0,1.0,1.0,2.5,"Hypergraph(num_v=14, num_e=7)",False,0.14176797866821284
4371,HETIO,8-01-CCpGdCcSE-augA3,orig,0.12056279182434082,0.3779857158660888,1,7,7,1,6,27530.61,1,678887,143387.85714285713,776.5,5734.0,158770.0,41.0,3542.0,1368.8333333333333,64.75,523.5,2884.25,2,1,3,1.2727272727272727,1.0,1.0,1.0,1,3,2.0,2.0,1.5,2.5,"Hypergraph(num_v=14, num_e=7)",False,0.257422924041748
4372,HETIO,8-01-CCpGdCcSE-augA4,orig,0.12202930450439453,0.8614366054534912,1,7,7,1,6,27530.61,1,678887,143387.85714285713,776.5,5734.0,158770.0,41.0,3542.0,1368.8333333333333,64.75,523.5,2884.25,2,1,3,1.2727272727272727,1.0,1.0,1.0,2,2,2.0,2.0,2.0,2.0,"Hypergraph(num_v=14, num_e=7)",False,0.7394073009490967
4373,HETIO,8-01-CCpGdCcSE-augA5,orig,0.1220557689666748,0.3776721954345703,1,7,7,1,6,27530.61,1,678887,143387.85714285713,776.5,5734.0,158770.0,41.0,3542.0,1368.8333333333333,64.75,523.5,2884.25,2,1,3,1.2727272727272727,1.0,1.0,1.0,1,3,2.0,2.0,1.5,2.5,"Hypergraph(num_v=14, num_e=7)",False,0.2556164264678955
4374,HETIO,8-01-CCpGdCcSE-augA6,orig,0.12171101570129395,0.2867116928100586,1,7,7,1,6,27530.61,1,678887,143387.85714285713,776.5,5734.0,158770.0,41.0,3542.0,1368.8333333333333,64.75,523.5,2884.25,3,1,3,1.2727272727272727,1.0,1.0,1.0,1,3,2.0,2.0,1.5,2.5,"Hypergraph(num_v=14, num_e=7)",False,0.16500067710876465
4375,HETIO,8-01-CCpGdCcSE-augF1,orig,0.1207740306854248,0.8770608901977539,1,7,7,1,6,27530.61,1,678887,143387.85714285713,776.5,5734.0,158770.0,41.0,3542.0,1368.8333333333333,64.75,523.5,2884.25,3,1,3,1.2727272727272727,1.0,1.0,1.0,1,3,2.0,2.0,1.5,2.5,"Hypergraph(num_v=14, num_e=7)",False,0.7562868595123291
4376,HETIO,8-01-CCpGdCcSE-augF1-augA1,orig,0.12218379974365234,0.3008465766906738,1,7,7,1,6,27530.61,1,678887,143387.85714285713,776.5,5734.0,158770.0,41.0,3542.0,1368.8333333333333,64.75,523.5,2884.25,2,1,3,1.2727272727272727,1.0,1.0,1.0,2,2,2.0,2.0,2.0,2.0,"Hypergraph(num_v=14, num_e=7)",False,0.17866277694702143
4377,HETIO,8-01-CCpGdCcSE-augF1-augA2,orig,0.12192773818969727,0.2313990592956543,1,7,7,1,6,27530.61,1,678887,143387.85714285713,776.5,5734.0,158770.0,41.0,3542.0,1368.8333333333333,64.75,523.5,2884.25,2,1,3,1.2727272727272727,1.0,1.0,1.0,1,3,2.0,2.0,1.5,2.5,"Hypergraph(num_v=14, num_e=7)",False,0.10947132110595703
4378,HETIO,8-01-CCpGdCcSE-augF1-augA3,orig,0.12185072898864746,0.3700094223022461,1,7,7,1,6,27530.61,1,678887,143387.85714285713,776.5,5734.0,158770.0,41.0,3542.0,1368.8333333333333,64.75,523.5,2884.25,2,1,3,1.2727272727272727,1.0,1.0,1.0,1,3,2.0,2.0,1.5,2.5,"Hypergraph(num_v=14, num_e=7)",False,0.24815869331359863
4379,HETIO,8-01-CCpGdCcSE-augF1-augA4,orig,0.12210965156555176,0.8606991767883301,1,7,7,1,6,27530.61,1,678887,143387.85714285713,776.5,5734.0,158770.0,41.0,3542.0,1368.8333333333333,64.75,523.5,2884.25,2,1,3,1.2727272727272727,1.0,1.0,1.0,2,2,2.0,2.0,2.0,2.0,"Hypergraph(num_v=14, num_e=7)",False,0.7385895252227783
4380,HETIO,8-01-CCpGdCcSE-augF1-augA5,orig,0.12132859230041504,0.3808751106262207,1,7,7,1,6,27530.61,1,678887,143387.85714285713,776.5,5734.0,158770.0,41.0,3542.0,1368.8333333333333,64.75,523.5,2884.25,2,1,3,1.2727272727272727,1.0,1.0,1.0,1,3,2.0,2.0,1.5,2.5,"Hypergraph(num_v=14, num_e=7)",False,0.25954651832580566
4381,HETIO,8-01-CCpGdCcSE-augF1-augA6,orig,0.12163662910461426,0.2278244495391845,1,7,7,1,6,27530.61,1,678887,143387.85714285713,776.5,5734.0,158770.0,41.0,3542.0,1368.8333333333333,64.75,523.5,2884.25,3,1,3,1.2727272727272727,1.0,1.0,1.0,1,3,2.0,2.0,1.5,2.5,"Hypergraph(num_v=14, num_e=7)",False,0.10618782043457023
4382,HETIO,8-01-CCpGdCcSE-augF2,orig,0.1281721591949463,0.8766179084777832,1,7,7,1,6,27530.61,1,678887,143387.85714285713,776.5,5734.0,158770.0,41.0,3542.0,1368.8333333333333,64.75,523.5,2884.25,3,1,3,1.2727272727272727,1.0,1.0,1.0,1,3,2.0,2.0,1.5,2.5,"Hypergraph(num_v=14, num_e=7)",False,0.7484457492828369
4383,HETIO,8-01-CCpGdCcSE-augF2-augA1,orig,0.1274583339691162,0.3754217624664306,1,7,7,1,6,27530.61,1,678887,143387.85714285713,776.5,5734.0,158770.0,41.0,3542.0,1368.8333333333333,64.75,523.5,2884.25,2,1,3,1.2727272727272727,1.0,1.0,1.0,1,3,2.0,2.0,1.5,2.5,"Hypergraph(num_v=14, num_e=7)",False,0.2479634284973144
4384,HETIO,8-01-CCpGdCcSE-augF2-augA2,orig,0.12653684616088867,0.86049485206604,1,7,7,1,6,27530.61,1,678887,143387.85714285713,776.5,5734.0,158770.0,41.0,3542.0,1368.8333333333333,64.75,523.5,2884.25,2,1,3,1.2727272727272727,1.0,1.0,1.0,2,2,2.0,2.0,2.0,2.0,"Hypergraph(num_v=14, num_e=7)",False,0.7339580059051514
4385,HETIO,8-01-CCpGdCcSE-augF2-augA3,orig,0.12719297409057617,0.3128948211669922,1,7,7,1,6,27530.61,1,678887,143387.85714285713,776.5,5734.0,158770.0,41.0,3542.0,1368.8333333333333,64.75,523.5,2884.25,2,1,3,1.2727272727272727,1.0,1.0,1.0,1,4,2.0,1.0,1.0,2.5,"Hypergraph(num_v=14, num_e=7)",False,0.18570184707641602
4386,HETIO,8-01-CCpGdCcSE-augF2-augA4,orig,0.12755942344665527,0.3764722347259521,1,7,7,1,6,27530.61,1,678887,143387.85714285713,776.5,5734.0,158770.0,41.0,3542.0,1368.8333333333333,64.75,523.5,2884.25,2,1,3,1.2727272727272727,1.0,1.0,1.0,1,3,2.0,2.0,1.5,2.5,"Hypergraph(num_v=14, num_e=7)",False,0.24891281127929682
4387,HETIO,8-01-CCpGdCcSE-augF2-augA5,orig,0.1262526512145996,0.3767838478088379,1,7,7,1,6,27530.61,1,678887,143387.85714285713,776.5,5734.0,158770.0,41.0,3542.0,1368.8333333333333,64.75,523.5,2884.25,2,1,3,1.2727272727272727,1.0,1.0,1.0,1,3,2.0,2.0,1.5,2.5,"Hypergraph(num_v=14, num_e=7)",False,0.2505311965942383
4388,HETIO,8-01-CCpGdCcSE-augF2-augA6,orig,0.12658143043518066,0.2304728031158447,1,7,7,1,6,27530.61,1,678887,143387.85714285713,776.5,5734.0,158770.0,41.0,3542.0,1368.8333333333333,64.75,523.5,2884.25,3,1,3,1.2727272727272727,1.0,1.0,1.0,1,3,2.0,2.0,1.5,2.5,"Hypergraph(num_v=14, num_e=7)",False,0.10389137268066403
4389,HETIO,9-01-DuGrGpMF,orig,0.41706252098083496,0.6488711833953857,1,7,6,0,6,38598.31,137,678887,146621.7142857143,11914.5,20945.0,151277.0,1811.0,717431.0,192491.5,60894.25,118942.0,146944.0,3,1,3,1.2727272727272727,1.0,1.0,1.0,1,3,2.0,2.0,1.5,2.5,"Hypergraph(num_v=14, num_e=7)",True,0.23180866241455078
4390,HETIO,9-01-DuGrGpMF-augA1,orig,0.4129188060760498,1.0252294540405271,1,7,6,0,6,38598.31,137,678887,146621.7142857143,11914.5,20945.0,151277.0,1811.0,717431.0,192491.5,60894.25,118942.0,146944.0,3,1,3,1.2727272727272727,1.0,1.0,1.0,1,3,2.0,2.0,1.5,2.5,"Hypergraph(num_v=14, num_e=7)",False,0.6123106479644773
4391,HETIO,9-01-DuGrGpMF-augA2,orig,0.37714385986328125,0.9433021545410156,1,7,6,0,6,38594.31,137,678887,146621.7142857143,11914.5,20945.0,151277.0,1811.0,717431.0,192491.5,60894.25,118942.0,146944.0,2,1,3,1.2727272727272727,1.0,1.0,1.0,2,2,2.0,2.0,2.0,2.0,"Hypergraph(num_v=14, num_e=7)",False,0.5661582946777344
4392,HETIO,9-01-DuGrGpMF-augA3,orig,0.37670302391052246,0.7764372825622559,1,7,6,0,6,38594.31,137,678887,146621.7142857143,11914.5,20945.0,151277.0,1811.0,717431.0,192491.5,60894.25,118942.0,146944.0,2,1,3,1.2727272727272727,1.0,1.0,1.0,1,4,2.0,1.0,1.0,2.5,"Hypergraph(num_v=14, num_e=7)",False,0.3997342586517334
4393,HETIO,9-01-DuGrGpMF-augA4,orig,0.376126766204834,0.698061466217041,1,7,6,0,6,38514.31,137,678887,146621.7142857143,11914.5,20945.0,151277.0,1811.0,717431.0,192491.5,60894.25,118942.0,146944.0,2,1,3,1.2727272727272727,1.0,1.0,1.0,1,4,2.0,1.0,1.0,2.5,"Hypergraph(num_v=14, num_e=7)",False,0.32193470001220703
4394,HETIO,9-01-DuGrGpMF-augA5,orig,0.3787684440612793,0.6950881481170654,1,7,6,0,6,38514.31,137,678887,146621.7142857143,11914.5,20945.0,151277.0,1811.0,717431.0,192491.5,60894.25,118942.0,146944.0,2,1,3,1.2727272727272727,1.0,1.0,1.0,1,3,2.0,2.0,1.5,2.5,"Hypergraph(num_v=14, num_e=7)",False,0.31631970405578613
4395,HETIO,9-01-DuGrGpMF-augA6,orig,0.4309992790222168,0.4912796020507812,1,7,6,0,6,38980.31,137,678887,146621.7142857143,11914.5,20945.0,151277.0,1811.0,717431.0,192491.5,60894.25,118942.0,146944.0,3,1,3,1.2727272727272727,1.0,1.0,1.0,1,3,2.0,2.0,1.5,2.5,"Hypergraph(num_v=14, num_e=7)",False,0.0602803230285644
4396,HETIO,9-02-DdGrGpMF,orig,0.3917548656463623,0.7881767749786377,1,7,6,0,6,39826.81,137,678887,147736.0,11914.5,20945.0,155177.0,2029.0,865881.0,218702.3333333333,67342.0,118942.0,146944.0,3,1,3,1.2727272727272727,1.0,1.0,1.0,1,3,2.0,2.0,1.5,2.5,"Hypergraph(num_v=14, num_e=7)",True,0.3964219093322754
4397,HETIO,9-02-DdGrGpMF-augA1,orig,0.39229750633239746,0.634207010269165,1,7,6,0,6,39826.81,137,678887,147736.0,11914.5,20945.0,155177.0,2029.0,865881.0,218702.3333333333,67342.0,118942.0,146944.0,3,1,3,1.2727272727272727,1.0,1.0,1.0,1,3,2.0,2.0,1.5,2.5,"Hypergraph(num_v=14, num_e=7)",False,0.24190950393676758
4398,HETIO,9-02-DdGrGpMF-augA2,orig,0.357224702835083,0.7810425758361816,1,7,6,0,6,39822.81,137,678887,147736.0,11914.5,20945.0,155177.0,2029.0,865881.0,218702.3333333333,67342.0,118942.0,146944.0,2,1,3,1.2727272727272727,1.0,1.0,1.0,1,4,2.0,1.0,1.0,2.5,"Hypergraph(num_v=14, num_e=7)",False,0.42381787300109863
4399,HETIO,9-02-DdGrGpMF-augA3,orig,0.35708141326904297,0.6995065212249756,1,7,6,0,6,39822.81,137,678887,147736.0,11914.5,20945.0,155177.0,2029.0,865881.0,218702.3333333333,67342.0,118942.0,146944.0,2,1,3,1.2727272727272727,1.0,1.0,1.0,1,4,2.0,1.0,1.0,2.5,"Hypergraph(num_v=14, num_e=7)",False,0.3424251079559326
4400,HETIO,9-02-DdGrGpMF-augA4,orig,0.3578836917877197,0.7207086086273193,1,7,6,0,6,39724.81,137,678887,147736.0,11914.5,20945.0,155177.0,2029.0,865881.0,218702.3333333333,67342.0,118942.0,146944.0,2,1,3,1.2727272727272727,1.0,1.0,1.0,1,4,2.0,1.0,1.0,2.5,"Hypergraph(num_v=14, num_e=7)",False,0.3628249168395996
4401,HETIO,9-02-DdGrGpMF-augA5,orig,0.36361217498779297,0.6535830497741699,1,7,6,0,6,39724.81,137,678887,147736.0,11914.5,20945.0,155177.0,2029.0,865881.0,218702.3333333333,67342.0,118942.0,146944.0,2,1,3,1.2727272727272727,1.0,1.0,1.0,1,3,2.0,2.0,1.5,2.5,"Hypergraph(num_v=14, num_e=7)",False,0.28997087478637695
4402,HETIO,9-02-DdGrGpMF-augA6,orig,0.4034583568572998,0.7089483737945557,1,7,6,0,6,40190.81,137,678887,147736.0,11914.5,20945.0,155177.0,2029.0,865881.0,218702.3333333333,67342.0,118942.0,146944.0,3,1,3,1.2727272727272727,1.0,1.0,1.0,1,3,2.0,2.0,1.5,2.5,"Hypergraph(num_v=14, num_e=7)",False,0.30549001693725586
4403,HETIO,9-03-DaGrGpMF,orig,0.6516251564025879,0.763484001159668,1,7,6,0,6,30708.82,137,678887,128099.71428571428,7602.5,20945.0,90762.0,368.0,291149.0,91147.83333333331,4684.5,67901.0,118942.0,3,1,3,1.2727272727272727,1.0,1.0,1.0,1,3,2.0,2.0,1.5,2.5,"Hypergraph(num_v=14, num_e=7)",True,0.11185884475708008
4404,HETIO,9-03-DaGrGpMF-augA1,orig,0.6545681953430176,0.7648723125457764,1,7,6,0,6,30708.82,137,678887,128099.71428571428,7602.5,20945.0,90762.0,368.0,291149.0,91147.83333333331,4684.5,67901.0,118942.0,3,1,3,1.2727272727272727,1.0,1.0,1.0,1,3,2.0,2.0,1.5,2.5,"Hypergraph(num_v=14, num_e=7)",False,0.11030411720275879
4405,HETIO,9-03-DaGrGpMF-augA2,orig,0.5427289009094238,0.7740845680236816,1,7,6,0,6,30708.82,137,678887,128099.71428571428,7602.5,20945.0,90762.0,368.0,291149.0,91147.83333333331,4684.5,67901.0,118942.0,2,1,3,1.2727272727272727,1.0,1.0,1.0,1,4,2.0,1.0,1.0,2.5,"Hypergraph(num_v=14, num_e=7)",False,0.2313556671142578
4406,HETIO,9-03-DaGrGpMF-augA3,orig,0.5413515567779541,0.6312370300292969,1,7,6,0,6,30708.82,137,678887,128099.71428571428,7602.5,20945.0,90762.0,368.0,291149.0,91147.83333333331,4684.5,67901.0,118942.0,2,1,3,1.2727272727272727,1.0,1.0,1.0,1,3,2.0,2.0,1.5,2.5,"Hypergraph(num_v=14, num_e=7)",False,0.08988547325134277
4407,HETIO,9-03-DaGrGpMF-augA4,orig,0.5412068367004395,0.9280116558074952,1,7,6,0,6,30674.82,137,678887,128099.71428571428,7602.5,20945.0,90762.0,368.0,291149.0,91147.83333333331,4684.5,67901.0,118942.0,2,1,3,1.2727272727272727,1.0,1.0,1.0,2,2,2.0,2.0,2.0,2.0,"Hypergraph(num_v=14, num_e=7)",False,0.3868048191070558
4408,HETIO,9-03-DaGrGpMF-augA5,orig,0.5481398105621338,0.9601786136627196,1,7,6,0,6,30674.82,137,678887,128099.71428571428,7602.5,20945.0,90762.0,368.0,291149.0,91147.83333333331,4684.5,67901.0,118942.0,2,1,3,1.2727272727272727,1.0,1.0,1.0,2,2,2.0,2.0,2.0,2.0,"Hypergraph(num_v=14, num_e=7)",False,0.4120388031005858
4409,HETIO,9-03-DaGrGpMF-augA6,rewr,0.678415060043335,0.4849786758422851,1,7,6,0,6,31140.82,137,678887,128099.71428571428,7602.5,20945.0,90762.0,368.0,291149.0,91147.83333333331,4684.5,67901.0,118942.0,3,1,3,1.2727272727272727,1.0,1.0,1.0,1,3,2.0,2.0,1.5,2.5,"Hypergraph(num_v=14, num_e=7)",False,-0.19343638420104986
4410,HETIO,9-04-DuGiGpMF,orig,0.4559812545776367,1.145864486694336,1,7,6,0,6,39754.57,137,678887,149029.7142857143,11914.5,20945.0,159705.0,1811.0,780788.0,206380.66666666663,63235.75,118942.0,159586.0,3,1,3,1.2727272727272727,1.0,1.0,1.0,2,2,2.0,2.0,2.0,2.0,"Hypergraph(num_v=14, num_e=7)",True,0.6898832321166992
4411,HETIO,9-04-DuGiGpMF-augA1,orig,0.45661449432373047,0.7607748508453369,1,7,6,0,6,39754.57,137,678887,149029.7142857143,11914.5,20945.0,159705.0,1811.0,780788.0,206380.66666666663,63235.75,118942.0,159586.0,3,1,3,1.2727272727272727,1.0,1.0,1.0,2,2,2.0,2.0,2.0,2.0,"Hypergraph(num_v=14, num_e=7)",False,0.30416035652160645
4412,HETIO,9-04-DuGiGpMF-augA2,orig,0.4091343879699707,0.8449792861938477,1,7,6,0,6,39750.57,137,678887,149029.7142857143,11914.5,20945.0,159705.0,1811.0,780788.0,206380.66666666663,63235.75,118942.0,159586.0,2,1,3,1.2727272727272727,1.0,1.0,1.0,1,4,2.0,1.0,1.0,2.5,"Hypergraph(num_v=14, num_e=7)",False,0.43584489822387695
4413,HETIO,9-04-DuGiGpMF-augA3,orig,0.4079015254974365,0.8081514835357666,1,7,6,0,6,39750.57,137,678887,149029.7142857143,11914.5,20945.0,159705.0,1811.0,780788.0,206380.66666666663,63235.75,118942.0,159586.0,2,1,3,1.2727272727272727,1.0,1.0,1.0,1,4,2.0,1.0,1.0,2.5,"Hypergraph(num_v=14, num_e=7)",False,0.4002499580383301
4414,HETIO,9-04-DuGiGpMF-augA4,orig,0.4075143337249756,0.6286089420318604,1,7,6,0,6,39662.57,137,678887,149029.7142857143,11914.5,20945.0,159705.0,1811.0,780788.0,206380.66666666663,63235.75,118942.0,159586.0,2,1,3,1.2727272727272727,1.0,1.0,1.0,1,3,2.0,2.0,1.5,2.5,"Hypergraph(num_v=14, num_e=7)",False,0.22109460830688477
4415,HETIO,9-04-DuGiGpMF-augA5,orig,0.410677433013916,0.9759485721588136,1,7,6,0,6,39662.57,137,678887,149029.7142857143,11914.5,20945.0,159705.0,1811.0,780788.0,206380.66666666663,63235.75,118942.0,159586.0,2,1,3,1.2727272727272727,1.0,1.0,1.0,2,2,2.0,2.0,2.0,2.0,"Hypergraph(num_v=14, num_e=7)",False,0.5652711391448976
4416,HETIO,9-04-DuGiGpMF-augA6,orig,0.4760756492614746,0.7646408081054688,1,7,6,0,6,40128.57,137,678887,149029.7142857143,11914.5,20945.0,159705.0,1811.0,780788.0,206380.66666666663,63235.75,118942.0,159586.0,3,1,3,1.2727272727272727,1.0,1.0,1.0,1,3,2.0,2.0,1.5,2.5,"Hypergraph(num_v=14, num_e=7)",False,0.28856515884399414
4417,HETIO,9-05-DdGiGpMF,orig,0.43808484077453613,0.6935970783233643,1,7,6,0,6,41067.61,137,678887,150144.0,11914.5,20945.0,163605.0,2029.0,942448.0,234901.66666666663,70171.75,118942.0,159586.0,3,1,3,1.2727272727272727,1.0,1.0,1.0,1,3,2.0,2.0,1.5,2.5,"Hypergraph(num_v=14, num_e=7)",True,0.2555122375488281
4418,HETIO,9-05-DdGiGpMF-augA1,orig,0.4356226921081543,0.6656677722930908,1,7,6,0,6,41067.61,137,678887,150144.0,11914.5,20945.0,163605.0,2029.0,942448.0,234901.66666666663,70171.75,118942.0,159586.0,3,1,3,1.2727272727272727,1.0,1.0,1.0,1,3,2.0,2.0,1.5,2.5,"Hypergraph(num_v=14, num_e=7)",False,0.23004508018493652
4419,HETIO,9-05-DdGiGpMF-augA2,orig,0.39375877380371094,0.7337570190429688,1,7,6,0,6,41063.61,137,678887,150144.0,11914.5,20945.0,163605.0,2029.0,942448.0,234901.66666666663,70171.75,118942.0,159586.0,2,1,3,1.2727272727272727,1.0,1.0,1.0,1,3,2.0,2.0,1.5,2.5,"Hypergraph(num_v=14, num_e=7)",False,0.3399982452392578
4420,HETIO,9-05-DdGiGpMF-augA3,orig,0.39268040657043457,0.6635150909423828,1,7,6,0,6,41063.61,137,678887,150144.0,11914.5,20945.0,163605.0,2029.0,942448.0,234901.66666666663,70171.75,118942.0,159586.0,2,1,3,1.2727272727272727,1.0,1.0,1.0,1,3,2.0,2.0,1.5,2.5,"Hypergraph(num_v=14, num_e=7)",False,0.27083468437194824
4421,HETIO,9-05-DdGiGpMF-augA4,orig,0.3936338424682617,0.8632876873016357,1,7,6,0,6,40957.61,137,678887,150144.0,11914.5,20945.0,163605.0,2029.0,942448.0,234901.66666666663,70171.75,118942.0,159586.0,2,1,3,1.2727272727272727,1.0,1.0,1.0,1,4,2.0,1.0,1.0,2.5,"Hypergraph(num_v=14, num_e=7)",False,0.469653844833374
4422,HETIO,9-05-DdGiGpMF-augA5,orig,0.39799070358276367,1.0325963497161863,1,7,6,0,6,40957.61,137,678887,150144.0,11914.5,20945.0,163605.0,2029.0,942448.0,234901.66666666663,70171.75,118942.0,159586.0,2,1,3,1.2727272727272727,1.0,1.0,1.0,2,2,2.0,2.0,2.0,2.0,"Hypergraph(num_v=14, num_e=7)",False,0.6346056461334226
4423,HETIO,9-05-DdGiGpMF-augA6,orig,0.45691919326782227,0.6031279563903809,1,7,6,0,6,41423.61,137,678887,150144.0,11914.5,20945.0,163605.0,2029.0,942448.0,234901.66666666663,70171.75,118942.0,159586.0,3,1,3,1.2727272727272727,1.0,1.0,1.0,2,2,2.0,2.0,2.0,2.0,"Hypergraph(num_v=14, num_e=7)",False,0.1462087631225586
4424,HETIO,9-06-DaGiGpMF,orig,0.8382718563079834,0.9780101776123048,1,7,6,0,6,30599.21,137,678887,130507.71428571428,7602.5,20945.0,99190.0,368.0,204466.0,75840.16666666667,3393.75,65319.5,118942.0,3,1,3,1.2727272727272727,1.0,1.0,1.0,1,3,2.0,2.0,1.5,2.5,"Hypergraph(num_v=14, num_e=7)",True,0.1397383213043214
4425,HETIO,9-06-DaGiGpMF-augA1,orig,0.8429391384124756,0.9757015705108644,1,7,6,0,6,30599.21,137,678887,130507.71428571428,7602.5,20945.0,99190.0,368.0,204466.0,75840.16666666667,3393.75,65319.5,118942.0,3,1,3,1.2727272727272727,1.0,1.0,1.0,1,3,2.0,2.0,1.5,2.5,"Hypergraph(num_v=14, num_e=7)",False,0.13276243209838878
4426,HETIO,9-06-DaGiGpMF-augA2,rewr,0.6783323287963867,0.6103212833404541,1,7,6,0,6,30599.21,137,678887,130507.71428571428,7602.5,20945.0,99190.0,368.0,204466.0,75840.16666666667,3393.75,65319.5,118942.0,2,1,3,1.2727272727272727,1.0,1.0,1.0,1,3,2.0,2.0,1.5,2.5,"Hypergraph(num_v=14, num_e=7)",False,-0.06801104545593262
4427,HETIO,9-06-DaGiGpMF-augA3,rewr,0.6749584674835205,0.5036380290985107,1,7,6,0,6,30599.21,137,678887,130507.71428571428,7602.5,20945.0,99190.0,368.0,204466.0,75840.16666666667,3393.75,65319.5,118942.0,2,1,3,1.2727272727272727,1.0,1.0,1.0,2,2,2.0,2.0,2.0,2.0,"Hypergraph(num_v=14, num_e=7)",False,-0.17132043838500977
4428,HETIO,9-06-DaGiGpMF-augA4,rewr,0.6750662326812744,0.4983630180358886,1,7,6,0,6,30575.21,137,678887,130507.71428571428,7602.5,20945.0,99190.0,368.0,204466.0,75840.16666666667,3393.75,65319.5,118942.0,2,1,3,1.2727272727272727,1.0,1.0,1.0,2,2,2.0,2.0,2.0,2.0,"Hypergraph(num_v=14, num_e=7)",False,-0.1767032146453858
4429,HETIO,9-06-DaGiGpMF-augA5,orig,0.6888513565063477,0.7517740726470947,1,7,6,0,6,30575.21,137,678887,130507.71428571428,7602.5,20945.0,99190.0,368.0,204466.0,75840.16666666667,3393.75,65319.5,118942.0,2,1,3,1.2727272727272727,1.0,1.0,1.0,1,4,2.0,1.0,1.0,2.5,"Hypergraph(num_v=14, num_e=7)",False,0.06292271614074707
4430,HETIO,9-06-DaGiGpMF-augA6,rewr,0.8977117538452148,0.5107429027557373,1,7,6,0,6,31041.21,137,678887,130507.71428571428,7602.5,20945.0,99190.0,368.0,204466.0,75840.16666666667,3393.75,65319.5,118942.0,3,1,3,1.2727272727272727,1.0,1.0,1.0,1,3,2.0,2.0,1.5,2.5,"Hypergraph(num_v=14, num_e=7)",False,-0.38696885108947754
4431,HETIO,9-07-DuGcGpMF,orig,0.24235153198242188,0.5275723934173584,1,7,6,0,6,32705.19,137,678887,141922.0,11914.5,20945.0,134828.0,1811.0,325721.0,117929.0,43819.0,118942.0,122270.5,3,1,3,1.2727272727272727,1.0,1.0,1.0,1,3,2.0,2.0,1.5,2.5,"Hypergraph(num_v=14, num_e=7)",True,0.2852208614349365
4432,HETIO,9-07-DuGcGpMF-augA1,orig,0.23917531967163086,0.5284428596496582,1,7,6,0,6,32705.19,137,678887,141922.0,11914.5,20945.0,134828.0,1811.0,325721.0,117929.0,43819.0,118942.0,122270.5,3,1,3,1.2727272727272727,1.0,1.0,1.0,1,3,2.0,2.0,1.5,2.5,"Hypergraph(num_v=14, num_e=7)",False,0.28926753997802734
4433,HETIO,9-07-DuGcGpMF-augA2,orig,0.23508191108703613,0.8843777179718018,1,7,6,0,6,32705.19,137,678887,141922.0,11914.5,20945.0,134828.0,1811.0,325721.0,117929.0,43819.0,118942.0,122270.5,2,1,3,1.2727272727272727,1.0,1.0,1.0,1,3,2.0,2.0,1.5,2.5,"Hypergraph(num_v=14, num_e=7)",False,0.6492958068847656
4434,HETIO,9-07-DuGcGpMF-augA3,orig,0.23348069190979004,0.461613655090332,1,7,6,0,6,32705.19,137,678887,141922.0,11914.5,20945.0,134828.0,1811.0,325721.0,117929.0,43819.0,118942.0,122270.5,2,1,3,1.2727272727272727,1.0,1.0,1.0,1,3,2.0,2.0,1.5,2.5,"Hypergraph(num_v=14, num_e=7)",False,0.22813296318054194
4435,HETIO,9-07-DuGcGpMF-augA4,orig,0.23523497581481934,0.4317984580993652,1,7,6,0,6,32669.19,137,678887,141922.0,11914.5,20945.0,134828.0,1811.0,325721.0,117929.0,43819.0,118942.0,122270.5,2,1,3,1.2727272727272727,1.0,1.0,1.0,1,3,2.0,2.0,1.5,2.5,"Hypergraph(num_v=14, num_e=7)",False,0.19656348228454584
4436,HETIO,9-07-DuGcGpMF-augA5,orig,0.2355506420135498,0.4953505992889404,1,7,6,0,6,32669.19,137,678887,141922.0,11914.5,20945.0,134828.0,1811.0,325721.0,117929.0,43819.0,118942.0,122270.5,2,1,3,1.2727272727272727,1.0,1.0,1.0,1,4,2.0,1.0,1.0,2.5,"Hypergraph(num_v=14, num_e=7)",False,0.25979995727539057
4437,HETIO,9-07-DuGcGpMF-augA6,orig,0.24396133422851562,0.8908133506774902,1,7,6,0,6,33135.19,137,678887,141922.0,11914.5,20945.0,134828.0,1811.0,325721.0,117929.0,43819.0,118942.0,122270.5,3,1,3,1.2727272727272727,1.0,1.0,1.0,1,3,2.0,2.0,1.5,2.5,"Hypergraph(num_v=14, num_e=7)",False,0.6468520164489746
4438,HETIO,9-08-DdGcGpMF,orig,0.2445981502532959,0.929271936416626,1,7,6,0,6,33364.9,137,678887,143036.2857142857,11914.5,20945.0,138728.0,2029.0,393157.0,129852.5,46734.25,118942.0,122270.5,3,1,3,1.2727272727272727,1.0,1.0,1.0,1,3,2.0,2.0,1.5,2.5,"Hypergraph(num_v=14, num_e=7)",True,0.6846737861633301
4439,HETIO,9-08-DdGcGpMF-augA1,orig,0.24553704261779785,0.5285136699676514,1,7,6,0,6,33364.9,137,678887,143036.2857142857,11914.5,20945.0,138728.0,2029.0,393157.0,129852.5,46734.25,118942.0,122270.5,3,1,3,1.2727272727272727,1.0,1.0,1.0,1,3,2.0,2.0,1.5,2.5,"Hypergraph(num_v=14, num_e=7)",False,0.2829766273498535
4440,HETIO,9-08-DdGcGpMF-augA2,orig,0.23995375633239746,0.5453674793243408,1,7,6,0,6,33364.9,137,678887,143036.2857142857,11914.5,20945.0,138728.0,2029.0,393157.0,129852.5,46734.25,118942.0,122270.5,2,1,3,1.2727272727272727,1.0,1.0,1.0,1,4,2.0,1.0,1.0,2.5,"Hypergraph(num_v=14, num_e=7)",False,0.30541372299194336
4441,HETIO,9-08-DdGcGpMF-augA3,orig,0.23993301391601562,0.4952430725097656,1,7,6,0,6,33364.9,137,678887,143036.2857142857,11914.5,20945.0,138728.0,2029.0,393157.0,129852.5,46734.25,118942.0,122270.5,2,1,3,1.2727272727272727,1.0,1.0,1.0,1,4,2.0,1.0,1.0,2.5,"Hypergraph(num_v=14, num_e=7)",False,0.25531005859375
4442,HETIO,9-08-DdGcGpMF-augA4,orig,0.23918795585632324,0.9008090496063232,1,7,6,0,6,33320.9,137,678887,143036.2857142857,11914.5,20945.0,138728.0,2029.0,393157.0,129852.5,46734.25,118942.0,122270.5,2,1,3,1.2727272727272727,1.0,1.0,1.0,2,2,2.0,2.0,2.0,2.0,"Hypergraph(num_v=14, num_e=7)",False,0.66162109375
4443,HETIO,9-08-DdGcGpMF-augA5,orig,0.23940086364746094,0.5208616256713867,1,7,6,0,6,33320.9,137,678887,143036.2857142857,11914.5,20945.0,138728.0,2029.0,393157.0,129852.5,46734.25,118942.0,122270.5,2,1,3,1.2727272727272727,1.0,1.0,1.0,1,4,2.0,1.0,1.0,2.5,"Hypergraph(num_v=14, num_e=7)",False,0.2814607620239258
4444,HETIO,9-08-DdGcGpMF-augA6,orig,0.2506275177001953,0.4240329265594482,1,7,6,0,6,33786.9,137,678887,143036.2857142857,11914.5,20945.0,138728.0,2029.0,393157.0,129852.5,46734.25,118942.0,122270.5,3,1,3,1.2727272727272727,1.0,1.0,1.0,1,3,2.0,2.0,1.5,2.5,"Hypergraph(num_v=14, num_e=7)",False,0.17340540885925287
4445,HETIO,9-09-DaGcGpMF,orig,0.22171807289123535,0.5052828788757324,1,7,6,0,6,27428.54,137,678887,123400.0,7602.5,20945.0,74313.0,368.0,118942.0,36185.16666666666,1725.25,5023.0,66602.5,3,1,3,1.2727272727272727,1.0,1.0,1.0,1,3,2.0,2.0,1.5,2.5,"Hypergraph(num_v=14, num_e=7)",True,0.28356480598449707
4446,HETIO,9-09-DaGcGpMF-augA1,orig,0.2223985195159912,0.506847620010376,1,7,6,0,6,27428.54,137,678887,123400.0,7602.5,20945.0,74313.0,368.0,118942.0,36185.16666666666,1725.25,5023.0,66602.5,3,1,3,1.2727272727272727,1.0,1.0,1.0,1,3,2.0,2.0,1.5,2.5,"Hypergraph(num_v=14, num_e=7)",False,0.28444910049438477
4447,HETIO,9-09-DaGcGpMF-augA2,orig,0.21210145950317383,0.9046316146850586,1,7,6,0,6,27428.54,137,678887,123400.0,7602.5,20945.0,74313.0,368.0,118942.0,36185.16666666666,1725.25,5023.0,66602.5,2,1,3,1.2727272727272727,1.0,1.0,1.0,1,3,2.0,2.0,1.5,2.5,"Hypergraph(num_v=14, num_e=7)",False,0.6925301551818848
4448,HETIO,9-09-DaGcGpMF-augA3,orig,0.21403884887695312,0.8052902221679688,1,7,6,0,6,27428.54,137,678887,123400.0,7602.5,20945.0,74313.0,368.0,118942.0,36185.16666666666,1725.25,5023.0,66602.5,2,1,3,1.2727272727272727,1.0,1.0,1.0,2,2,2.0,2.0,2.0,2.0,"Hypergraph(num_v=14, num_e=7)",False,0.5912513732910156
4449,HETIO,9-09-DaGcGpMF-augA4,orig,0.211561918258667,0.4048826694488525,1,7,6,0,6,27428.54,137,678887,123400.0,7602.5,20945.0,74313.0,368.0,118942.0,36185.16666666666,1725.25,5023.0,66602.5,2,1,3,1.2727272727272727,1.0,1.0,1.0,2,2,2.0,2.0,2.0,2.0,"Hypergraph(num_v=14, num_e=7)",False,0.1933207511901855
4450,HETIO,9-09-DaGcGpMF-augA5,orig,0.21280908584594727,0.4902184009552002,1,7,6,0,6,27428.54,137,678887,123400.0,7602.5,20945.0,74313.0,368.0,118942.0,36185.16666666666,1725.25,5023.0,66602.5,2,1,3,1.2727272727272727,1.0,1.0,1.0,1,3,2.0,2.0,1.5,2.5,"Hypergraph(num_v=14, num_e=7)",False,0.27740931510925293
4451,HETIO,9-09-DaGcGpMF-augA6,orig,0.1670215129852295,0.803663969039917,1,7,6,0,6,27928.91,137,678887,123400.0,7602.5,20945.0,74313.0,368.0,118942.0,31949.666666666668,1725.25,5023.0,47542.75,3,1,3,1.2727272727272727,1.0,1.0,1.0,1,3,2.0,2.0,1.5,2.5,"Hypergraph(num_v=14, num_e=7)",False,0.6366424560546875
4452,HETIO,10-01-SpDdGpPW,orig,0.2762908935546875,0.4205274581909179,1,7,6,0,6,27118.46,137,678887,123288.42857142857,1130.0,6714.0,87510.5,2029.0,333439.0,87012.0,11762.5,53047.5,75143.0,3,1,3,1.2727272727272727,1.0,1.0,1.0,1,3,2.0,2.0,1.5,2.5,"Hypergraph(num_v=14, num_e=7)",True,0.1442365646362304
4453,HETIO,10-01-SpDdGpPW-augA1,orig,0.30788087844848633,0.3934180736541748,1,7,6,0,6,27118.46,137,678887,123288.42857142857,1130.0,6714.0,87510.5,2029.0,333439.0,87012.0,11762.5,53047.5,75143.0,2,1,3,1.2727272727272727,1.0,1.0,1.0,1,4,2.0,1.0,1.0,2.5,"Hypergraph(num_v=14, num_e=7)",False,0.08553719520568848
4454,HETIO,10-01-SpDdGpPW-augA2,orig,0.29044127464294434,0.3939692974090576,1,7,6,0,6,27118.46,137,678887,123288.42857142857,1130.0,6714.0,87510.5,2029.0,333439.0,87012.0,11762.5,53047.5,75143.0,2,1,3,1.2727272727272727,1.0,1.0,1.0,2,2,2.0,2.0,2.0,2.0,"Hypergraph(num_v=14, num_e=7)",False,0.10352802276611328
4455,HETIO,10-01-SpDdGpPW-augA3,orig,0.2907295227050781,0.3792624473571777,1,7,6,0,6,27118.46,137,678887,123288.42857142857,1130.0,6714.0,87510.5,2029.0,333439.0,87012.0,11762.5,53047.5,75143.0,2,1,3,1.2727272727272727,1.0,1.0,1.0,1,3,2.0,2.0,1.5,2.5,"Hypergraph(num_v=14, num_e=7)",False,0.08853292465209955
4456,HETIO,10-01-SpDdGpPW-augA4,orig,0.2567157745361328,0.7567892074584961,1,7,6,0,6,27118.46,137,678887,123288.42857142857,1130.0,6714.0,87510.5,2029.0,333439.0,87012.0,11762.5,53047.5,75143.0,2,1,3,1.2727272727272727,1.0,1.0,1.0,2,2,2.0,2.0,2.0,2.0,"Hypergraph(num_v=14, num_e=7)",False,0.5000734329223633
4457,HETIO,10-01-SpDdGpPW-augA5,orig,0.2571091651916504,0.4122710227966308,1,7,6,0,6,27118.46,137,678887,123288.42857142857,1130.0,6714.0,87510.5,2029.0,333439.0,87012.0,11762.5,53047.5,75143.0,2,1,3,1.2727272727272727,1.0,1.0,1.0,1,3,2.0,2.0,1.5,2.5,"Hypergraph(num_v=14, num_e=7)",False,0.1551618576049804
4458,HETIO,10-01-SpDdGpPW-augA6,orig,0.28380823135375977,0.3756282329559326,1,7,6,0,6,27118.46,137,678887,123288.42857142857,1130.0,6714.0,87510.5,2029.0,333439.0,87012.0,11762.5,53047.5,75143.0,3,1,3,1.2727272727272727,1.0,1.0,1.0,1,3,2.0,2.0,1.5,2.5,"Hypergraph(num_v=14, num_e=7)",False,0.09182000160217285
4459,HETIO,10-02-SpDuGpPW,orig,0.2982966899871826,0.3450682163238525,1,7,6,0,6,26917.68,137,678887,122174.14285714286,1130.0,6714.0,83610.5,1811.0,337242.0,87668.83333333333,11851.5,53225.5,75143.0,3,1,3,1.2727272727272727,1.0,1.0,1.0,2,2,2.0,2.0,2.0,2.0,"Hypergraph(num_v=14, num_e=7)",True,0.046771526336669866
4460,HETIO,10-02-SpDuGpPW-augA1,orig,0.31275463104248047,0.3748571872711181,1,7,6,0,6,26917.68,137,678887,122174.14285714286,1130.0,6714.0,83610.5,1811.0,337242.0,87668.83333333333,11851.5,53225.5,75143.0,2,1,3,1.2727272727272727,1.0,1.0,1.0,1,4,2.0,1.0,1.0,2.5,"Hypergraph(num_v=14, num_e=7)",False,0.06210255622863764
4461,HETIO,10-02-SpDuGpPW-augA2,rewr,0.31282711029052734,0.3084087371826172,1,7,6,0,6,26917.68,137,678887,122174.14285714286,1130.0,6714.0,83610.5,1811.0,337242.0,87668.83333333333,11851.5,53225.5,75143.0,2,1,3,1.2727272727272727,1.0,1.0,1.0,1,4,2.0,1.0,1.0,2.5,"Hypergraph(num_v=14, num_e=7)",False,-0.004418373107910156
4462,HETIO,10-02-SpDuGpPW-augA3,orig,0.31290411949157715,0.3732826709747314,1,7,6,0,6,26917.68,137,678887,122174.14285714286,1130.0,6714.0,83610.5,1811.0,337242.0,87668.83333333333,11851.5,53225.5,75143.0,2,1,3,1.2727272727272727,1.0,1.0,1.0,1,4,2.0,1.0,1.0,2.5,"Hypergraph(num_v=14, num_e=7)",False,0.06037855148315424
4463,HETIO,10-02-SpDuGpPW-augA4,orig,0.28061985969543457,0.7662637233734131,1,7,6,0,6,26917.68,137,678887,122174.14285714286,1130.0,6714.0,83610.5,1811.0,337242.0,87668.83333333333,11851.5,53225.5,75143.0,2,1,3,1.2727272727272727,1.0,1.0,1.0,2,2,2.0,2.0,2.0,2.0,"Hypergraph(num_v=14, num_e=7)",False,0.4856438636779785
4464,HETIO,10-02-SpDuGpPW-augA5,orig,0.3015124797821045,0.3811306953430176,1,7,6,0,6,26917.68,137,678887,122174.14285714286,1130.0,6714.0,83610.5,1811.0,337242.0,87668.83333333333,11851.5,53225.5,75143.0,2,1,3,1.2727272727272727,1.0,1.0,1.0,1,4,2.0,1.0,1.0,2.5,"Hypergraph(num_v=14, num_e=7)",False,0.07961821556091309
4465,HETIO,10-02-SpDuGpPW-augA6,orig,0.30887269973754883,0.343231201171875,1,7,6,0,6,26917.68,137,678887,122174.14285714286,1130.0,6714.0,83610.5,1811.0,337242.0,87668.83333333333,11851.5,53225.5,75143.0,3,1,3,1.2727272727272727,1.0,1.0,1.0,1,3,2.0,2.0,1.5,2.5,"Hypergraph(num_v=14, num_e=7)",False,0.03435850143432617
4466,HETIO,10-03-SpDaGpPW,rewr,0.5003137588500977,0.3171570301055908,1,7,6,0,6,22610.09,137,678887,103652.14285714286,1130.0,6714.0,18783.5,368.0,307980.0,65386.833333333336,1179.0,4102.0,57698.75,3,1,3,1.2727272727272727,1.0,1.0,1.0,1,3,2.0,2.0,1.5,2.5,"Hypergraph(num_v=14, num_e=7)",True,-0.18315672874450684
4467,HETIO,10-03-SpDaGpPW-augA1,rewr,0.5470821857452393,0.291839599609375,1,7,6,0,6,22610.09,137,678887,103652.14285714286,1130.0,6714.0,18783.5,368.0,307980.0,65386.833333333336,1179.0,4102.0,57698.75,2,1,3,1.2727272727272727,1.0,1.0,1.0,1,3,2.0,2.0,1.5,2.5,"Hypergraph(num_v=14, num_e=7)",False,-0.25524258613586426
4468,HETIO,10-03-SpDaGpPW-augA2,rewr,0.5351138114929199,0.2979674339294433,1,7,6,0,6,22610.09,137,678887,103652.14285714286,1130.0,6714.0,18783.5,368.0,307980.0,65386.833333333336,1179.0,4102.0,57698.75,2,1,3,1.2727272727272727,1.0,1.0,1.0,1,4,2.0,1.0,1.0,2.5,"Hypergraph(num_v=14, num_e=7)",False,-0.23714637756347662
4469,HETIO,10-03-SpDaGpPW-augA3,orig,0.5259323120117188,0.7300317287445068,1,7,6,0,6,22610.09,137,678887,103652.14285714286,1130.0,6714.0,18783.5,368.0,307980.0,65386.833333333336,1179.0,4102.0,57698.75,2,1,3,1.2727272727272727,1.0,1.0,1.0,2,2,2.0,2.0,2.0,2.0,"Hypergraph(num_v=14, num_e=7)",False,0.20409941673278809
4470,HETIO,10-03-SpDaGpPW-augA4,rewr,0.41797733306884766,0.2934987545013428,1,7,6,0,6,22610.09,137,678887,103652.14285714286,1130.0,6714.0,18783.5,368.0,307980.0,65386.833333333336,1179.0,4102.0,57698.75,2,1,3,1.2727272727272727,1.0,1.0,1.0,1,3,2.0,2.0,1.5,2.5,"Hypergraph(num_v=14, num_e=7)",False,-0.12447857856750488
4471,HETIO,10-03-SpDaGpPW-augA5,rewr,0.4163675308227539,0.2881064414978027,1,7,6,0,6,22610.09,137,678887,103652.14285714286,1130.0,6714.0,18783.5,368.0,307980.0,65386.833333333336,1179.0,4102.0,57698.75,2,1,3,1.2727272727272727,1.0,1.0,1.0,1,4,2.0,1.0,1.0,2.5,"Hypergraph(num_v=14, num_e=7)",False,-0.12826108932495123
4472,HETIO,10-03-SpDaGpPW-augA6,rewr,0.48345303535461426,0.2924425601959228,1,7,6,0,6,22610.09,137,678887,103652.14285714286,1130.0,6714.0,18783.5,368.0,307980.0,65386.833333333336,1179.0,4102.0,57698.75,3,1,3,1.2727272727272727,1.0,1.0,1.0,2,2,2.0,2.0,2.0,2.0,"Hypergraph(num_v=14, num_e=7)",False,-0.19101047515869146
4473,HETIO,11-01-SpDlAeG,rewr,19.38734722137451,0.5094435214996338,1,7,6,0,6,38767.81,137,438672,67787.42857142857,420.0,6714.0,14074.5,1859.0,3339558.0,568130.3333333334,7980.0,15822.0,26721.75,3,1,3,1.2727272727272727,1.0,1.0,1.0,1,3,2.0,2.0,1.5,2.5,"Hypergraph(num_v=14, num_e=7)",True,-18.877903699874878
4474,HETIO,11-01-SpDlAeG-augA1,rewr,20.092666387557983,0.5053365230560303,1,7,6,0,6,38767.81,137,438672,67787.42857142857,420.0,6714.0,14074.5,1859.0,3339558.0,568130.3333333334,7980.0,15822.0,26721.75,2,1,3,1.2727272727272727,1.0,1.0,1.0,1,4,2.0,1.0,1.0,2.5,"Hypergraph(num_v=14, num_e=7)",False,-19.587329864501953
4475,HETIO,11-01-SpDlAeG-augA2,rewr,19.99970054626465,0.5043745040893555,1,7,6,0,6,38767.81,137,438672,67787.42857142857,420.0,6714.0,14074.5,1859.0,3339558.0,568130.3333333334,7980.0,15822.0,26721.75,2,1,3,1.2727272727272727,1.0,1.0,1.0,1,3,2.0,2.0,1.5,2.5,"Hypergraph(num_v=14, num_e=7)",False,-19.495326042175293
4476,HETIO,11-01-SpDlAeG-augA3,rewr,19.879621028900146,0.586014986038208,1,7,6,0,6,38767.81,137,438672,67787.42857142857,420.0,6714.0,14074.5,1859.0,3339558.0,568130.3333333334,7980.0,15822.0,26721.75,2,1,3,1.2727272727272727,1.0,1.0,1.0,2,2,2.0,2.0,2.0,2.0,"Hypergraph(num_v=14, num_e=7)",False,-19.29360604286194
4477,HETIO,11-01-SpDlAeG-augA4,rewr,24.006678342819214,0.4983103275299072,1,7,6,0,6,38767.81,137,438672,67787.42857142857,420.0,6714.0,14074.5,1859.0,3339558.0,568130.3333333334,7980.0,15822.0,26721.75,2,1,3,1.2727272727272727,1.0,1.0,1.0,1,4,2.0,1.0,1.0,2.5,"Hypergraph(num_v=14, num_e=7)",False,-23.508368015289307
4478,HETIO,11-01-SpDlAeG-augA5,rewr,25.23658323287964,0.5070440769195557,1,7,6,0,6,38767.81,137,438672,67787.42857142857,420.0,6714.0,14074.5,1859.0,3339558.0,568130.3333333334,7980.0,15822.0,26721.75,2,1,3,1.2727272727272727,1.0,1.0,1.0,1,4,2.0,1.0,1.0,2.5,"Hypergraph(num_v=14, num_e=7)",False,-24.729539155960083
4479,HETIO,11-01-SpDlAeG-augA6,rewr,13.757423400878906,0.5173625946044922,1,7,6,0,6,38767.81,137,438672,67787.42857142857,420.0,6714.0,14074.5,1859.0,3339558.0,568130.3333333334,7980.0,15822.0,26721.75,3,1,3,1.2727272727272727,1.0,1.0,1.0,1,3,2.0,2.0,1.5,2.5,"Hypergraph(num_v=14, num_e=7)",False,-13.240060806274414
4480,HETIO,11-02-SpDlAuG,rewr,5.241703748703003,0.1901986598968505,1,7,6,0,6,15316.55,137,146276,26016.571428571428,420.0,6714.0,14074.5,1859.0,1152438.0,200107.66666666663,5314.0,5340.0,24107.75,3,1,3,1.2727272727272727,1.0,1.0,1.0,1,3,2.0,2.0,1.5,2.5,"Hypergraph(num_v=14, num_e=7)",True,-5.051505088806152
4481,HETIO,11-02-SpDlAuG-augA1,rewr,5.756105661392212,0.1391000747680664,1,7,6,0,6,15316.55,137,146276,26016.571428571428,420.0,6714.0,14074.5,1859.0,1152438.0,200107.66666666663,5314.0,5340.0,24107.75,2,1,3,1.2727272727272727,1.0,1.0,1.0,1,4,2.0,1.0,1.0,2.5,"Hypergraph(num_v=14, num_e=7)",False,-5.6170055866241455
4482,HETIO,11-02-SpDlAuG-augA2,rewr,5.6962504386901855,0.1523680686950683,1,7,6,0,6,15316.55,137,146276,26016.571428571428,420.0,6714.0,14074.5,1859.0,1152438.0,200107.66666666663,5314.0,5340.0,24107.75,2,1,3,1.2727272727272727,1.0,1.0,1.0,1,4,2.0,1.0,1.0,2.5,"Hypergraph(num_v=14, num_e=7)",False,-5.543882369995117
4483,HETIO,11-02-SpDlAuG-augA3,rewr,5.774635314941406,0.1364154815673828,1,7,6,0,6,15316.55,137,146276,26016.571428571428,420.0,6714.0,14074.5,1859.0,1152438.0,200107.66666666663,5314.0,5340.0,24107.75,2,1,3,1.2727272727272727,1.0,1.0,1.0,1,4,2.0,1.0,1.0,2.5,"Hypergraph(num_v=14, num_e=7)",False,-5.638219833374023
4484,HETIO,11-02-SpDlAuG-augA4,rewr,6.878332614898682,0.1806111335754394,1,7,6,0,6,15316.55,137,146276,26016.571428571428,420.0,6714.0,14074.5,1859.0,1152438.0,200107.66666666663,5314.0,5340.0,24107.75,2,1,3,1.2727272727272727,1.0,1.0,1.0,2,2,2.0,2.0,2.0,2.0,"Hypergraph(num_v=14, num_e=7)",False,-6.697721481323242
4485,HETIO,11-02-SpDlAuG-augA5,rewr,6.903347015380859,0.1371808052062988,1,7,6,0,6,15316.55,137,146276,26016.571428571428,420.0,6714.0,14074.5,1859.0,1152438.0,200107.66666666663,5314.0,5340.0,24107.75,2,1,3,1.2727272727272727,1.0,1.0,1.0,1,3,2.0,2.0,1.5,2.5,"Hypergraph(num_v=14, num_e=7)",False,-6.7661662101745605
4486,HETIO,11-02-SpDlAuG-augA6,rewr,3.8291144371032715,0.1385993957519531,1,7,6,0,6,15316.55,137,146276,26016.571428571428,420.0,6714.0,14074.5,1859.0,1152438.0,200107.66666666663,5314.0,5340.0,24107.75,3,1,3,1.2727272727272727,1.0,1.0,1.0,1,3,2.0,2.0,1.5,2.5,"Hypergraph(num_v=14, num_e=7)",False,-3.6905150413513184
4487,HETIO,11-03-SpDlAdG,rewr,5.573841094970703,0.1423492431640625,1,7,6,0,6,16119.21,137,154076,27130.85714285714,420.0,6714.0,14074.5,1859.0,1180416.0,204984.66666666663,5513.5,5956.0,24255.25,3,1,3,1.2727272727272727,1.0,1.0,1.0,1,3,2.0,2.0,1.5,2.5,"Hypergraph(num_v=14, num_e=7)",True,-5.431491851806641
4488,HETIO,11-03-SpDlAdG-augA1,rewr,6.093746900558472,0.1421561241149902,1,7,6,0,6,16119.21,137,154076,27130.85714285714,420.0,6714.0,14074.5,1859.0,1180416.0,204984.66666666663,5513.5,5956.0,24255.25,2,1,3,1.2727272727272727,1.0,1.0,1.0,1,4,2.0,1.0,1.0,2.5,"Hypergraph(num_v=14, num_e=7)",False,-5.9515907764434814
4489,HETIO,11-03-SpDlAdG-augA2,rewr,6.124199390411377,0.1888983249664306,1,7,6,0,6,16119.21,137,154076,27130.85714285714,420.0,6714.0,14074.5,1859.0,1180416.0,204984.66666666663,5513.5,5956.0,24255.25,2,1,3,1.2727272727272727,1.0,1.0,1.0,1,3,2.0,2.0,1.5,2.5,"Hypergraph(num_v=14, num_e=7)",False,-5.935301065444946
4490,HETIO,11-03-SpDlAdG-augA3,rewr,6.1050496101379395,0.142632246017456,1,7,6,0,6,16119.21,137,154076,27130.85714285714,420.0,6714.0,14074.5,1859.0,1180416.0,204984.66666666663,5513.5,5956.0,24255.25,2,1,3,1.2727272727272727,1.0,1.0,1.0,1,3,2.0,2.0,1.5,2.5,"Hypergraph(num_v=14, num_e=7)",False,-5.962417364120483
4491,HETIO,11-03-SpDlAdG-augA4,rewr,7.408674716949463,0.1419980525970459,1,7,6,0,6,16119.21,137,154076,27130.85714285714,420.0,6714.0,14074.5,1859.0,1180416.0,204984.66666666663,5513.5,5956.0,24255.25,2,1,3,1.2727272727272727,1.0,1.0,1.0,1,4,2.0,1.0,1.0,2.5,"Hypergraph(num_v=14, num_e=7)",False,-7.266676664352417
4492,HETIO,11-03-SpDlAdG-augA5,rewr,7.2934558391571045,0.1423165798187255,1,7,6,0,6,16119.21,137,154076,27130.85714285714,420.0,6714.0,14074.5,1859.0,1180416.0,204984.66666666663,5513.5,5956.0,24255.25,2,1,3,1.2727272727272727,1.0,1.0,1.0,1,4,2.0,1.0,1.0,2.5,"Hypergraph(num_v=14, num_e=7)",False,-7.151139259338379
4493,HETIO,11-03-SpDlAdG-augA6,rewr,4.3643035888671875,0.145334243774414,1,7,6,0,6,16119.21,137,154076,27130.85714285714,420.0,6714.0,14074.5,1859.0,1180416.0,204984.66666666663,5513.5,5956.0,24255.25,3,1,3,1.2727272727272727,1.0,1.0,1.0,1,3,2.0,2.0,1.5,2.5,"Hypergraph(num_v=14, num_e=7)",False,-4.218969345092773
4494,HETIO,12-01-SpDlAtCcSEiPC,rewr,21.46467399597168,0.224952220916748,1,11,10,0,10,29040.42,137,163464,17232.545454545456,420.0,1552.0,6224.0,219.0,2106798.0,231191.0,1839.5,7776.0,54341.25,3,1,4,1.2222222222222223,1.0,1.0,1.0,1,3,2.0,2.0,1.0,3.0,"Hypergraph(num_v=22, num_e=11)",True,-21.23972177505493
4495,HETIO,12-01-SpDlAtCcSEiPC-augA1,rewr,22.848734140396118,0.1524498462677002,1,11,10,0,10,29040.42,137,163464,17232.545454545456,420.0,1552.0,6224.0,219.0,2106798.0,231191.0,1839.5,7776.0,54341.25,2,1,4,1.2222222222222223,1.0,1.0,1.0,1,6,2.0,1.0,1.0,1.0,"Hypergraph(num_v=22, num_e=11)",False,-22.696284294128418
4496,HETIO,12-01-SpDlAtCcSEiPC-augA2,rewr,22.54812479019165,0.230224609375,1,11,10,0,10,29040.42,137,163464,17232.545454545456,420.0,1552.0,6224.0,219.0,2106798.0,231191.0,1839.5,7776.0,54341.25,2,1,4,1.2222222222222223,1.0,1.0,1.0,1,4,2.0,2.0,1.0,2.0,"Hypergraph(num_v=22, num_e=11)",False,-22.31790018081665
4497,HETIO,12-01-SpDlAtCcSEiPC-augA3,rewr,22.915870428085327,0.1559808254241943,1,11,10,0,10,29040.42,137,163464,17232.545454545456,420.0,1552.0,6224.0,219.0,2106798.0,231191.0,1839.5,7776.0,54341.25,2,1,4,1.2222222222222223,1.0,1.0,1.0,1,6,2.0,1.0,1.0,1.0,"Hypergraph(num_v=22, num_e=11)",False,-22.759889602661133
4498,HETIO,12-01-SpDlAtCcSEiPC-augA4,rewr,31.23719549179077,0.1561064720153808,1,11,10,0,10,29040.42,137,163464,17232.545454545456,420.0,1552.0,6224.0,219.0,2106798.0,231191.0,1839.5,7776.0,54341.25,3,1,4,1.2222222222222223,1.0,1.0,1.0,1,4,2.0,2.0,1.0,2.0,"Hypergraph(num_v=22, num_e=11)",False,-31.08108901977539
4499,HETIO,12-01-SpDlAtCcSEiPC-augA5,rewr,21.12665295600891,0.1605565547943115,1,11,10,0,10,29040.42,137,163464,17232.545454545456,420.0,1552.0,6224.0,219.0,2106798.0,231191.0,1839.5,7776.0,54341.25,2,1,4,1.2222222222222223,1.0,1.0,1.0,1,5,2.0,1.0,1.0,2.0,"Hypergraph(num_v=22, num_e=11)",False,-20.9660964012146
4500,HETIO,12-01-SpDlAtCcSEiPC-augA6,rewr,22.049381017684937,0.1556088924407959,1,11,10,0,10,29040.42,137,163464,17232.545454545456,420.0,1552.0,6224.0,219.0,2106798.0,231191.0,1839.5,7776.0,54341.25,2,1,4,1.2222222222222223,1.0,1.0,1.0,1,5,2.0,1.0,1.0,2.0,"Hypergraph(num_v=22, num_e=11)",False,-21.89377212524414
4501,HETIO,12-01-SpDlAtCcSEiPC-augA7,rewr,21.682355642318726,0.2262804508209228,1,11,10,0,10,29040.42,137,163464,17232.545454545456,420.0,1552.0,6224.0,219.0,2106798.0,231191.0,1839.5,7776.0,54341.25,2,1,4,1.2222222222222223,1.0,1.0,1.0,1,4,2.0,2.0,1.0,2.0,"Hypergraph(num_v=22, num_e=11)",False,-21.456075191497803
4502,HETIO,12-01-SpDlAtCcSEiPC-augA8,rewr,20.546444416046143,0.1414096355438232,1,11,10,0,10,29040.42,137,163464,17232.545454545456,420.0,1552.0,6224.0,219.0,2106798.0,231191.0,1839.5,7776.0,54341.25,3,1,4,1.2222222222222223,1.0,1.0,1.0,1,4,2.0,2.0,1.0,2.0,"Hypergraph(num_v=22, num_e=11)",False,-20.40503478050232
4503,HETIO,12-01-SpDlAtCcSEiPC-augA9,rewr,25.730944871902466,0.1558461189270019,1,11,10,0,10,29040.42,137,163464,17232.545454545456,420.0,1552.0,6224.0,219.0,2106798.0,231191.0,1839.5,7776.0,54341.25,3,1,4,1.2222222222222223,1.0,1.0,1.0,1,5,2.0,1.0,1.0,2.0,"Hypergraph(num_v=22, num_e=11)",False,-25.575098752975464
4504,HETIO,12-01-SpDlAtCcSEiPC-augA10,rewr,25.940735816955566,0.1595809459686279,1,11,10,0,10,29040.42,137,163464,17232.545454545456,420.0,1552.0,6224.0,219.0,2106798.0,231191.0,1839.5,7776.0,54341.25,3,1,4,1.2222222222222223,1.0,1.0,1.0,1,3,2.0,2.0,1.0,3.0,"Hypergraph(num_v=22, num_e=11)",False,-25.78115487098694
4505,HETIO,12-02-SpDlApCcSEiPC,rewr,13.780980110168457,0.223095417022705,1,11,10,0,10,28505.73,137,163464,17166.18181818182,420.0,1552.0,6224.0,664.0,1767251.0,189871.3,1520.0,4708.0,27858.0,3,1,4,1.2222222222222223,1.0,1.0,1.0,1,3,2.0,2.0,1.0,3.0,"Hypergraph(num_v=22, num_e=11)",True,-13.557884693145752
4506,HETIO,12-02-SpDlApCcSEiPC-augA1,rewr,15.479557037353516,0.1532728672027588,1,11,10,0,10,28505.73,137,163464,17166.18181818182,420.0,1552.0,6224.0,664.0,1767251.0,189871.3,1520.0,4708.0,27858.0,2,1,4,1.2222222222222223,1.0,1.0,1.0,1,6,2.0,1.0,1.0,1.0,"Hypergraph(num_v=22, num_e=11)",False,-15.326284170150757
4507,HETIO,12-02-SpDlApCcSEiPC-augA2,rewr,15.33751654624939,0.1600708961486816,1,11,10,0,10,28505.73,137,163464,17166.18181818182,420.0,1552.0,6224.0,664.0,1767251.0,189871.3,1520.0,4708.0,27858.0,2,1,4,1.2222222222222223,1.0,1.0,1.0,1,4,2.0,2.0,1.0,2.0,"Hypergraph(num_v=22, num_e=11)",False,-15.177445650100708
4508,HETIO,12-02-SpDlApCcSEiPC-augA3,rewr,15.296606302261353,0.1585769653320312,1,11,10,0,10,28505.73,137,163464,17166.18181818182,420.0,1552.0,6224.0,664.0,1767251.0,189871.3,1520.0,4708.0,27858.0,2,1,4,1.2222222222222223,1.0,1.0,1.0,1,4,2.0,2.0,1.0,2.0,"Hypergraph(num_v=22, num_e=11)",False,-15.138029336929321
4509,HETIO,12-02-SpDlApCcSEiPC-augA4,rewr,21.832063674926758,0.1569743156433105,1,11,10,0,10,28505.73,137,163464,17166.18181818182,420.0,1552.0,6224.0,664.0,1767251.0,189871.3,1520.0,4708.0,27858.0,3,1,4,1.2222222222222223,1.0,1.0,1.0,1,4,2.0,1.0,1.0,3.0,"Hypergraph(num_v=22, num_e=11)",False,-21.675089359283447
4510,HETIO,12-02-SpDlApCcSEiPC-augA5,rewr,14.256823301315308,0.1555261611938476,1,11,10,0,10,28505.73,137,163464,17166.18181818182,420.0,1552.0,6224.0,664.0,1767251.0,189871.3,1520.0,4708.0,27858.0,2,1,4,1.2222222222222223,1.0,1.0,1.0,1,6,2.0,1.0,1.0,1.0,"Hypergraph(num_v=22, num_e=11)",False,-14.10129714012146
4511,HETIO,12-02-SpDlApCcSEiPC-augA6,rewr,14.524980306625366,0.2240192890167236,1,11,10,0,10,28505.73,137,163464,17166.18181818182,420.0,1552.0,6224.0,664.0,1767251.0,189871.3,1520.0,4708.0,27858.0,2,1,4,1.2222222222222223,1.0,1.0,1.0,1,4,2.0,2.0,1.0,2.0,"Hypergraph(num_v=22, num_e=11)",False,-14.300961017608643
4512,HETIO,12-02-SpDlApCcSEiPC-augA7,rewr,14.311286687850952,0.2193853855133056,1,11,10,0,10,28505.73,137,163464,17166.18181818182,420.0,1552.0,6224.0,664.0,1767251.0,189871.3,1520.0,4708.0,27858.0,2,1,4,1.2222222222222223,1.0,1.0,1.0,1,5,2.0,1.0,1.0,2.0,"Hypergraph(num_v=22, num_e=11)",False,-14.091901302337646
4513,HETIO,12-02-SpDlApCcSEiPC-augA8,rewr,14.110361099243164,0.14056396484375,1,11,10,0,10,28505.73,137,163464,17166.18181818182,420.0,1552.0,6224.0,664.0,1767251.0,189871.3,1520.0,4708.0,27858.0,3,1,4,1.2222222222222223,1.0,1.0,1.0,1,3,2.0,2.0,2.0,2.0,"Hypergraph(num_v=22, num_e=11)",False,-13.969797134399414
4514,HETIO,12-02-SpDlApCcSEiPC-augA9,rewr,16.527371406555176,0.2229194641113281,1,11,10,0,10,28505.73,137,163464,17166.18181818182,420.0,1552.0,6224.0,664.0,1767251.0,189871.3,1520.0,4708.0,27858.0,3,1,4,1.2222222222222223,1.0,1.0,1.0,1,3,2.0,2.0,2.0,2.0,"Hypergraph(num_v=22, num_e=11)",False,-16.304451942443848
4515,HETIO,12-02-SpDlApCcSEiPC-augA10,rewr,16.769545793533325,0.1573314666748047,1,11,10,0,10,28505.73,137,163464,17166.18181818182,420.0,1552.0,6224.0,664.0,1767251.0,189871.3,1520.0,4708.0,27858.0,3,1,4,1.2222222222222223,1.0,1.0,1.0,1,3,2.0,2.0,1.0,3.0,"Hypergraph(num_v=22, num_e=11)",False,-16.61221432685852
4516,HETIO,13-01-SpDrDrDlA,rewr,3.0984973907470703,0.0335452556610107,1,9,8,0,8,1000.8,137,14058,4809.444444444444,137.0,438.0,7204.0,133.0,6730.0,2103.25,588.5,1159.5,2366.0,4,1,3,1.2,1.0,1.0,1.0,1,3,2.0,2.0,1.0,3.0,"Hypergraph(num_v=18, num_e=9)",True,-3.0649521350860596
4517,HETIO,13-01-SpDrDrDlA-augA1,rewr,3.4786524772644043,0.0367166996002197,1,9,8,0,8,1000.8,137,14058,4809.444444444444,137.0,438.0,7204.0,133.0,6730.0,2103.25,588.5,1159.5,2366.0,3,1,3,1.2,1.0,1.0,1.0,2,2,2.0,2.0,2.0,2.0,"Hypergraph(num_v=18, num_e=9)",False,-3.4419357776641846
4518,HETIO,13-01-SpDrDrDlA-augA2,rewr,3.4686527252197266,0.0322492122650146,1,9,8,0,8,1000.8,137,14058,4809.444444444444,137.0,438.0,7204.0,133.0,6730.0,2103.25,588.5,1159.5,2366.0,3,1,3,1.2,1.0,1.0,1.0,1,4,2.0,1.5,1.0,2.5,"Hypergraph(num_v=18, num_e=9)",False,-3.436403512954712
4519,HETIO,13-01-SpDrDrDlA-augA3,rewr,3.451897382736206,0.0346314907073974,1,9,8,0,8,1000.8,137,14058,4809.444444444444,137.0,438.0,7204.0,133.0,6730.0,2103.25,588.5,1159.5,2366.0,3,1,3,1.2,1.0,1.0,1.0,2,2,2.0,2.0,2.0,2.0,"Hypergraph(num_v=18, num_e=9)",False,-3.4172658920288086
4520,HETIO,13-01-SpDrDrDlA-augA4,rewr,3.579779624938965,0.0340526103973388,1,9,8,0,8,1000.8,137,14058,4809.444444444444,137.0,438.0,7204.0,133.0,6730.0,2103.25,588.5,1159.5,2366.0,3,1,3,1.2,1.0,1.0,1.0,1,4,2.0,1.5,1.0,2.5,"Hypergraph(num_v=18, num_e=9)",False,-3.545727014541626
4521,HETIO,13-01-SpDrDrDlA-augA5,rewr,3.60524845123291,0.0358877182006835,1,9,8,0,8,1000.8,137,14058,4809.444444444444,137.0,438.0,7204.0,133.0,6730.0,2103.25,588.5,1159.5,2366.0,3,1,3,1.2,1.0,1.0,1.0,2,2,2.0,2.0,2.0,2.0,"Hypergraph(num_v=18, num_e=9)",False,-3.5693607330322266
4522,HETIO,13-01-SpDrDrDlA-augA6,rewr,3.5360918045043945,0.0338082313537597,1,9,8,0,8,1000.8,137,14058,4809.444444444444,137.0,438.0,7204.0,133.0,6730.0,2103.25,588.5,1159.5,2366.0,3,1,3,1.2,1.0,1.0,1.0,1,3,2.0,2.0,1.75,2.25,"Hypergraph(num_v=18, num_e=9)",False,-3.5022835731506348
4523,HETIO,13-01-SpDrDrDlA-augA7,rewr,3.605161666870117,0.0332164764404296,1,9,8,0,8,1000.8,137,14058,4809.444444444444,137.0,438.0,7204.0,133.0,6730.0,2103.25,588.5,1159.5,2366.0,3,1,3,1.2,1.0,1.0,1.0,1,3,2.0,2.0,1.75,2.25,"Hypergraph(num_v=18, num_e=9)",False,-3.5719451904296875
4524,HETIO,13-01-SpDrDrDlA-augA8,rewr,4.731381893157959,0.031928539276123,1,9,8,0,8,1000.8,137,14058,4809.444444444444,137.0,438.0,7204.0,133.0,6730.0,2103.25,588.5,1159.5,2366.0,4,1,3,1.2,1.0,1.0,1.0,1,3,2.0,2.0,1.0,3.0,"Hypergraph(num_v=18, num_e=9)",False,-4.699453353881836
4525,HETIO,13-02-SpDrDlArDlA,rewr,100.0,0.0392608642578125,1,11,10,0,10,1596.56,137,14058,4626.454545454545,269.5,438.0,7204.0,133.0,25415.0,4368.7,779.0,1366.0,4705.0,4,1,4,1.375,1.0,1.0,1.0,1,4,2.0,1.0,1.0,3.0,"Hypergraph(num_v=22, num_e=11)",True,-100.0
4526,HETIO,13-02-SpDrDlArDlA-augA1,rewr,100.0,0.040372610092163,1,11,10,0,10,1596.56,137,14058,4626.454545454545,269.5,438.0,7204.0,133.0,25415.0,4368.7,779.0,1366.0,4705.0,3,1,4,1.375,1.0,1.0,1.0,1,4,2.0,2.0,1.0,2.0,"Hypergraph(num_v=22, num_e=11)",False,-100.0
4527,HETIO,13-02-SpDrDlArDlA-augA2,rewr,100.0,0.0410854816436767,1,11,10,0,10,1596.56,137,14058,4626.454545454545,269.5,438.0,7204.0,133.0,25415.0,4368.7,779.0,1366.0,4705.0,3,1,4,1.375,1.0,1.0,1.0,2,2,2.0,2.0,2.0,2.0,"Hypergraph(num_v=22, num_e=11)",False,-100.0
4528,HETIO,13-02-SpDrDlArDlA-augA3,rewr,100.0,0.041285753250122,1,11,10,0,10,1596.56,137,14058,4626.454545454545,269.5,438.0,7204.0,133.0,25415.0,4368.7,779.0,1366.0,4705.0,3,1,4,1.375,1.0,1.0,1.0,1,3,2.0,2.0,2.0,2.0,"Hypergraph(num_v=22, num_e=11)",False,-100.0
4529,HETIO,13-02-SpDrDlArDlA-augA4,rewr,100.0,0.037360668182373,1,11,10,0,10,1596.56,137,14058,4626.454545454545,269.5,438.0,7204.0,133.0,25415.0,4368.7,779.0,1366.0,4705.0,3,1,4,1.375,1.0,1.0,1.0,1,4,2.0,2.0,1.0,2.0,"Hypergraph(num_v=22, num_e=11)",False,-100.0
4530,HETIO,13-02-SpDrDlArDlA-augA5,rewr,100.0,0.0402367115020751,1,11,10,0,10,1596.56,137,14058,4626.454545454545,269.5,438.0,7204.0,133.0,25415.0,4368.7,779.0,1366.0,4705.0,3,1,4,1.375,1.0,1.0,1.0,1,3,2.0,2.0,1.0,3.0,"Hypergraph(num_v=22, num_e=11)",False,-100.0
4531,HETIO,13-02-SpDrDlArDlA-augA6,rewr,100.0,0.0373749732971191,1,11,10,0,10,1596.56,137,14058,4626.454545454545,269.5,438.0,7204.0,133.0,25415.0,4368.7,779.0,1366.0,4705.0,3,1,4,1.375,1.0,1.0,1.0,1,4,2.0,1.0,1.0,3.0,"Hypergraph(num_v=22, num_e=11)",False,-100.0
4532,HETIO,13-02-SpDrDlArDlA-augA7,rewr,100.0,0.0400054454803466,1,11,10,0,10,1596.56,137,14058,4626.454545454545,269.5,438.0,7204.0,133.0,25415.0,4368.7,779.0,1366.0,4705.0,3,1,4,1.375,1.0,1.0,1.0,1,4,2.0,1.0,1.0,3.0,"Hypergraph(num_v=22, num_e=11)",False,-100.0
4533,HETIO,13-02-SpDrDlArDlA-augA8,rewr,100.0,0.0407989025115966,1,11,10,0,10,1596.56,137,14058,4626.454545454545,269.5,438.0,7204.0,133.0,25415.0,4368.7,779.0,1366.0,4705.0,4,1,4,1.375,1.0,1.0,1.0,1,3,2.0,2.0,2.0,2.0,"Hypergraph(num_v=22, num_e=11)",False,-100.0
4534,HETIO,13-02-SpDrDlArDlA-augA9,rewr,100.0,0.0387980937957763,1,11,10,0,10,1596.56,137,14058,4626.454545454545,269.5,438.0,7204.0,133.0,25415.0,4368.7,779.0,1366.0,4705.0,3,1,4,1.375,1.0,1.0,1.0,1,4,2.0,1.0,1.0,3.0,"Hypergraph(num_v=22, num_e=11)",False,-100.0
4535,HETIO,13-02-SpDrDlArDlA-augA10,rewr,100.0,0.0436270236968994,1,11,10,0,10,1596.56,137,14058,4626.454545454545,269.5,438.0,7204.0,133.0,25415.0,4368.7,779.0,1366.0,4705.0,4,1,4,1.375,1.0,1.0,1.0,1,3,2.0,2.0,2.0,2.0,"Hypergraph(num_v=22, num_e=11)",False,-100.0
4536,HETIO,14-01-SpDlAuGpPW,rewr,24.532105922698975,0.4358389377593994,1,9,8,0,8,108100.42,137,678887,95869.44444444444,438.0,6714.0,20945.0,1859.0,12413936.0,1583044.875,5353.0,43799.0,75143.0,4,1,3,1.2,1.0,1.0,1.0,1,3,2.0,2.0,1.75,2.25,"Hypergraph(num_v=18, num_e=9)",True,-24.096266984939575
4537,HETIO,14-01-SpDlAuGpPW-augA1,rewr,26.730504512786865,0.4646103382110595,1,9,8,0,8,108100.42,137,678887,95869.44444444444,438.0,6714.0,20945.0,1859.0,12413936.0,1583044.875,5353.0,43799.0,75143.0,3,1,3,1.2,1.0,1.0,1.0,1,3,2.0,2.0,1.0,3.0,"Hypergraph(num_v=18, num_e=9)",False,-26.265894174575806
4538,HETIO,14-01-SpDlAuGpPW-augA2,rewr,26.541903495788574,0.439296007156372,1,9,8,0,8,108100.42,137,678887,95869.44444444444,438.0,6714.0,20945.0,1859.0,12413936.0,1583044.875,5353.0,43799.0,75143.0,3,1,3,1.2,1.0,1.0,1.0,1,3,2.0,2.0,1.75,2.25,"Hypergraph(num_v=18, num_e=9)",False,-26.102607488632202
4539,HETIO,14-01-SpDlAuGpPW-augA3,rewr,26.4816951751709,0.437119722366333,1,9,8,0,8,108100.42,137,678887,95869.44444444444,438.0,6714.0,20945.0,1859.0,12413936.0,1583044.875,5353.0,43799.0,75143.0,3,1,3,1.2,1.0,1.0,1.0,2,2,2.0,2.0,2.0,2.0,"Hypergraph(num_v=18, num_e=9)",False,-26.044575452804565
4540,HETIO,14-01-SpDlAuGpPW-augA4,rewr,31.221065998077393,0.4084882736206054,1,9,8,0,8,108100.42,137,678887,95869.44444444444,438.0,6714.0,20945.0,1859.0,12413936.0,1583044.875,5353.0,43799.0,75143.0,3,1,3,1.2,1.0,1.0,1.0,2,2,2.0,2.0,2.0,2.0,"Hypergraph(num_v=18, num_e=9)",False,-30.812577724456787
4541,HETIO,14-01-SpDlAuGpPW-augA5,rewr,31.24743938446045,0.8155367374420166,1,9,8,0,8,108100.42,137,678887,95869.44444444444,438.0,6714.0,20945.0,1859.0,12413936.0,1583044.875,5353.0,43799.0,75143.0,3,1,3,1.2,1.0,1.0,1.0,1,3,2.0,2.0,1.75,2.25,"Hypergraph(num_v=18, num_e=9)",False,-30.431902647018433
4542,HETIO,14-01-SpDlAuGpPW-augA6,rewr,18.73552918434143,0.4523961544036865,1,9,8,0,8,108100.42,137,678887,95869.44444444444,438.0,6714.0,20945.0,1859.0,12413936.0,1583044.875,5353.0,43799.0,75143.0,3,1,3,1.2,1.0,1.0,1.0,1,3,2.0,2.0,1.75,2.25,"Hypergraph(num_v=18, num_e=9)",False,-18.283133029937744
4543,HETIO,14-01-SpDlAuGpPW-augA7,rewr,18.4526846408844,0.4284884929656982,1,9,8,0,8,108100.42,137,678887,95869.44444444444,438.0,6714.0,20945.0,1859.0,12413936.0,1583044.875,5353.0,43799.0,75143.0,3,1,3,1.2,1.0,1.0,1.0,1,3,2.0,2.0,1.75,2.25,"Hypergraph(num_v=18, num_e=9)",False,-18.0241961479187
4544,HETIO,14-01-SpDlAuGpPW-augA8,rewr,21.86676526069641,0.4859001636505127,1,9,8,0,8,108100.42,137,678887,95869.44444444444,438.0,6714.0,20945.0,1859.0,12413936.0,1583044.875,5353.0,43799.0,75143.0,4,1,3,1.2,1.0,1.0,1.0,1,3,2.0,2.0,1.75,2.25,"Hypergraph(num_v=18, num_e=9)",False,-21.3808650970459
4545,HETIO,14-02-SpDlAdGpPW,rewr,27.976377248764038,0.4504742622375488,1,9,8,0,8,115135.0,137,678887,96736.11111111112,438.0,6714.0,20945.0,1859.0,12716209.0,1621774.0,5808.5,47258.0,75143.0,4,1,3,1.2,1.0,1.0,1.0,1,3,2.0,2.0,1.0,3.0,"Hypergraph(num_v=18, num_e=9)",True,-27.52590298652649
4546,HETIO,14-02-SpDlAdGpPW-augA1,rewr,30.112834453582764,0.4537010192871094,1,9,8,0,8,115135.0,137,678887,96736.11111111112,438.0,6714.0,20945.0,1859.0,12716209.0,1621774.0,5808.5,47258.0,75143.0,3,1,3,1.2,1.0,1.0,1.0,1,3,2.0,2.0,1.75,2.25,"Hypergraph(num_v=18, num_e=9)",False,-29.659133434295654
4547,HETIO,14-02-SpDlAdGpPW-augA2,rewr,30.061565160751343,0.4354734420776367,1,9,8,0,8,115135.0,137,678887,96736.11111111112,438.0,6714.0,20945.0,1859.0,12716209.0,1621774.0,5808.5,47258.0,75143.0,3,1,3,1.2,1.0,1.0,1.0,1,4,2.0,1.5,1.0,2.5,"Hypergraph(num_v=18, num_e=9)",False,-29.626091718673706
4548,HETIO,14-02-SpDlAdGpPW-augA3,rewr,30.11013913154602,0.412149429321289,1,9,8,0,8,115135.0,137,678887,96736.11111111112,438.0,6714.0,20945.0,1859.0,12716209.0,1621774.0,5808.5,47258.0,75143.0,3,1,3,1.2,1.0,1.0,1.0,1,3,2.0,2.0,1.75,2.25,"Hypergraph(num_v=18, num_e=9)",False,-29.69798970222473
4549,HETIO,14-02-SpDlAdGpPW-augA4,rewr,35.54218888282776,0.4391107559204101,1,9,8,0,8,115135.0,137,678887,96736.11111111112,438.0,6714.0,20945.0,1859.0,12716209.0,1621774.0,5808.5,47258.0,75143.0,3,1,3,1.2,1.0,1.0,1.0,1,3,2.0,2.0,1.0,3.0,"Hypergraph(num_v=18, num_e=9)",False,-35.10307812690735
4550,HETIO,14-02-SpDlAdGpPW-augA5,rewr,35.59884977340698,0.4649035930633545,1,9,8,0,8,115135.0,137,678887,96736.11111111112,438.0,6714.0,20945.0,1859.0,12716209.0,1621774.0,5808.5,47258.0,75143.0,3,1,3,1.2,1.0,1.0,1.0,1,4,2.0,1.5,1.0,2.5,"Hypergraph(num_v=18, num_e=9)",False,-35.13394618034363
4551,HETIO,14-02-SpDlAdGpPW-augA6,rewr,20.697911739349365,0.4446303844451904,1,9,8,0,8,115135.0,137,678887,96736.11111111112,438.0,6714.0,20945.0,1859.0,12716209.0,1621774.0,5808.5,47258.0,75143.0,3,1,3,1.2,1.0,1.0,1.0,1,3,2.0,2.0,1.75,2.25,"Hypergraph(num_v=18, num_e=9)",False,-20.253281354904175
4552,HETIO,14-02-SpDlAdGpPW-augA7,rewr,20.436448335647583,0.4407978057861328,1,9,8,0,8,115135.0,137,678887,96736.11111111112,438.0,6714.0,20945.0,1859.0,12716209.0,1621774.0,5808.5,47258.0,75143.0,3,1,3,1.2,1.0,1.0,1.0,1,3,2.0,2.0,1.75,2.25,"Hypergraph(num_v=18, num_e=9)",False,-19.99565052986145
4553,HETIO,14-02-SpDlAdGpPW-augA8,rewr,24.93024706840515,0.4285907745361328,1,9,8,0,8,115135.0,137,678887,96736.11111111112,438.0,6714.0,20945.0,1859.0,12716209.0,1621774.0,5808.5,47258.0,75143.0,4,1,3,1.2,1.0,1.0,1.0,1,3,2.0,2.0,1.0,3.0,"Hypergraph(num_v=18, num_e=9)",False,-24.50165629386902
4554,HETIO,14-03-SpDlAeGpPW,rewr,100.0,0.986426830291748,1,9,8,0,8,279709.59,137,678887,128357.88888888888,438.0,6714.0,20945.0,1859.0,35896394.0,4533768.375,13208.0,52749.0,98873.5,4,1,3,1.2,1.0,1.0,1.0,1,3,2.0,2.0,1.75,2.25,"Hypergraph(num_v=18, num_e=9)",True,-100.0
4555,HETIO,14-03-SpDlAeGpPW-augA1,rewr,100.0,0.9787106513977052,1,9,8,0,8,279709.59,137,678887,128357.88888888888,438.0,6714.0,20945.0,1859.0,35896394.0,4533768.375,13208.0,52749.0,98873.5,3,1,3,1.2,1.0,1.0,1.0,1,3,2.0,2.0,1.75,2.25,"Hypergraph(num_v=18, num_e=9)",False,-100.0
4556,HETIO,14-03-SpDlAeGpPW-augA2,rewr,100.0,0.9007127285003662,1,9,8,0,8,279709.59,137,678887,128357.88888888888,438.0,6714.0,20945.0,1859.0,35896394.0,4533768.375,13208.0,52749.0,98873.5,3,1,3,1.2,1.0,1.0,1.0,1,4,2.0,1.5,1.0,2.5,"Hypergraph(num_v=18, num_e=9)",False,-100.0
4557,HETIO,14-03-SpDlAeGpPW-augA3,rewr,100.0,1.1459176540374756,1,9,8,0,8,279709.59,137,678887,128357.88888888888,438.0,6714.0,20945.0,1859.0,35896394.0,4533768.375,13208.0,52749.0,98873.5,3,1,3,1.2,1.0,1.0,1.0,1,3,2.0,2.0,1.75,2.25,"Hypergraph(num_v=18, num_e=9)",False,-100.0
4558,HETIO,14-03-SpDlAeGpPW-augA4,rewr,100.0,0.784156322479248,1,9,8,0,8,279709.59,137,678887,128357.88888888888,438.0,6714.0,20945.0,1859.0,35896394.0,4533768.375,13208.0,52749.0,98873.5,3,1,3,1.2,1.0,1.0,1.0,1,3,2.0,2.0,1.75,2.25,"Hypergraph(num_v=18, num_e=9)",False,-100.0
4559,HETIO,14-03-SpDlAeGpPW-augA5,rewr,100.0,1.141510009765625,1,9,8,0,8,279709.59,137,678887,128357.88888888888,438.0,6714.0,20945.0,1859.0,35896394.0,4533768.375,13208.0,52749.0,98873.5,3,1,3,1.2,1.0,1.0,1.0,2,2,2.0,2.0,2.0,2.0,"Hypergraph(num_v=18, num_e=9)",False,-100.0
4560,HETIO,14-03-SpDlAeGpPW-augA6,rewr,77.33813405036926,0.6581220626831055,1,9,8,0,8,279709.59,137,678887,128357.88888888888,438.0,6714.0,20945.0,1859.0,35896394.0,4533768.375,13208.0,52749.0,98873.5,3,1,3,1.2,1.0,1.0,1.0,2,2,2.0,2.0,2.0,2.0,"Hypergraph(num_v=18, num_e=9)",False,-76.68001198768616
4561,HETIO,14-03-SpDlAeGpPW-augA7,rewr,77.66790986061096,1.077514886856079,1,9,8,0,8,280290.59,137,678887,128357.88888888888,438.0,6714.0,20945.0,1859.0,35896394.0,4533768.375,13208.0,52749.0,98873.5,3,1,3,1.2,1.0,1.0,1.0,2,2,2.0,2.0,2.0,2.0,"Hypergraph(num_v=18, num_e=9)",False,-76.59039497375488
4562,HETIO,14-03-SpDlAeGpPW-augA8,rewr,95.35745525360107,1.1357557773590088,1,9,8,0,8,280290.59,137,678887,128357.88888888888,438.0,6714.0,20945.0,1859.0,35896394.0,4533768.375,13208.0,52749.0,98873.5,4,1,3,1.2,1.0,1.0,1.0,1,3,2.0,2.0,1.75,2.25,"Hypergraph(num_v=18, num_e=9)",False,-94.22169947624207
4563,HETIO,15-01-SpDtCuGrG,rewr,6.299534797668457,0.341496467590332,1,9,8,0,8,50842.24,137,156278,39421.66666666666,1510.0,6714.0,20945.0,446.0,5138718.0,713382.5,5417.0,88396.5,173214.75,4,1,3,1.2,1.0,1.0,1.0,1,3,2.0,2.0,1.0,3.0,"Hypergraph(num_v=18, num_e=9)",True,-5.958038330078125
4564,HETIO,15-01-SpDtCuGrG-augA1,rewr,7.10755181312561,0.4085769653320312,1,9,8,0,8,50842.24,137,156278,39421.66666666666,1510.0,6714.0,20945.0,446.0,5138718.0,713382.5,5417.0,88396.5,173214.75,3,1,3,1.2,1.0,1.0,1.0,1,3,2.0,2.0,1.75,2.25,"Hypergraph(num_v=18, num_e=9)",False,-6.698974847793579
4565,HETIO,15-01-SpDtCuGrG-augA2,rewr,7.080988645553589,0.2852261066436767,1,9,8,0,8,50842.24,137,156278,39421.66666666666,1510.0,6714.0,20945.0,446.0,5138718.0,713382.5,5417.0,88396.5,173214.75,3,1,3,1.2,1.0,1.0,1.0,1,3,2.0,2.0,1.75,2.25,"Hypergraph(num_v=18, num_e=9)",False,-6.795762538909912
4566,HETIO,15-01-SpDtCuGrG-augA3,rewr,6.750619888305664,0.4113457202911377,1,9,8,0,8,50842.24,137,156278,39421.66666666666,1510.0,6714.0,20945.0,446.0,5138718.0,713382.5,5417.0,88396.5,173214.75,3,1,3,1.2,1.0,1.0,1.0,1,3,2.0,2.0,1.75,2.25,"Hypergraph(num_v=18, num_e=9)",False,-6.339274168014526
4567,HETIO,15-01-SpDtCuGrG-augA4,rewr,6.7517991065979,0.424896240234375,1,9,8,0,8,50842.24,137,156278,39421.66666666666,1510.0,6714.0,20945.0,446.0,5138718.0,713382.5,5417.0,88396.5,173214.75,3,1,3,1.2,1.0,1.0,1.0,1,3,2.0,2.0,1.75,2.25,"Hypergraph(num_v=18, num_e=9)",False,-6.326902866363525
4568,HETIO,15-01-SpDtCuGrG-augA5,rewr,6.751885414123535,0.3387608528137207,1,9,8,0,8,50842.24,137,156278,39421.66666666666,1510.0,6714.0,20945.0,446.0,5138718.0,713382.5,5417.0,88396.5,173214.75,3,1,3,1.2,1.0,1.0,1.0,1,3,2.0,2.0,1.0,3.0,"Hypergraph(num_v=18, num_e=9)",False,-6.4131245613098145
4569,HETIO,15-01-SpDtCuGrG-augA6,rewr,5.353613615036011,0.2842507362365722,1,9,8,0,8,50404.24,137,156278,39421.66666666666,1510.0,6714.0,20945.0,446.0,5138718.0,713382.5,5417.0,88396.5,173214.75,3,1,3,1.2,1.0,1.0,1.0,1,4,2.0,1.5,1.0,2.5,"Hypergraph(num_v=18, num_e=9)",False,-5.0693628787994385
4570,HETIO,15-01-SpDtCuGrG-augA7,rewr,5.428664445877075,0.3502740859985351,1,9,8,0,8,50404.24,137,156278,39421.66666666666,1510.0,6714.0,20945.0,446.0,5138718.0,713382.5,5417.0,88396.5,173214.75,3,1,3,1.2,1.0,1.0,1.0,1,3,2.0,2.0,1.75,2.25,"Hypergraph(num_v=18, num_e=9)",False,-5.07839035987854
4571,HETIO,15-01-SpDtCuGrG-augA8,rewr,5.808011054992676,0.3822932243347168,1,9,8,0,8,50708.24,137,156278,39421.66666666666,1510.0,6714.0,20945.0,446.0,5138718.0,713382.5,5417.0,88396.5,173214.75,4,1,3,1.2,1.0,1.0,1.0,1,3,2.0,2.0,1.75,2.25,"Hypergraph(num_v=18, num_e=9)",False,-5.425717830657959
4572,HETIO,15-02-SpDtCuGiG,rewr,3.4337966442108154,0.3699753284454345,1,9,8,0,8,54675.29,137,173134,41294.55555555556,1510.0,6714.0,20945.0,446.0,5524855.0,765863.625,5417.0,96824.5,185856.75,4,1,3,1.2,1.0,1.0,1.0,1,3,2.0,2.0,1.75,2.25,"Hypergraph(num_v=18, num_e=9)",True,-3.063821315765381
4573,HETIO,15-02-SpDtCuGiG-augA1,rewr,3.8462610244750977,0.3683197498321533,1,9,8,0,8,54675.29,137,173134,41294.55555555556,1510.0,6714.0,20945.0,446.0,5524855.0,765863.625,5417.0,96824.5,185856.75,3,1,3,1.2,1.0,1.0,1.0,1,3,2.0,2.0,1.0,3.0,"Hypergraph(num_v=18, num_e=9)",False,-3.4779412746429443
4574,HETIO,15-02-SpDtCuGiG-augA2,rewr,3.852066993713379,0.3142898082733154,1,9,8,0,8,54675.29,137,173134,41294.55555555556,1510.0,6714.0,20945.0,446.0,5524855.0,765863.625,5417.0,96824.5,185856.75,3,1,3,1.2,1.0,1.0,1.0,1,3,2.0,2.0,1.0,3.0,"Hypergraph(num_v=18, num_e=9)",False,-3.5377771854400635
4575,HETIO,15-02-SpDtCuGiG-augA3,rewr,3.6740965843200684,0.4208989143371582,1,9,8,0,8,54675.29,137,173134,41294.55555555556,1510.0,6714.0,20945.0,446.0,5524855.0,765863.625,5417.0,96824.5,185856.75,3,1,3,1.2,1.0,1.0,1.0,1,4,2.0,1.5,1.0,2.5,"Hypergraph(num_v=18, num_e=9)",False,-3.25319766998291
4576,HETIO,15-02-SpDtCuGiG-augA4,rewr,3.666559934616089,0.4952065944671631,1,9,8,0,8,54675.29,137,173134,41294.55555555556,1510.0,6714.0,20945.0,446.0,5524855.0,765863.625,5417.0,96824.5,185856.75,3,1,3,1.2,1.0,1.0,1.0,1,3,2.0,2.0,1.75,2.25,"Hypergraph(num_v=18, num_e=9)",False,-3.171353340148926
4577,HETIO,15-02-SpDtCuGiG-augA5,rewr,3.670050621032715,0.4220521450042724,1,9,8,0,8,54675.29,137,173134,41294.55555555556,1510.0,6714.0,20945.0,446.0,5524855.0,765863.625,5417.0,96824.5,185856.75,3,1,3,1.2,1.0,1.0,1.0,1,4,2.0,1.5,1.0,2.5,"Hypergraph(num_v=18, num_e=9)",False,-3.2479984760284424
4578,HETIO,15-02-SpDtCuGiG-augA6,rewr,2.915029525756836,0.3141727447509765,1,9,8,0,8,54237.29,137,173134,41294.55555555556,1510.0,6714.0,20945.0,446.0,5524855.0,765863.625,5417.0,96824.5,185856.75,3,1,3,1.2,1.0,1.0,1.0,1,4,2.0,1.5,1.0,2.5,"Hypergraph(num_v=18, num_e=9)",False,-2.6008567810058594
4579,HETIO,15-02-SpDtCuGiG-augA7,rewr,2.980177640914917,0.501183271408081,1,9,8,0,8,54237.29,137,173134,41294.55555555556,1510.0,6714.0,20945.0,446.0,5524855.0,765863.625,5417.0,96824.5,185856.75,3,1,3,1.2,1.0,1.0,1.0,1,3,2.0,2.0,1.75,2.25,"Hypergraph(num_v=18, num_e=9)",False,-2.478994369506836
4580,HETIO,15-02-SpDtCuGiG-augA8,rewr,3.033596992492676,0.4065124988555908,1,9,8,0,8,54575.29,137,173134,41294.55555555556,1510.0,6714.0,20945.0,446.0,5524855.0,765863.625,5417.0,96824.5,185856.75,4,1,3,1.2,1.0,1.0,1.0,1,3,2.0,2.0,1.0,3.0,"Hypergraph(num_v=18, num_e=9)",False,-2.627084493637085
4581,HETIO,15-03-SpDtCuGcG,rewr,1.1728966236114502,0.1837258338928222,1,9,8,0,8,34172.27,137,146276,35766.333333333336,1510.0,6714.0,20945.0,446.0,2322610.0,353144.5,5417.0,71947.5,148541.25,4,1,3,1.2,1.0,1.0,1.0,1,3,2.0,2.0,1.0,3.0,"Hypergraph(num_v=18, num_e=9)",True,-0.9891707897186279
4582,HETIO,15-03-SpDtCuGcG-augA1,rewr,1.2487094402313232,0.1840951442718505,1,9,8,0,8,34172.27,137,146276,35766.333333333336,1510.0,6714.0,20945.0,446.0,2322610.0,353144.5,5417.0,71947.5,148541.25,3,1,3,1.2,1.0,1.0,1.0,1,3,2.0,2.0,1.0,3.0,"Hypergraph(num_v=18, num_e=9)",False,-1.0646142959594727
4583,HETIO,15-03-SpDtCuGcG-augA2,rewr,1.2240982055664062,0.2741041183471679,1,9,8,0,8,34172.27,137,146276,35766.333333333336,1510.0,6714.0,20945.0,446.0,2322610.0,353144.5,5417.0,71947.5,148541.25,3,1,3,1.2,1.0,1.0,1.0,1,4,2.0,1.5,1.0,2.5,"Hypergraph(num_v=18, num_e=9)",False,-0.9499940872192383
4584,HETIO,15-03-SpDtCuGcG-augA3,rewr,1.2172880172729492,0.1813137531280517,1,9,8,0,8,34172.27,137,146276,35766.333333333336,1510.0,6714.0,20945.0,446.0,2322610.0,353144.5,5417.0,71947.5,148541.25,3,1,3,1.2,1.0,1.0,1.0,1,4,2.0,1.5,1.0,2.5,"Hypergraph(num_v=18, num_e=9)",False,-1.0359742641448975
4585,HETIO,15-03-SpDtCuGcG-augA4,rewr,1.1076343059539795,0.270085334777832,1,9,8,0,8,34172.27,137,146276,35766.333333333336,1510.0,6714.0,20945.0,446.0,2322610.0,353144.5,5417.0,71947.5,148541.25,3,1,3,1.2,1.0,1.0,1.0,1,3,2.0,2.0,1.0,3.0,"Hypergraph(num_v=18, num_e=9)",False,-0.8375489711761475
4586,HETIO,15-03-SpDtCuGcG-augA5,rewr,1.225466012954712,0.23679780960083,1,9,8,0,8,34172.27,137,146276,35766.333333333336,1510.0,6714.0,20945.0,446.0,2322610.0,353144.5,5417.0,71947.5,148541.25,3,1,3,1.2,1.0,1.0,1.0,1,3,2.0,2.0,1.75,2.25,"Hypergraph(num_v=18, num_e=9)",False,-0.988668203353882
4587,HETIO,15-03-SpDtCuGcG-augA6,rewr,0.874077320098877,0.2378838062286377,1,9,8,0,8,34172.27,137,146276,35766.333333333336,1510.0,6714.0,20945.0,446.0,2322610.0,353144.5,5417.0,71947.5,148541.25,3,1,3,1.2,1.0,1.0,1.0,1,3,2.0,2.0,1.75,2.25,"Hypergraph(num_v=18, num_e=9)",False,-0.6361935138702393
4588,HETIO,15-03-SpDtCuGcG-augA7,rewr,0.932342529296875,0.1828377246856689,1,9,8,0,8,34172.27,137,146276,35766.333333333336,1510.0,6714.0,20945.0,446.0,2322610.0,353144.5,5417.0,71947.5,148541.25,3,1,3,1.2,1.0,1.0,1.0,1,4,2.0,1.5,1.0,2.5,"Hypergraph(num_v=18, num_e=9)",False,-0.749504804611206
4589,HETIO,15-03-SpDtCuGcG-augA8,rewr,0.9193179607391357,0.2205832004547119,1,9,8,0,8,34172.27,137,146276,35766.333333333336,1510.0,6714.0,20945.0,446.0,2322610.0,353144.5,5417.0,71947.5,148541.25,4,1,3,1.2,1.0,1.0,1.0,1,3,2.0,2.0,1.75,2.25,"Hypergraph(num_v=18, num_e=9)",False,-0.6987347602844238
4590,HETIO,15-04-SpDtCdGrG,rewr,7.042638540267944,0.4270431995391845,1,9,8,0,8,44526.74,137,156278,40288.333333333336,1510.0,6714.0,20945.0,446.0,4322103.0,605478.625,5417.0,89635.5,160941.25,4,1,3,1.2,1.0,1.0,1.0,1,3,2.0,2.0,1.75,2.25,"Hypergraph(num_v=18, num_e=9)",True,-6.61559534072876
4591,HETIO,15-04-SpDtCdGrG-augA1,rewr,7.897435426712036,0.4290506839752197,1,9,8,0,8,44526.74,137,156278,40288.333333333336,1510.0,6714.0,20945.0,446.0,4322103.0,605478.625,5417.0,89635.5,160941.25,3,1,3,1.2,1.0,1.0,1.0,1,3,2.0,2.0,1.75,2.25,"Hypergraph(num_v=18, num_e=9)",False,-7.468384742736816
4592,HETIO,15-04-SpDtCdGrG-augA2,rewr,7.906490087509155,0.3515605926513672,1,9,8,0,8,44526.74,137,156278,40288.333333333336,1510.0,6714.0,20945.0,446.0,4322103.0,605478.625,5417.0,89635.5,160941.25,3,1,3,1.2,1.0,1.0,1.0,1,3,2.0,2.0,1.75,2.25,"Hypergraph(num_v=18, num_e=9)",False,-7.554929494857788
4593,HETIO,15-04-SpDtCdGrG-augA3,rewr,7.505882024765015,0.4146389961242676,1,9,8,0,8,44526.74,137,156278,40288.333333333336,1510.0,6714.0,20945.0,446.0,4322103.0,605478.625,5417.0,89635.5,160941.25,3,1,3,1.2,1.0,1.0,1.0,1,3,2.0,2.0,1.75,2.25,"Hypergraph(num_v=18, num_e=9)",False,-7.091243028640747
4594,HETIO,15-04-SpDtCdGrG-augA4,rewr,7.485539674758911,0.345947265625,1,9,8,0,8,44526.74,137,156278,40288.333333333336,1510.0,6714.0,20945.0,446.0,4322103.0,605478.625,5417.0,89635.5,160941.25,3,1,3,1.2,1.0,1.0,1.0,1,3,2.0,2.0,1.0,3.0,"Hypergraph(num_v=18, num_e=9)",False,-7.139592409133911
4595,HETIO,15-04-SpDtCdGrG-augA5,rewr,7.49762487411499,0.3474915027618408,1,9,8,0,8,44526.74,137,156278,40288.333333333336,1510.0,6714.0,20945.0,446.0,4322103.0,605478.625,5417.0,89635.5,160941.25,3,1,3,1.2,1.0,1.0,1.0,1,4,2.0,1.5,1.0,2.5,"Hypergraph(num_v=18, num_e=9)",False,-7.150133371353149
4596,HETIO,15-04-SpDtCdGrG-augA6,rewr,5.913815498352051,0.4201526641845703,1,9,8,0,8,44186.74,137,156278,40288.333333333336,1510.0,6714.0,20945.0,446.0,4322103.0,605478.625,5417.0,89635.5,160941.25,3,1,3,1.2,1.0,1.0,1.0,1,3,2.0,2.0,1.75,2.25,"Hypergraph(num_v=18, num_e=9)",False,-5.4936628341674805
4597,HETIO,15-04-SpDtCdGrG-augA7,rewr,6.0433690547943115,0.4200589656829834,1,9,8,0,8,44186.74,137,156278,40288.333333333336,1510.0,6714.0,20945.0,446.0,4322103.0,605478.625,5417.0,89635.5,160941.25,3,1,3,1.2,1.0,1.0,1.0,2,2,2.0,2.0,2.0,2.0,"Hypergraph(num_v=18, num_e=9)",False,-5.623310089111328
4598,HETIO,15-04-SpDtCdGrG-augA8,rewr,6.480215072631836,0.3802406787872314,1,9,8,0,8,44490.74,137,156278,40288.333333333336,1510.0,6714.0,20945.0,446.0,4322103.0,605478.625,5417.0,89635.5,160941.25,4,1,3,1.2,1.0,1.0,1.0,1,3,2.0,2.0,1.0,3.0,"Hypergraph(num_v=18, num_e=9)",False,-6.0999743938446045
4599,HETIO,15-05-SpDtCdGiG,rewr,4.692627668380737,0.5136094093322754,1,9,8,0,8,47751.26,137,173134,42161.22222222222,1510.0,6714.0,20945.0,446.0,4647410.0,650356.0,5417.0,98063.5,173583.25,4,1,3,1.2,1.0,1.0,1.0,1,3,2.0,2.0,1.75,2.25,"Hypergraph(num_v=18, num_e=9)",True,-4.179018259048462
4600,HETIO,15-05-SpDtCdGiG-augA1,rewr,5.257510185241699,0.4294056892395019,1,9,8,0,8,47751.26,137,173134,42161.22222222222,1510.0,6714.0,20945.0,446.0,4647410.0,650356.0,5417.0,98063.5,173583.25,3,1,3,1.2,1.0,1.0,1.0,1,4,2.0,1.5,1.0,2.5,"Hypergraph(num_v=18, num_e=9)",False,-4.828104496002197
4601,HETIO,15-05-SpDtCdGiG-augA2,rewr,5.25049352645874,0.5151481628417969,1,9,8,0,8,47751.26,137,173134,42161.22222222222,1510.0,6714.0,20945.0,446.0,4647410.0,650356.0,5417.0,98063.5,173583.25,3,1,3,1.2,1.0,1.0,1.0,1,4,2.0,1.5,1.0,2.5,"Hypergraph(num_v=18, num_e=9)",False,-4.735345363616943
4602,HETIO,15-05-SpDtCdGiG-augA3,rewr,4.962176322937012,0.513139009475708,1,9,8,0,8,47751.26,137,173134,42161.22222222222,1510.0,6714.0,20945.0,446.0,4647410.0,650356.0,5417.0,98063.5,173583.25,3,1,3,1.2,1.0,1.0,1.0,1,3,2.0,2.0,1.75,2.25,"Hypergraph(num_v=18, num_e=9)",False,-4.449037313461304
4603,HETIO,15-05-SpDtCdGiG-augA4,rewr,4.9617836475372314,0.5003249645233154,1,9,8,0,8,47751.26,137,173134,42161.22222222222,1510.0,6714.0,20945.0,446.0,4647410.0,650356.0,5417.0,98063.5,173583.25,3,1,3,1.2,1.0,1.0,1.0,2,2,2.0,2.0,2.0,2.0,"Hypergraph(num_v=18, num_e=9)",False,-4.461458683013916
4604,HETIO,15-05-SpDtCdGiG-augA5,rewr,4.971353054046631,0.5119400024414062,1,9,8,0,8,47751.26,137,173134,42161.22222222222,1510.0,6714.0,20945.0,446.0,4647410.0,650356.0,5417.0,98063.5,173583.25,3,1,3,1.2,1.0,1.0,1.0,1,4,2.0,1.5,1.0,2.5,"Hypergraph(num_v=18, num_e=9)",False,-4.459413051605225
4605,HETIO,15-05-SpDtCdGiG-augA6,rewr,3.9106523990631104,0.4989173412322998,1,9,8,0,8,47411.26,137,173134,42161.22222222222,1510.0,6714.0,20945.0,446.0,4647410.0,650356.0,5417.0,98063.5,173583.25,3,1,3,1.2,1.0,1.0,1.0,1,3,2.0,2.0,1.75,2.25,"Hypergraph(num_v=18, num_e=9)",False,-3.4117350578308105
4606,HETIO,15-05-SpDtCdGiG-augA7,rewr,4.019005537033081,0.5000107288360596,1,9,8,0,8,47411.26,137,173134,42161.22222222222,1510.0,6714.0,20945.0,446.0,4647410.0,650356.0,5417.0,98063.5,173583.25,3,1,3,1.2,1.0,1.0,1.0,2,2,2.0,2.0,2.0,2.0,"Hypergraph(num_v=18, num_e=9)",False,-3.5189948081970215
4607,HETIO,15-05-SpDtCdGiG-augA8,rewr,4.176864385604858,0.2820758819580078,1,9,8,0,8,47749.26,137,173134,42161.22222222222,1510.0,6714.0,20945.0,446.0,4647410.0,650356.0,5417.0,98063.5,173583.25,4,1,3,1.2,1.0,1.0,1.0,1,3,2.0,2.0,1.75,2.25,"Hypergraph(num_v=18, num_e=9)",False,-3.8947885036468506
4608,HETIO,15-06-SpDtCdGcG,rewr,1.1540577411651611,0.1861748695373535,1,9,8,0,8,30384.55,137,154076,36633.0,1510.0,6714.0,20945.0,446.0,1953716.0,301205.75,5417.0,73186.5,136267.75,4,1,3,1.2,1.0,1.0,1.0,1,3,2.0,2.0,1.75,2.25,"Hypergraph(num_v=18, num_e=9)",True,-0.9678828716278076
4609,HETIO,15-06-SpDtCdGcG-augA1,rewr,1.2525787353515625,0.1867797374725341,1,9,8,0,8,30384.55,137,154076,36633.0,1510.0,6714.0,20945.0,446.0,1953716.0,301205.75,5417.0,73186.5,136267.75,3,1,3,1.2,1.0,1.0,1.0,1,3,2.0,2.0,1.75,2.25,"Hypergraph(num_v=18, num_e=9)",False,-1.0657989978790283
4610,HETIO,15-06-SpDtCdGcG-augA2,rewr,1.2474877834320068,0.2778594493865967,1,9,8,0,8,30384.55,137,154076,36633.0,1510.0,6714.0,20945.0,446.0,1953716.0,301205.75,5417.0,73186.5,136267.75,3,1,3,1.2,1.0,1.0,1.0,1,4,2.0,1.5,1.0,2.5,"Hypergraph(num_v=18, num_e=9)",False,-0.9696283340454102
4611,HETIO,15-06-SpDtCdGcG-augA3,rewr,1.197512149810791,0.2796285152435303,1,9,8,0,8,30384.55,137,154076,36633.0,1510.0,6714.0,20945.0,446.0,1953716.0,301205.75,5417.0,73186.5,136267.75,3,1,3,1.2,1.0,1.0,1.0,1,4,2.0,1.5,1.0,2.5,"Hypergraph(num_v=18, num_e=9)",False,-0.9178836345672607
4612,HETIO,15-06-SpDtCdGcG-augA4,rewr,1.1932623386383057,0.1882870197296142,1,9,8,0,8,30384.55,137,154076,36633.0,1510.0,6714.0,20945.0,446.0,1953716.0,301205.75,5417.0,73186.5,136267.75,3,1,3,1.2,1.0,1.0,1.0,1,3,2.0,2.0,1.75,2.25,"Hypergraph(num_v=18, num_e=9)",False,-1.0049753189086914
4613,HETIO,15-06-SpDtCdGcG-augA5,rewr,1.2163870334625244,0.1886141300201416,1,9,8,0,8,30384.55,137,154076,36633.0,1510.0,6714.0,20945.0,446.0,1953716.0,301205.75,5417.0,73186.5,136267.75,3,1,3,1.2,1.0,1.0,1.0,1,4,2.0,1.5,1.0,2.5,"Hypergraph(num_v=18, num_e=9)",False,-1.0277729034423828
4614,HETIO,15-06-SpDtCdGcG-augA6,rewr,0.9600200653076172,0.2380504608154297,1,9,8,0,8,30384.55,137,154076,36633.0,1510.0,6714.0,20945.0,446.0,1953716.0,301205.75,5417.0,73186.5,136267.75,3,1,3,1.2,1.0,1.0,1.0,1,3,2.0,2.0,1.75,2.25,"Hypergraph(num_v=18, num_e=9)",False,-0.7219696044921875
4615,HETIO,15-06-SpDtCdGcG-augA7,rewr,1.0097525119781494,0.2739017009735107,1,9,8,0,8,30384.55,137,154076,36633.0,1510.0,6714.0,20945.0,446.0,1953716.0,301205.75,5417.0,73186.5,136267.75,3,1,3,1.2,1.0,1.0,1.0,1,3,2.0,2.0,1.0,3.0,"Hypergraph(num_v=18, num_e=9)",False,-0.7358508110046387
4616,HETIO,15-06-SpDtCdGcG-augA8,rewr,0.9660155773162842,0.2081022262573242,1,9,8,0,8,30384.55,137,154076,36633.0,1510.0,6714.0,20945.0,446.0,1953716.0,301205.75,5417.0,73186.5,136267.75,4,1,3,1.2,1.0,1.0,1.0,1,3,2.0,2.0,1.75,2.25,"Hypergraph(num_v=18, num_e=9)",False,-0.75791335105896
4617,HETIO,15-07-SpDtCbGrG,rewr,1.8924293518066406,0.2459964752197265,1,9,8,0,8,24355.2,137,265672,37895.0,1510.0,6714.0,20945.0,446.0,2109372.0,336828.5,4715.25,22668.5,265672.0,4,1,3,1.2,1.0,1.0,1.0,1,3,2.0,2.0,1.0,3.0,"Hypergraph(num_v=18, num_e=9)",True,-1.646432876586914
4618,HETIO,15-07-SpDtCbGrG-augA1,rewr,2.111429452896118,0.2401130199432373,1,9,8,0,8,24355.2,137,265672,37895.0,1510.0,6714.0,20945.0,446.0,2109372.0,336828.5,4715.25,22668.5,265672.0,3,1,3,1.2,1.0,1.0,1.0,1,4,2.0,1.5,1.0,2.5,"Hypergraph(num_v=18, num_e=9)",False,-1.8713164329528809
4619,HETIO,15-07-SpDtCbGrG-augA2,rewr,2.113999605178833,0.2475302219390869,1,9,8,0,8,24355.2,137,265672,37895.0,1510.0,6714.0,20945.0,446.0,2109372.0,336828.5,4715.25,22668.5,265672.0,3,1,3,1.2,1.0,1.0,1.0,1,3,2.0,2.0,1.75,2.25,"Hypergraph(num_v=18, num_e=9)",False,-1.866469383239746
4620,HETIO,15-07-SpDtCbGrG-augA3,rewr,2.032343864440918,0.3724689483642578,1,9,8,0,8,24355.2,137,265672,37895.0,1510.0,6714.0,20945.0,446.0,2109372.0,336828.5,4715.25,22668.5,265672.0,3,1,3,1.2,1.0,1.0,1.0,1,3,2.0,2.0,1.75,2.25,"Hypergraph(num_v=18, num_e=9)",False,-1.6598749160766602
4621,HETIO,15-07-SpDtCbGrG-augA4,rewr,2.0322206020355225,0.3723287582397461,1,9,8,0,8,24355.2,137,265672,37895.0,1510.0,6714.0,20945.0,446.0,2109372.0,336828.5,4715.25,22668.5,265672.0,3,1,3,1.2,1.0,1.0,1.0,2,2,2.0,2.0,2.0,2.0,"Hypergraph(num_v=18, num_e=9)",False,-1.6598918437957764
4622,HETIO,15-07-SpDtCbGrG-augA5,rewr,2.0333430767059326,0.2466561794281005,1,9,8,0,8,24355.2,137,265672,37895.0,1510.0,6714.0,20945.0,446.0,2109372.0,336828.5,4715.25,22668.5,265672.0,3,1,3,1.2,1.0,1.0,1.0,1,4,2.0,1.5,1.0,2.5,"Hypergraph(num_v=18, num_e=9)",False,-1.786686897277832
4623,HETIO,15-07-SpDtCbGrG-augA6,rewr,1.6011476516723633,0.2476558685302734,1,9,8,0,8,24289.2,137,265672,37895.0,1510.0,6714.0,20945.0,446.0,2109372.0,336828.5,4715.25,22668.5,265672.0,3,1,3,1.2,1.0,1.0,1.0,1,4,2.0,1.5,1.0,2.5,"Hypergraph(num_v=18, num_e=9)",False,-1.3534917831420898
4624,HETIO,15-07-SpDtCbGrG-augA7,rewr,1.6479425430297852,0.2459142208099365,1,9,8,0,8,24289.2,137,265672,37895.0,1510.0,6714.0,20945.0,446.0,2109372.0,336828.5,4715.25,22668.5,265672.0,3,1,3,1.2,1.0,1.0,1.0,1,4,2.0,1.5,1.0,2.5,"Hypergraph(num_v=18, num_e=9)",False,-1.4020283222198486
4625,HETIO,15-07-SpDtCbGrG-augA8,rewr,1.7868235111236572,0.3425061702728271,1,9,8,0,8,24807.2,137,265672,37895.0,1510.0,6714.0,20945.0,446.0,2109372.0,336828.5,4715.25,22668.5,265672.0,4,1,3,1.2,1.0,1.0,1.0,1,3,2.0,2.0,1.75,2.25,"Hypergraph(num_v=18, num_e=9)",False,-1.44431734085083
4626,HETIO,15-08-SpDtCbGiG,rewr,1.5487861633300781,0.273998498916626,1,9,8,0,8,23485.95,137,294328,41079.0,1510.0,6714.0,20945.0,446.0,1069298.0,213983.25,4715.25,22668.5,294328.0,4,1,3,1.2,1.0,1.0,1.0,1,3,2.0,2.0,1.0,3.0,"Hypergraph(num_v=18, num_e=9)",True,-1.2747876644134521
4627,HETIO,15-08-SpDtCbGiG-augA1,rewr,1.7161023616790771,0.4190733432769775,1,9,8,0,8,23485.95,137,294328,41079.0,1510.0,6714.0,20945.0,446.0,1069298.0,213983.25,4715.25,22668.5,294328.0,3,1,3,1.2,1.0,1.0,1.0,1,3,2.0,2.0,1.75,2.25,"Hypergraph(num_v=18, num_e=9)",False,-1.2970290184020996
4628,HETIO,15-08-SpDtCbGiG-augA2,rewr,1.7147583961486816,0.4183096885681152,1,9,8,0,8,23485.95,137,294328,41079.0,1510.0,6714.0,20945.0,446.0,1069298.0,213983.25,4715.25,22668.5,294328.0,3,1,3,1.2,1.0,1.0,1.0,1,4,2.0,1.5,1.0,2.5,"Hypergraph(num_v=18, num_e=9)",False,-1.2964487075805664
4629,HETIO,15-08-SpDtCbGiG-augA3,rewr,1.655245304107666,0.4149515628814697,1,9,8,0,8,23485.95,137,294328,41079.0,1510.0,6714.0,20945.0,446.0,1069298.0,213983.25,4715.25,22668.5,294328.0,3,1,3,1.2,1.0,1.0,1.0,2,2,2.0,2.0,2.0,2.0,"Hypergraph(num_v=18, num_e=9)",False,-1.2402937412261963
4630,HETIO,15-08-SpDtCbGiG-augA4,rewr,1.6614034175872803,0.4116408824920654,1,9,8,0,8,23485.95,137,294328,41079.0,1510.0,6714.0,20945.0,446.0,1069298.0,213983.25,4715.25,22668.5,294328.0,3,1,3,1.2,1.0,1.0,1.0,1,4,2.0,1.5,1.0,2.5,"Hypergraph(num_v=18, num_e=9)",False,-1.2497625350952148
4631,HETIO,15-08-SpDtCbGiG-augA5,rewr,1.662665843963623,0.2691395282745361,1,9,8,0,8,23485.95,137,294328,41079.0,1510.0,6714.0,20945.0,446.0,1069298.0,213983.25,4715.25,22668.5,294328.0,3,1,3,1.2,1.0,1.0,1.0,1,3,2.0,2.0,1.0,3.0,"Hypergraph(num_v=18, num_e=9)",False,-1.393526315689087
4632,HETIO,15-08-SpDtCbGiG-augA6,rewr,1.3238201141357422,0.2749733924865722,1,9,8,0,8,23419.95,137,294328,41079.0,1510.0,6714.0,20945.0,446.0,1069298.0,213983.25,4715.25,22668.5,294328.0,3,1,3,1.2,1.0,1.0,1.0,1,4,2.0,1.5,1.0,2.5,"Hypergraph(num_v=18, num_e=9)",False,-1.04884672164917
4633,HETIO,15-08-SpDtCbGiG-augA7,rewr,1.3552072048187256,0.2677774429321289,1,9,8,0,8,23419.95,137,294328,41079.0,1510.0,6714.0,20945.0,446.0,1069298.0,213983.25,4715.25,22668.5,294328.0,3,1,3,1.2,1.0,1.0,1.0,1,3,2.0,2.0,1.0,3.0,"Hypergraph(num_v=18, num_e=9)",False,-1.0874297618865967
4634,HETIO,15-08-SpDtCbGiG-augA8,rewr,1.4215548038482666,0.2312064170837402,1,9,8,0,8,23993.95,137,294328,41079.0,1510.0,6714.0,20945.0,446.0,1069298.0,213983.25,4715.25,22668.5,294328.0,4,1,3,1.2,1.0,1.0,1.0,1,3,2.0,2.0,1.75,2.25,"Hypergraph(num_v=18, num_e=9)",False,-1.1903483867645264
4635,HETIO,15-09-SpDtCbGcG,rewr,0.36298418045043945,0.2050504684448242,1,9,8,0,8,10041.76,137,123380,22084.777777777777,1510.0,6714.0,20945.0,446.0,472248.0,96615.0,4715.25,22668.5,123380.0,4,1,3,1.2,1.0,1.0,1.0,1,3,2.0,2.0,1.75,2.25,"Hypergraph(num_v=18, num_e=9)",True,-0.15793371200561526
4636,HETIO,15-09-SpDtCbGcG-augA1,rewr,0.3891782760620117,0.1948294639587402,1,9,8,0,8,10041.76,137,123380,22084.777777777777,1510.0,6714.0,20945.0,446.0,472248.0,96615.0,4715.25,22668.5,123380.0,3,1,3,1.2,1.0,1.0,1.0,1,4,2.0,1.5,1.0,2.5,"Hypergraph(num_v=18, num_e=9)",False,-0.1943488121032715
4637,HETIO,15-09-SpDtCbGcG-augA2,rewr,0.38889002799987793,0.1461777687072754,1,9,8,0,8,10041.76,137,123380,22084.777777777777,1510.0,6714.0,20945.0,446.0,472248.0,96615.0,4715.25,22668.5,123380.0,3,1,3,1.2,1.0,1.0,1.0,1,3,2.0,2.0,1.75,2.25,"Hypergraph(num_v=18, num_e=9)",False,-0.24271225929260254
4638,HETIO,15-09-SpDtCbGcG-augA3,rewr,0.38402342796325684,0.1963546276092529,1,9,8,0,8,10041.76,137,123380,22084.777777777777,1510.0,6714.0,20945.0,446.0,472248.0,96615.0,4715.25,22668.5,123380.0,3,1,3,1.2,1.0,1.0,1.0,1,4,2.0,1.5,1.0,2.5,"Hypergraph(num_v=18, num_e=9)",False,-0.18766880035400393
4639,HETIO,15-09-SpDtCbGcG-augA4,rewr,0.3825259208679199,0.1456966400146484,1,9,8,0,8,10041.76,137,123380,22084.777777777777,1510.0,6714.0,20945.0,446.0,472248.0,96615.0,4715.25,22668.5,123380.0,3,1,3,1.2,1.0,1.0,1.0,1,3,2.0,2.0,1.0,3.0,"Hypergraph(num_v=18, num_e=9)",False,-0.2368292808532715
4640,HETIO,15-09-SpDtCbGcG-augA5,rewr,0.388730525970459,0.1972773075103759,1,9,8,0,8,10041.76,137,123380,22084.777777777777,1510.0,6714.0,20945.0,446.0,472248.0,96615.0,4715.25,22668.5,123380.0,3,1,3,1.2,1.0,1.0,1.0,1,3,2.0,2.0,1.75,2.25,"Hypergraph(num_v=18, num_e=9)",False,-0.1914532184600831
4641,HETIO,15-09-SpDtCbGcG-augA6,rewr,0.3296182155609131,0.1452293395996093,1,9,8,0,8,10041.76,137,123380,22084.777777777777,1510.0,6714.0,20945.0,446.0,472248.0,96615.0,4715.25,22668.5,123380.0,3,1,3,1.2,1.0,1.0,1.0,1,4,2.0,1.5,1.0,2.5,"Hypergraph(num_v=18, num_e=9)",False,-0.1843888759613038
4642,HETIO,15-09-SpDtCbGcG-augA7,rewr,0.3299245834350586,0.2029240131378173,1,9,8,0,8,10041.76,137,123380,22084.777777777777,1510.0,6714.0,20945.0,446.0,472248.0,96615.0,4715.25,22668.5,123380.0,3,1,3,1.2,1.0,1.0,1.0,1,3,2.0,2.0,1.75,2.25,"Hypergraph(num_v=18, num_e=9)",False,-0.1270005702972413
4643,HETIO,15-09-SpDtCbGcG-augA8,rewr,0.34549546241760254,0.1793625354766845,1,9,8,0,8,10041.76,137,123380,22084.777777777777,1510.0,6714.0,20945.0,446.0,472248.0,96615.0,4715.25,22668.5,123380.0,4,1,3,1.2,1.0,1.0,1.0,1,3,2.0,2.0,1.75,2.25,"Hypergraph(num_v=18, num_e=9)",False,-0.16613292694091805
4644,HETIO,16-01-SpDtCuGrGuA,rewr,42.64395046234131,0.6439979076385498,1,11,10,0,10,41534.0,137,156278,45588.454545454544,974.0,6714.0,83610.5,446.0,3746812.0,424112.0,5327.0,12974.5,113947.0,5,1,3,1.1578947368421053,1.0,1.0,1.0,1,3,2.0,2.0,1.0,3.0,"Hypergraph(num_v=22, num_e=11)",True,-41.99995255470276
4645,HETIO,16-01-SpDtCuGrGuA-augA1,rewr,48.25018000602722,0.4441127777099609,1,11,10,0,10,41534.0,137,156278,45588.454545454544,974.0,6714.0,83610.5,446.0,3746812.0,424112.0,5327.0,12974.5,113947.0,4,1,3,1.1578947368421053,1.0,1.0,1.0,1,3,2.0,2.0,2.0,2.0,"Hypergraph(num_v=22, num_e=11)",False,-47.80606722831726
4646,HETIO,16-01-SpDtCuGrGuA-augA2,rewr,48.65824604034424,0.5129969120025635,1,11,10,0,10,41534.0,137,156278,45588.454545454544,974.0,6714.0,83610.5,446.0,3746812.0,424112.0,5327.0,12974.5,113947.0,4,1,3,1.1578947368421053,1.0,1.0,1.0,1,4,2.0,2.0,1.0,2.0,"Hypergraph(num_v=22, num_e=11)",False,-48.145249128341675
4647,HETIO,16-01-SpDtCuGrGuA-augA3,rewr,46.01360058784485,0.6302340030670166,1,11,10,0,10,41534.0,137,156278,45588.454545454544,974.0,6714.0,83610.5,446.0,3746812.0,424112.0,5327.0,12974.5,113947.0,3,1,3,1.1578947368421053,1.0,1.0,1.0,1,3,2.0,2.0,1.0,3.0,"Hypergraph(num_v=22, num_e=11)",False,-45.38336658477783
4648,HETIO,16-01-SpDtCuGrGuA-augA4,rewr,46.110600233078,0.490077257156372,1,11,10,0,10,41534.0,137,156278,45588.454545454544,974.0,6714.0,83610.5,446.0,3746812.0,424112.0,5327.0,12974.5,113947.0,3,1,3,1.1578947368421053,1.0,1.0,1.0,1,4,2.0,2.0,1.0,2.0,"Hypergraph(num_v=22, num_e=11)",False,-45.62052297592163
4649,HETIO,16-01-SpDtCuGrGuA-augA5,rewr,46.01731491088867,0.5629160404205322,1,11,10,0,10,41534.0,137,156278,45588.454545454544,974.0,6714.0,83610.5,446.0,3746812.0,424112.0,5327.0,12974.5,113947.0,3,1,3,1.1578947368421053,1.0,1.0,1.0,2,2,2.0,2.0,2.0,2.0,"Hypergraph(num_v=22, num_e=11)",False,-45.45439887046814
4650,HETIO,16-01-SpDtCuGrGuA-augA6,rewr,35.8309440612793,0.490156888961792,1,11,10,0,10,41534.0,137,156278,45588.454545454544,974.0,6714.0,83610.5,446.0,3746812.0,424112.0,5327.0,12974.5,113947.0,3,1,3,1.1578947368421053,1.0,1.0,1.0,1,3,2.0,2.0,1.0,3.0,"Hypergraph(num_v=22, num_e=11)",False,-35.340787172317505
4651,HETIO,16-01-SpDtCuGrGuA-augA7,rewr,37.07057809829712,0.5070698261260986,1,11,10,0,10,41534.0,137,156278,45588.454545454544,974.0,6714.0,83610.5,446.0,3746812.0,424112.0,5327.0,12974.5,113947.0,3,1,3,1.1578947368421053,1.0,1.0,1.0,1,3,2.0,2.0,1.0,3.0,"Hypergraph(num_v=22, num_e=11)",False,-36.56350827217102
4652,HETIO,16-01-SpDtCuGrGuA-augA8,rewr,38.02720022201538,0.5446240901947021,1,11,10,0,10,41534.0,137,156278,45588.454545454544,974.0,6714.0,83610.5,446.0,3746812.0,424112.0,5327.0,12974.5,113947.0,4,1,3,1.1578947368421053,1.0,1.0,1.0,1,3,2.0,2.0,1.0,3.0,"Hypergraph(num_v=22, num_e=11)",False,-37.48257613182068
4653,HETIO,16-01-SpDtCuGrGuA-augA9,rewr,67.9128270149231,0.4730994701385498,1,11,10,0,10,41534.0,137,156278,45588.454545454544,974.0,6714.0,83610.5,446.0,3746812.0,424112.0,5327.0,12974.5,113947.0,5,1,3,1.1578947368421053,1.0,1.0,1.0,1,3,2.0,2.0,2.0,2.0,"Hypergraph(num_v=22, num_e=11)",False,-67.43972754478455
4654,HETIO,16-01-SpDtCuGrGuA-augA10,rewr,68.05346393585205,0.3955938816070556,1,11,10,0,10,41534.0,137,156278,45588.454545454544,974.0,6714.0,83610.5,446.0,3746812.0,424112.0,5327.0,12974.5,113947.0,5,1,3,1.1578947368421053,1.0,1.0,1.0,1,3,2.0,2.0,1.0,3.0,"Hypergraph(num_v=22, num_e=11)",False,-67.657870054245
4655,HETIO,16-02-SpDtCuGrGdA,rewr,42.001548767089844,0.5887384414672852,1,11,10,0,10,48624.7,137,156278,46297.545454545456,974.0,6714.0,83610.5,446.0,4759957.0,531717.3,5564.5,13235.5,144759.0,5,1,3,1.1578947368421053,1.0,1.0,1.0,1,3,2.0,2.0,2.0,2.0,"Hypergraph(num_v=22, num_e=11)",True,-41.41281032562256
4656,HETIO,16-02-SpDtCuGrGdA-augA1,rewr,47.50982069969177,0.5090258121490479,1,11,10,0,10,48624.7,137,156278,46297.545454545456,974.0,6714.0,83610.5,446.0,4759957.0,531717.3,5564.5,13235.5,144759.0,4,1,3,1.1578947368421053,1.0,1.0,1.0,1,3,2.0,2.0,2.0,2.0,"Hypergraph(num_v=22, num_e=11)",False,-47.000794887542725
4657,HETIO,16-02-SpDtCuGrGdA-augA2,rewr,47.530447483062744,0.4305462837219238,1,11,10,0,10,48624.7,137,156278,46297.545454545456,974.0,6714.0,83610.5,446.0,4759957.0,531717.3,5564.5,13235.5,144759.0,4,1,3,1.1578947368421053,1.0,1.0,1.0,1,3,2.0,2.0,1.0,3.0,"Hypergraph(num_v=22, num_e=11)",False,-47.09990119934082
4658,HETIO,16-02-SpDtCuGrGdA-augA3,rewr,45.41353249549866,0.6322612762451172,1,11,10,0,10,48624.7,137,156278,46297.545454545456,974.0,6714.0,83610.5,446.0,4759957.0,531717.3,5564.5,13235.5,144759.0,3,1,3,1.1578947368421053,1.0,1.0,1.0,1,3,2.0,2.0,1.0,3.0,"Hypergraph(num_v=22, num_e=11)",False,-44.78127121925354
4659,HETIO,16-02-SpDtCuGrGdA-augA4,rewr,45.331268072128296,0.4916141033172607,1,11,10,0,10,48624.7,137,156278,46297.545454545456,974.0,6714.0,83610.5,446.0,4759957.0,531717.3,5564.5,13235.5,144759.0,3,1,3,1.1578947368421053,1.0,1.0,1.0,1,3,2.0,2.0,1.0,3.0,"Hypergraph(num_v=22, num_e=11)",False,-44.839653968811035
4660,HETIO,16-02-SpDtCuGrGdA-augA5,rewr,45.248987913131714,0.4877345561981201,1,11,10,0,10,48624.7,137,156278,46297.545454545456,974.0,6714.0,83610.5,446.0,4759957.0,531717.3,5564.5,13235.5,144759.0,3,1,3,1.1578947368421053,1.0,1.0,1.0,1,3,2.0,2.0,1.0,3.0,"Hypergraph(num_v=22, num_e=11)",False,-44.761253356933594
4661,HETIO,16-02-SpDtCuGrGdA-augA6,rewr,35.32277870178223,0.5461773872375488,1,11,10,0,10,48624.7,137,156278,46297.545454545456,974.0,6714.0,83610.5,446.0,4759957.0,531717.3,5564.5,13235.5,144759.0,3,1,3,1.1578947368421053,1.0,1.0,1.0,2,2,2.0,2.0,2.0,2.0,"Hypergraph(num_v=22, num_e=11)",False,-34.77660131454468
4662,HETIO,16-02-SpDtCuGrGdA-augA7,rewr,36.347153663635254,0.5643315315246582,1,11,10,0,10,48624.7,137,156278,46297.545454545456,974.0,6714.0,83610.5,446.0,4759957.0,531717.3,5564.5,13235.5,144759.0,3,1,3,1.1578947368421053,1.0,1.0,1.0,1,4,2.0,2.0,1.0,2.0,"Hypergraph(num_v=22, num_e=11)",False,-35.782822132110596
4663,HETIO,16-02-SpDtCuGrGdA-augA8,rewr,37.450647830963135,0.4742655754089355,1,11,10,0,10,48624.7,137,156278,46297.545454545456,974.0,6714.0,83610.5,446.0,4759957.0,531717.3,5564.5,13235.5,144759.0,4,1,3,1.1578947368421053,1.0,1.0,1.0,1,3,2.0,2.0,2.0,2.0,"Hypergraph(num_v=22, num_e=11)",False,-36.9763822555542
4664,HETIO,16-02-SpDtCuGrGdA-augA9,rewr,66.75317788124084,0.5474278926849365,1,11,10,0,10,48624.7,137,156278,46297.545454545456,974.0,6714.0,83610.5,446.0,4759957.0,531717.3,5564.5,13235.5,144759.0,5,1,3,1.1578947368421053,1.0,1.0,1.0,1,3,2.0,2.0,2.0,2.0,"Hypergraph(num_v=22, num_e=11)",False,-66.20574998855591
4665,HETIO,16-02-SpDtCuGrGdA-augA10,rewr,66.84216237068176,0.4027645587921142,1,11,10,0,10,52792.7,137,156278,46297.545454545456,974.0,6714.0,83610.5,446.0,4759957.0,531717.3,5564.5,13235.5,144759.0,5,1,3,1.1578947368421053,1.0,1.0,1.0,1,3,2.0,2.0,1.0,3.0,"Hypergraph(num_v=22, num_e=11)",False,-66.43939781188965
4666,HETIO,16-03-SpDtCuGrGeA,rewr,100.0,0.9449081420898438,1,11,10,0,10,135495.78,137,438672,72169.90909090909,974.0,6714.0,83610.5,446.0,15495028.0,1640996.8,8031.0,18168.5,207088.25,5,1,3,1.1578947368421053,1.0,1.0,1.0,1,3,2.0,2.0,2.0,2.0,"Hypergraph(num_v=22, num_e=11)",True,-100.0
4667,HETIO,16-03-SpDtCuGrGe-augA1,rewr,100.0,0.8629581928253174,1,11,10,0,10,135495.78,137,438672,72169.90909090909,974.0,6714.0,83610.5,446.0,15495028.0,1640996.8,8031.0,18168.5,207088.25,4,1,3,1.1578947368421053,1.0,1.0,1.0,1,3,2.0,2.0,1.0,3.0,"Hypergraph(num_v=22, num_e=11)",False,-100.0
4668,HETIO,16-03-SpDtCuGrGe-augA2,rewr,100.0,0.7792313098907471,1,11,10,0,10,135495.78,137,438672,72169.90909090909,974.0,6714.0,83610.5,446.0,15495028.0,1640996.8,8031.0,18168.5,207088.25,4,1,3,1.1578947368421053,1.0,1.0,1.0,1,3,2.0,2.0,2.0,2.0,"Hypergraph(num_v=22, num_e=11)",False,-100.0
4669,HETIO,16-03-SpDtCuGrGe-augA3,rewr,100.0,0.8484570980072021,1,11,10,0,10,135495.78,137,438672,72169.90909090909,974.0,6714.0,83610.5,446.0,15495028.0,1640996.8,8031.0,18168.5,207088.25,3,1,3,1.1578947368421053,1.0,1.0,1.0,1,3,2.0,2.0,1.0,3.0,"Hypergraph(num_v=22, num_e=11)",False,-100.0
4670,HETIO,16-03-SpDtCuGrGe-augA4,rewr,100.0,0.864995002746582,1,11,10,0,10,135495.78,137,438672,72169.90909090909,974.0,6714.0,83610.5,446.0,15495028.0,1640996.8,8031.0,18168.5,207088.25,3,1,3,1.1578947368421053,1.0,1.0,1.0,1,3,2.0,2.0,2.0,2.0,"Hypergraph(num_v=22, num_e=11)",False,-100.0
4671,HETIO,16-03-SpDtCuGrGe-augA5,rewr,100.0,0.852057933807373,1,11,10,0,10,135495.78,137,438672,72169.90909090909,974.0,6714.0,83610.5,446.0,15495028.0,1640996.8,8031.0,18168.5,207088.25,3,1,3,1.1578947368421053,1.0,1.0,1.0,1,3,2.0,2.0,1.0,3.0,"Hypergraph(num_v=22, num_e=11)",False,-100.0
4672,HETIO,16-03-SpDtCuGrGe-augA6,rewr,100.0,1.055592060089111,1,11,10,0,10,135057.78,137,438672,72169.90909090909,974.0,6714.0,83610.5,446.0,15495028.0,1640996.8,8031.0,18168.5,207088.25,3,1,3,1.1578947368421053,1.0,1.0,1.0,1,4,2.0,2.0,1.0,2.0,"Hypergraph(num_v=22, num_e=11)",False,-100.0
4673,HETIO,16-03-SpDtCuGrGe-augA7,rewr,100.0,0.9456956386566162,1,11,10,0,10,135057.78,137,438672,72169.90909090909,974.0,6714.0,83610.5,446.0,15495028.0,1640996.8,8031.0,18168.5,207088.25,3,1,3,1.1578947368421053,1.0,1.0,1.0,1,3,2.0,2.0,1.0,3.0,"Hypergraph(num_v=22, num_e=11)",False,-100.0
4674,HETIO,16-03-SpDtCuGrGe-augA8,rewr,100.0,0.8379032611846924,1,11,10,0,10,135979.78,137,438672,72169.90909090909,974.0,6714.0,83610.5,446.0,15495028.0,1640996.8,8031.0,18168.5,207088.25,4,1,3,1.1578947368421053,1.0,1.0,1.0,1,4,2.0,2.0,1.0,2.0,"Hypergraph(num_v=22, num_e=11)",False,-100.0
4675,HETIO,16-03-SpDtCuGrGe-augA9,rewr,100.0,0.7550253868103027,1,11,10,0,10,135979.78,137,438672,72169.90909090909,974.0,6714.0,83610.5,446.0,15495028.0,1640996.8,8031.0,18168.5,207088.25,5,1,3,1.1578947368421053,1.0,1.0,1.0,1,3,2.0,2.0,1.0,3.0,"Hypergraph(num_v=22, num_e=11)",False,-100.0
4676,HETIO,16-03-SpDtCuGrGe-augA10,rewr,100.0,1.020726442337036,1,11,10,0,10,136899.78,137,438672,72169.90909090909,974.0,6714.0,83610.5,446.0,15495028.0,1640996.8,8031.0,18168.5,207088.25,5,1,3,1.1578947368421053,1.0,1.0,1.0,1,3,2.0,2.0,2.0,2.0,"Hypergraph(num_v=22, num_e=11)",False,-100.0
